1.189950713021933115e+00 1.232264520923022300e+00 1.253848444573033794e+00 1.258461432913756672e+00
1.255771274205879084e+00 1.257319956002519667e+00 1.239603306191659149e+00 1.197862671176183280e+00
1.235310831838881240e+00 1.190738852978711959e+00 1.137252161547602558e+00 1.065672813362702698e+00
1.128125312768836430e+00 1.055876743339403401e+00 9.944191040467019738e-01 9.366571036059446742e-01
9.856433388422947139e-01 9.306921720314060842e-01 9.054987766967845797e-01 9.126826635200905313e-01
9.040048386148399340e-01 9.170989243865542706e-01 9.683725775440198413e-01 1.081563740298252307e+00
9.799575376296761897e-01 1.101440220158919736e+00 1.260124259289908677e+00 1.510054511364024243e+00
1.289223593886428709e+00 1.548976527676930059e+00 1.834435310988088208e+00 2.232860611284837482e+00
1.883329680181603294e+00 2.291416789201605297e+00 2.701753315222093832e+00 3.235370178651500783e+00
2.769304163092309423e+00 3.311052488161706275e+00 3.827016291433964934e+00 4.470070269864950596e+00
3.909924549805283700e+00 4.559367274334929832e+00 5.158648855539657241e+00 5.887923358697722875e+00
5.253626365201411907e+00 5.988022801755864322e+00 6.654183716523945691e+00 7.454754875871055120e+00
