1.583446247435557325e+03 1.583446247435557325e+03 1.678646247435557370e+03 1.678646247435557370e+03
1.685446247435557325e+03 1.685446247435557325e+03 1.780646247435557370e+03 1.780646247435557370e+03
1.787446247435557325e+03 1.787446247435557325e+03 1.882646247435557370e+03 1.882646247435557370e+03
1.889446247435557325e+03 1.889446247435557325e+03 1.984646247435557370e+03 1.984646247435557370e+03
1.991446247435557325e+03 1.991446247435557325e+03 2.086646247435557143e+03 2.086646247435557143e+03
2.093446247435557325e+03 2.093446247435557325e+03 2.188646247435557143e+03 2.188646247435557143e+03
2.195446247435557325e+03 2.195446247435557325e+03 2.290646247435557143e+03 2.290646247435557143e+03
2.297446247435557325e+03 2.297446247435557325e+03 2.392646247435557143e+03 2.392646247435557143e+03
2.399446247435557325e+03 2.399446247435557325e+03 2.494646247435557143e+03 2.494646247435557143e+03
2.501446247435557325e+03 2.501446247435557325e+03 2.596646247435557143e+03 2.596646247435557143e+03
2.603446247435557325e+03 2.603446247435557325e+03 2.698646247435557143e+03 2.698646247435557143e+03
2.705446247435557325e+03 2.705446247435557325e+03 2.800646247435557143e+03 2.800646247435557143e+03
