KIC	    C15_vsini C15_evsini C15_P_rot	C15_eP_rot
3425851	9.5    0.5	7.873    0.001
3544595	2.0    0.5
3632418	7.75   1.0	12.591    0.036
4141376	3.5    0.5	15.78    2.12
4349452	8.2    0.2	23.147    0.039
4914423	3.8    0.7
5866724	10.4   0.5	7.911    0.155
6521045	2.9    0.5	24.988    2.192
7670943	13.5   0.6	5.274    0.033
8077137	7.7    0.5
8292840	10.4   0.5
8478994	1.1    1.1	28.79    3.29
8494142	8.9    0.5
8866102 15.0   0.5	20.850    0.007
9414417	9.3    0.5	10.847    0.002
9592705	9.4    0.5	13.380    0.099
9955598	1.6    0.5
10586004 3.4    0.5
10666592 3.8    0.5	  
10963065 3.4    0.5	12.444    0.172
11295426 0.5    0.5
11401755 4.9    1.0
11807274 11.7   0.6	7.553    0.755
11904151 1.9    0.5
