1435467
2837475
3427720
3456181
3632418
3656476
3735871
4914923
5184732
5773345
5950854
6106415
6116048
6225718
6508366
6603624
6679371
6933899
7103006
7106245
7206837
7296438
7510397
7680114
7771282
7871531
7940546
7970740
8006161
8150065
8179536
8228742
8379927
8394589
8424992
8694723
8760414
8938364
9025370
9098294
9139151
9139163
9206432
9353712
9410862
9414417
9812850
9955598
9965715
10068307
10079226
10162436
10454113
10516096
10644253
10730618
10963065
11081729
11253226
11772920
12009504
12069127
12069424
12069449
12258514
12317678
3425851
3544595
4141376
4143755
4349452
4914423
5094751
5866724
6196457
6278762
6521045
7670943
8077137
8292840
8349582
8478994
8494142
8554498
8866102
9592705
10514430
10586004
10666592
11133306
11295426
11401755
11807274
11853905
11904151
