0.000000000000000000e+00 5.963373432248266639e-316 3.969299680433429067e-01 1.950074043320348436e-06 4.014440622221463473e-01 6.372815645049183918e-06
3.010033444816053727e-01 2.189998225029524702e-308 4.010237485864539542e-01 5.022506469808977712e-06 4.025700369859410710e-01 1.710106786151555151e-05
6.020066889632107454e-01 1.274546817930855533e-300 4.051175291295650016e-01 1.169655418596211772e-05 4.036960117497358502e-01 4.123293110241704507e-05
9.030100334448161181e-01 5.877584627945600907e-293 4.092113096726760491e-01 2.463903597308545447e-05 4.048219865135305739e-01 8.966067362374329852e-05
1.204013377926421491e+00 2.147701364531933266e-285 4.133050902157870965e-01 4.696934821935817796e-05 4.059479612773252977e-01 1.766589351636764515e-04
1.505016722408026864e+00 6.218443458768668243e-278 4.173988707588981439e-01 8.107953795487976697e-05 4.070739360411200769e-01 3.171439082078272311e-04
1.806020066889632236e+00 1.426669016708500555e-270 4.214926513020091914e-01 1.268799754724964416e-04 4.081999108049148006e-01 5.218458628593445779e-04
2.107023411371237387e+00 2.593579244982486340e-263 4.255864318451202388e-01 1.803866488622602989e-04 4.093258855687095243e-01 7.913492756162580086e-04
2.408026755852842982e+00 3.736041070286591951e-256 4.296802123882312863e-01 2.340799798663649879e-04 4.104518603325042481e-01 1.110345532331791923e-03
2.709030100334448576e+00 4.264427472425432591e-249 4.337739929313423337e-01 2.800875036842191603e-04 4.115778350962990273e-01 1.444013191778301857e-03
3.010033444816053727e+00 3.856985546504129207e-242 4.378677734744533812e-01 3.157754369891013356e-04 4.127038098600937510e-01 1.740171085360416644e-03
3.311036789297658878e+00 2.764233802501167572e-235 4.419615540175644286e-01 3.495180607990034695e-04 4.138297846238884747e-01 1.941944486173152653e-03
3.612040133779264472e+00 1.569793028911369084e-228 4.460553345606754760e-01 4.035672759112056331e-04 4.149557593876832540e-01 2.011516764320707504e-03
3.913043478260870067e+00 7.064026903425789851e-222 4.501491151037865235e-01 5.119277914947484515e-04 4.160817341514779777e-01 1.955135843246400430e-03
4.214046822742474774e+00 2.518872451520389849e-215 4.542428956468975709e-01 7.135833787870719683e-04 4.172077089152727014e-01 1.831339328997654827e-03
4.515050167224080369e+00 7.117140648962392225e-209 4.583366761900086184e-01 1.043881186781362921e-03 4.183336836790674806e-01 1.730096484983541152e-03
4.816053511705685963e+00 1.593500559562741362e-202 4.624304567331196658e-01 1.527762495725141926e-03 4.194596584428622044e-01 1.730733752613946349e-03
5.117056856187291558e+00 2.827144865690124335e-196 4.665242372762307133e-01 2.177124397062669102e-03 4.205856332066569281e-01 1.865365648348248908e-03
5.418060200668897153e+00 3.974614959682383332e-190 4.706180178193417607e-01 2.991926784239990877e-03 4.217116079704517073e-01 2.113732308355583366e-03
5.719063545150501859e+00 4.427874783798831950e-184 4.747117983624528081e-01 3.963249091625172145e-03 4.228375827342464310e-01 2.432648955966899319e-03
6.020066889632107454e+00 3.908868927399057245e-178 4.788055789055638556e-01 5.078164530763802295e-03 4.239635574980411548e-01 2.796552820906629024e-03
6.321070234113713049e+00 2.734417167785010288e-172 4.828993594486748475e-01 6.329182338252974278e-03 4.250895322618358785e-01 3.217367609568273085e-03
6.622073578595317755e+00 1.515789336046344849e-166 4.869931399917858950e-01 7.730042850027571237e-03 4.262155070256306577e-01 3.728941368209445079e-03
6.923076923076923350e+00 6.658493974874443601e-161 4.910869205348969424e-01 9.332312719043939567e-03 4.273414817894253814e-01 4.349142153585085040e-03
7.224080267558528945e+00 2.317816778739019924e-155 4.951807010780079898e-01 1.122902421943781752e-02 4.284674565532201052e-01 5.049578127298575206e-03
7.525083612040134540e+00 6.393683457240037336e-150 4.992744816211190373e-01 1.353302491867753622e-02 4.295934313170148844e-01 5.758136846765710137e-03
7.826086956521740134e+00 1.397639888593864803e-144 5.033682621642301402e-01 1.633331044227727749e-02 4.307194060808096081e-01 6.397819104474392581e-03
8.127090301003345729e+00 2.421112382247995394e-139 5.074620427073411877e-01 1.965352666877203183e-02 4.318453808446043318e-01 6.939899234628346507e-03
8.428093645484949548e+00 3.323637844798107764e-134 5.115558232504522351e-01 2.344573286228715178e-02 4.329713556083991111e-01 7.436466936697633603e-03
8.729096989966555142e+00 3.615724361067694959e-129 5.156496037935631715e-01 2.763754460696001350e-02 4.340973303721938348e-01 8.009022515934223485e-03
9.030100334448160737e+00 3.117193902505659310e-124 5.197433843366743300e-01 3.221672755571397539e-02 4.352233051359885585e-01 8.799757390214327929e-03
9.331103678929766332e+00 2.129724592822522394e-119 5.238371648797852664e-01 3.730545700565426198e-02 4.363492798997833377e-01 9.913707401124882343e-03
9.632107023411371927e+00 1.153131102446493624e-114 5.279309454228964249e-01 4.317148305144462295e-02 4.374752546635780615e-01 1.137420307448903239e-02
9.933110367892977521e+00 4.948052332308719767e-110 5.320247259660073613e-01 5.015444387184749692e-02 4.386012294273727852e-01 1.309682876183542073e-02
1.023411371237458312e+01 1.682655687185512287e-105 5.361185065091185198e-01 5.853549204075863405e-02 4.397272041911675089e-01 1.488726490274064514e-02
1.053511705685618871e+01 4.534891613663611397e-101 5.402122870522294562e-01 6.841413236685878196e-02 4.408531789549622881e-01 1.648060865291525040e-02
1.083612040133779431e+01 9.686231739360639807e-97 5.443060675953406147e-01 7.965399498856567950e-02 4.419791537187570118e-01 1.762847105431130518e-02
1.113712374581939812e+01 1.639702353173915003e-92 5.483998481384515511e-01 9.192296052897210024e-02 4.431051284825517356e-01 1.819916599071469063e-02
1.143812709030100372e+01 2.199903754522000112e-88 5.524936286815627096e-01 1.048078306966519491e-01 4.442311032463465148e-01 1.823188945776467104e-02
1.173913043478260931e+01 2.339254534106652697e-84 5.565874092246736460e-01 1.179545728258773740e-01 4.453570780101412385e-01 1.791583132676604836e-02
1.204013377926421491e+01 1.971484890346225012e-80 5.606811897677848044e-01 1.311820319708788818e-01 4.464830527739359622e-01 1.752087867025858142e-02
1.234113712374582050e+01 1.316918995538222477e-76 5.647749703108957409e-01 1.445355539260625155e-01 4.476090275377307415e-01 1.732800171034552111e-02
1.264214046822742610e+01 6.972399026742193864e-73 5.688687508540067883e-01 1.582742210293450191e-01 4.487350023015254652e-01 1.758164043203856025e-02
1.294314381270903169e+01 2.925980340222432087e-69 5.729625313971178358e-01 1.728042667511446029e-01 4.498609770653201889e-01 1.845450940645286531e-02
1.324414715719063551e+01 9.732750145655696444e-66 5.770563119402288832e-01 1.885716320763408393e-01 4.509869518291149681e-01 2.000977038571087954e-02
1.354515050167224111e+01 2.566163846256711537e-62 5.811500924833399306e-01 2.059208507485346118e-01 4.521129265929096919e-01 2.215926116658144610e-02
1.384615384615384670e+01 5.363251730258586715e-59 5.852438730264509781e-01 2.249438508035391526e-01 4.532389013567044156e-01 2.463289051402889687e-02
1.414715719063545230e+01 8.885423920435195549e-56 5.893376535695620255e-01 2.453862806372885952e-01 4.543648761204991393e-01 2.698984328210327771e-02
1.444816053511705789e+01 1.166934370975092191e-52 5.934314341126730730e-01 2.667038414599419149e-01 4.554908508842939185e-01 2.870693555893523083e-02
1.474916387959866348e+01 1.214916072062412248e-49 5.975252146557841204e-01 2.883037941963839668e-01 4.566168256480886423e-01 2.935027403105178873e-02
1.505016722408026908e+01 1.002749093873595959e-46 6.016189951988951679e-01 3.098714904020882788e-01 4.577428004118833660e-01 2.877448388065897630e-02
1.535117056856187467e+01 6.561461954598593324e-44 6.057127757420062153e-01 3.315728002551522891e-01 4.588687751756781452e-01 2.724833753066220957e-02
1.565217391304348027e+01 3.403998728679663047e-41 6.098065562851172627e-01 3.539616421833460258e-01 4.599947499394728689e-01 2.542927295392346729e-02
1.595317725752508409e+01 1.400164415942018358e-38 6.139003368282283102e-01 3.776134016886402711e-01 4.611207247032675927e-01 2.419149576605517452e-02
1.625418060200669146e+01 4.566598640808128930e-36 6.179941173713393576e-01 4.027083041552038667e-01 4.622466994670623719e-01 2.438298071374377096e-02
1.655518394648829528e+01 1.181020935254184718e-33 6.220878979144504051e-01 4.288358053845279794e-01 4.633726742308570956e-01 2.659478758108827987e-02
1.685618729096989910e+01 2.422168703705647117e-31 6.261816784575614525e-01 4.551435519335055857e-01 4.644986489946518193e-01 3.099459192306747504e-02
1.715719063545150647e+01 3.939758682051354285e-29 6.302754590006725000e-01 4.807324237578219361e-01 4.656246237584465986e-01 3.726114286574711693e-02
1.745819397993311028e+01 5.082720661730795261e-27 6.343692395437835474e-01 5.050629964603526867e-01 4.667505985222413223e-01 4.466509607599503107e-02
1.775919732441471766e+01 5.201579778703405868e-25 6.384630200868945948e-01 5.281601701646618796e-01 4.678765732860360460e-01 5.232024080627716706e-02
1.806020066889632147e+01 4.223257998163165083e-23 6.425568006300056423e-01 5.505402468738402888e-01 4.690025480498307697e-01 5.953900311578766424e-02
1.836120401337792885e+01 2.720861046508256830e-21 6.466505811731166897e-01 5.729435435220137096e-01 4.701285228136255490e-01 6.612066061419689944e-02
1.866220735785953266e+01 1.391231458148935439e-19 6.507443617162277372e-01 5.960483279437518433e-01 4.712544975774202727e-01 7.239755699330722993e-02
1.896321070234114003e+01 5.647191143303264143e-18 6.548381422593387846e-01 6.203219145864894424e-01 4.723804723412150519e-01 7.901664523659616968e-02
1.926421404682274385e+01 1.820258030432322380e-16 6.589319228024498321e-01 6.460492038940082171e-01 4.735064471050097756e-01 8.663253530866067698e-02
1.956521739130434767e+01 4.660726231169925090e-15 6.630257033455608795e-01 6.734489292428427198e-01 4.746324218688044994e-01 9.574054240339004151e-02
1.986622073578595504e+01 9.483682561968928035e-14 6.671194838886719269e-01 7.027379266749964604e-01 4.757583966325992231e-01 1.067132764351142460e-01
2.016722408026755886e+01 1.534334295667132071e-12 6.712132644317829744e-01 7.340662223203028303e-01 4.768843713963940023e-01 1.198798022775420108e-01
2.046822742474916623e+01 1.974865767247371393e-11 6.753070449748940218e-01 7.673645077612057941e-01 4.780103461601887260e-01 1.354382993909709898e-01
2.076923076923077005e+01 2.023607348720711713e-10 6.794008255180050693e-01 8.022277460803205473e-01 4.791363209239834497e-01 1.531815623535404680e-01
2.107023411371237742e+01 1.652058704814977172e-09 6.834946060611161167e-01 8.379487808661454373e-01 4.802622956877782290e-01 1.722580007883271203e-01
2.137123745819398124e+01 1.075516215234308067e-08 6.875883866042271642e-01 8.737255562112212770e-01 4.813882704515729527e-01 1.912534132603067316e-01
2.167224080267558861e+01 5.588832494470908224e-08 6.916821671473382116e-01 9.089531069750035330e-01 4.825142452153676764e-01 2.086908957504921003e-01
2.197324414715719243e+01 2.320556176507676417e-07 6.957759476904492590e-01 9.434457987683988467e-01 4.836402199791624001e-01 2.237456766296930799e-01
2.227424749163879625e+01 7.707591470786803913e-07 6.998697282335603065e-01 9.774630557944021803e-01 4.847661947429571794e-01 2.367798687887718578e-01
2.257525083612040362e+01 2.050471005320988915e-06 7.039635087766713539e-01 1.011526696385997459e+00 4.858921695067519031e-01 2.493653759038945983e-01
2.287625418060200744e+01 4.376675991551672349e-06 7.080572893197824014e-01 1.046148627692241151e+00 4.870181442705466823e-01 2.637534204212592104e-01
2.317725752508361481e+01 7.519537456865192582e-06 7.121510698628934488e-01 1.081635314528180292e+00 4.881441190343414060e-01 2.820730622961471479e-01
2.347826086956521863e+01 1.048441390651859527e-05 7.162448504060044963e-01 1.118057369034934467e+00 4.892700937981361298e-01 3.056720545265022015e-01
2.377926421404682600e+01 1.215096611475567272e-05 7.203386309491155437e-01 1.155338179528434095e+00 4.903960685619308535e-01 3.348675793429933822e-01
2.408026755852842982e+01 1.254829622644384893e-05 7.244324114922265911e-01 1.193351927594471729e+00 4.915220433257256327e-01 3.690810555692244921e-01
2.438127090301003363e+01 1.354164511420683193e-05 7.285261920353376386e-01 1.231977553326522257e+00 4.926480180895203564e-01 4.071269384999604557e-01
2.468227424749164101e+01 1.829473260760590867e-05 7.326199725784485750e-01 1.271141336688724310e+00 4.937739928533150802e-01 4.474596419779901524e-01
2.498327759197324482e+01 3.048741515018483340e-05 7.367137531215597335e-01 1.310880727085423914e+00 4.948999676171098594e-01 4.883890592500276240e-01
2.528428093645485220e+01 5.449347445213666472e-05 7.408075336646706699e-01 1.351387459339127073e+00 4.960259423809045831e-01 5.284183952231704673e-01
2.558528428093645601e+01 9.614245009326761744e-05 7.449013142077818284e-01 1.392960399334894239e+00 4.971519171446993068e-01 5.667543034059129292e-01
2.588628762541806339e+01 1.625049099483621582e-04 7.489950947508927648e-01 1.435876782090674819e+00 4.982778919084940306e-01 6.037762150735671574e-01
2.618729096989966720e+01 2.600713180537096280e-04 7.530888752940039232e-01 1.480284112441950573e+00 4.994038666722888098e-01 6.411371893040458403e-01
2.648829431438127102e+01 3.929010455877121242e-04 7.571826558371148597e-01 1.526203593385216495e+00 5.005298414360835890e-01 6.813787159113269265e-01
2.678929765886287839e+01 5.627233586416968518e-04 7.612764363802260181e-01 1.573624904104662159e+00 5.016558161998783127e-01 7.272704471410551541e-01
2.709030100334448221e+01 7.703839163911514656e-04 7.653702169233369546e-01 1.622582994528974032e+00 5.027817909636730365e-01 7.811757672729039426e-01
2.739130434782608958e+01 1.016802873947865926e-03 7.694639974664481130e-01 1.673135837545630444e+00 5.039077657274677602e-01 8.445491477604253339e-01
2.769230769230769340e+01 1.304053088285713488e-03 7.735577780095590494e-01 1.725279777383924795e+00 5.050337404912624839e-01 9.175179503071684284e-01
2.799331103678930077e+01 1.637222011864012620e-03 7.776515585526702079e-01 1.778926958781136491e+00 5.061597152550572076e-01 9.986394270584793009e-01
2.829431438127090459e+01 2.024541389330457991e-03 7.817453390957811443e-01 1.834027228247594232e+00 5.072856900188520424e-01 1.085160331137523970e+00
2.859531772575251196e+01 2.475901416634342014e-03 7.858391196388923028e-01 1.890761097454604078e+00 5.084116647826467661e-01 1.174014639514778358e+00
2.889632107023411578e+01 3.004924387668000962e-03 7.899329001820032392e-01 1.949599602802213116e+00 5.095376395464414898e-01 1.263256146486830600e+00
2.919732441471571960e+01 3.634284372490199054e-03 7.940266807251143977e-01 2.011068203981845492e+00 5.106636143102362135e-01 1.353070157911803406e+00
2.949832775919732697e+01 4.396366609950667741e-03 7.981204612682253341e-01 2.075267903227698607e+00 5.117895890740309373e-01 1.445554954441824691e+00
2.979933110367893079e+01 5.325494799210022875e-03 8.022142418113364926e-01 2.141426070942134441e+00 5.129155638378256610e-01 1.543251818723528901e+00
3.010033444816053816e+01 6.443367576208431854e-03 8.063080223544474290e-01 2.207779683267259596e+00 5.140415386016203847e-01 1.647359518233490805e+00
3.040133779264214198e+01 7.742433600962083870e-03 8.104018028975585874e-01 2.271908563282412974e+00 5.151675133654152194e-01 1.756889040160633186e+00
3.070234113712374935e+01 9.181294594020247488e-03 8.144955834406695239e-01 2.331391757204452464e+00 5.162934881292099432e-01 1.869403066081072096e+00
3.100334448160535317e+01 1.070328802370220864e-02 8.185893639837806823e-01 2.384527652080095095e+00 5.174194628930046669e-01 1.982897358050391245e+00
3.130434782608696054e+01 1.226556248309487208e-02 8.226831445268916188e-01 2.430870553999870509e+00 5.185454376567993906e-01 2.097579618128332157e+00
3.160535117056856436e+01 1.385668128094974180e-02 8.267769250700027772e-01 2.471409608054689677e+00 5.196714124205941143e-01 2.216284415187242285e+00
3.190635451505016817e+01 1.549698382555454723e-02 8.308707056131137136e-01 2.508289702410137156e+00 5.207973871843888380e-01 2.343048822642146867e+00
3.220735785953177555e+01 1.722493451684553242e-02 8.349644861562248721e-01 2.544079110254640064e+00 5.219233619481835618e-01 2.480553294177736401e+00
3.250836120401338292e+01 1.907050996379414803e-02 8.390582666993358085e-01 2.580766376691626007e+00 5.230493367119783965e-01 2.628003971419082152e+00
3.280936454849498318e+01 2.102890112251852572e-02 8.431520472424469670e-01 2.618860117316900382e+00 5.241753114757731202e-01 2.780931841928596882e+00
3.311036789297659055e+01 2.306118709968186381e-02 8.472458277855579034e-01 2.657021141407131637e+00 5.253012862395678439e-01 2.933224144224615859e+00
3.341137123745819792e+01 2.512654216964149700e-02 8.513396083286690619e-01 2.692470631400313064e+00 5.264272610033625677e-01 3.080229732759263150e+00
3.371237458193979819e+01 2.721258629962178266e-02 8.554333888717799983e-01 2.722045449404352446e+00 5.275532357671572914e-01 3.221071990665303364e+00
3.401337792642140556e+01 2.933312342409064022e-02 8.595271694148910457e-01 2.743420432867469394e+00 5.286792105309521261e-01 3.358862332998755917e+00
3.431438127090301293e+01 3.150319474091204525e-02 8.636209499580020932e-01 2.755922566569466881e+00 5.298051852947467388e-01 3.498849970830295586e+00
3.461538461538462030e+01 3.372227657343560003e-02 8.677147305011131406e-01 2.760613479059141895e+00 5.309311600585415736e-01 3.645695333710589736e+00
3.491638795986622057e+01 3.597534739092499850e-02 8.718085110442241881e-01 2.759759248059608261e+00 5.320571348223362973e-01 3.801373181615216978e+00
3.521739130434782794e+01 3.823337175363315799e-02 8.759022915873352355e-01 2.756117561970236274e+00 5.331831095861310210e-01 3.964718587470809297e+00
3.551839464882943531e+01 4.044056386657439439e-02 8.799960721304462830e-01 2.752418036207603169e+00 5.343090843499257447e-01 4.132735629886338025e+00
3.581939799331104268e+01 4.251588839610953574e-02 8.840898526735573304e-01 2.751075265296791361e+00 5.354350591137204685e-01 4.302923746922022730e+00
3.612040133779264295e+01 4.440570854990494309e-02 8.881836332166683778e-01 2.753904161963419028e+00 5.365610338775153032e-01 4.475370265815129756e+00
3.642140468227425032e+01 4.615089901684612389e-02 8.922774137597794253e-01 2.761680208285886895e+00 5.376870086413100269e-01 4.653435326661082172e+00
3.672240802675585769e+01 4.786865863136025717e-02 8.963711943028904727e-01 2.773716416903492465e+00 5.388129834051047506e-01 4.842532130995871320e+00
3.702341137123745796e+01 4.963451932919844128e-02 9.004649748460015202e-01 2.787844697537276595e+00 5.399389581688994744e-01 5.047484725813581541e+00
3.732441471571906533e+01 5.139731620476229584e-02 9.045587553891125676e-01 2.801030420252685449e+00 5.410649329326941981e-01 5.269734630141194032e+00
3.762541806020067270e+01 5.303363197392509110e-02 9.086525359322236151e-01 2.810432738876040393e+00 5.421909076964889218e-01 5.505848625738205548e+00
3.792642140468228007e+01 5.446222211052068052e-02 9.127463164753346625e-01 2.814404414775208085e+00 5.433168824602836455e-01 5.748211510356667553e+00
3.822742474916388034e+01 5.567550642143757195e-02 9.168400970184457099e-01 2.812937188865218818e+00 5.444428572240784803e-01 5.987677528173550812e+00
3.852842809364548771e+01 5.668734970760539588e-02 9.209338775615567574e-01 2.807353980033192808e+00 5.455688319878732040e-01 6.216855347226594830e+00
3.882943143812709508e+01 5.750159168061971804e-02 9.250276581046678048e-01 2.799429811249894318e+00 5.466948067516679277e-01 6.432319167009883820e+00
3.913043478260869534e+01 5.813758902421278102e-02 9.291214386477788523e-01 2.790406998791593818e+00 5.478207815154626514e-01 6.634748696075612351e+00
3.943143812709030271e+01 5.865232801127929357e-02 9.332152191908898997e-01 2.780420666477468661e+00 5.489467562792573752e-01 6.827398076112445757e+00
3.973244147157191009e+01 5.910624103358064901e-02 9.373089997340009472e-01 2.768603534272629840e+00 5.500727310430520989e-01 7.014329415728862926e+00
4.003344481605351746e+01 5.949776696797968306e-02 9.414027802771119946e-01 2.753708916803139228e+00 5.511987058068468226e-01 7.199641062216476151e+00
4.033444816053511772e+01 5.974600362660982544e-02 9.454965608202230420e-01 2.734780421080277968e+00 5.523246805706416573e-01 7.387614540029305843e+00
4.063545150501672509e+01 5.976350522800656651e-02 9.495903413633340895e-01 2.711456802438391822e+00 5.534506553344363811e-01 7.582515359071088312e+00
4.093645484949833246e+01 5.955704788134056488e-02 9.536841219064451369e-01 2.683859633494678487e+00 5.545766300982311048e-01 7.786995995128836334e+00
4.123745819397993273e+01 5.924932619823810448e-02 9.577779024495561844e-01 2.652325138003734484e+00 5.557026048620258285e-01 7.999667310504247730e+00
4.153846153846154010e+01 5.899308637686117435e-02 9.618716829926672318e-01 2.617245172872523895e+00 5.568285796258205522e-01 8.213881469766947774e+00
4.183946488294314747e+01 5.885462566619695246e-02 9.659654635357782793e-01 2.579049104098454670e+00 5.579545543896153870e-01 8.419449410655964527e+00
4.214046822742475484e+01 5.876414371616513893e-02 9.700592440788893267e-01 2.538176546669633105e+00 5.590805291534099997e-01 8.606922758114375682e+00
4.244147157190635511e+01 5.856748497790613406e-02 9.741530246220003741e-01 2.494935934127895383e+00 5.602065039172048344e-01 8.771985519449994939e+00
4.274247491638796248e+01 5.812998465445138457e-02 9.782468051651114216e-01 2.449324926142547376e+00 5.613324786809995581e-01 8.917216200699373374e+00
4.304347826086956985e+01 5.740713497644887864e-02 9.823405857082224690e-01 2.400994233120466337e+00 5.624584534447942819e-01 9.050203820862739335e+00
4.334448160535117722e+01 5.644876256001345183e-02 9.864343662513335165e-01 2.349462232087857760e+00 5.635844282085890056e-01 9.179385605808581872e+00
4.364548494983277749e+01 5.536404780317394358e-02 9.905281467944445639e-01 2.294507644633705823e+00 5.647104029723837293e-01 9.310308756827369692e+00
4.394648829431438486e+01 5.425655150949378058e-02 9.946219273375556114e-01 2.236531665143778991e+00 5.658363777361785640e-01 9.444436946988233217e+00
4.424749163879599223e+01 5.314204495679122897e-02 9.987157078806666588e-01 2.176682392247312858e+00 5.669623524999732878e-01 9.580663961152684038e+00
4.454849498327759250e+01 5.193453692470052091e-02 1.002809488423777706e+00 2.116656696833012496e+00 5.680883272637680115e-01 9.717875687286374742e+00
4.484949832775919987e+01 5.054530053873474565e-02 1.006903268966888643e+00 2.058250313656764252e+00 5.692143020275627352e-01 9.856474092353302296e+00
4.515050167224080724e+01 4.898302344720240065e-02 1.010997049509999801e+00 2.002833800216321958e+00 5.703402767913574589e-01 9.997810218767858359e+00
4.545150501672241461e+01 4.733112482134578525e-02 1.015090830053110960e+00 1.950959678972022937e+00 5.714662515551521826e-01 1.014206958701467798e+01
4.575250836120401488e+01 4.564159548762767443e-02 1.019184610596221896e+00 1.902263596511519328e+00 5.725922263189469064e-01 1.028628003825344273e+01
4.605351170568562225e+01 4.388176240511083154e-02 1.023278391139332832e+00 1.855722878155143585e+00 5.737182010827417411e-01 1.042410540575047051e+01
4.635451505016722962e+01 4.199799070623218972e-02 1.027372171682443991e+00 1.810193534880537802e+00 5.748441758465364648e-01 1.054788716680716298e+01
4.665551839464882988e+01 4.002541792516003255e-02 1.031465952225555149e+00 1.765004246938187915e+00 5.759701506103311885e-01 1.065176227207735593e+01
4.695652173913043725e+01 3.811028341319315504e-02 1.035559732768666086e+00 1.720319048764689551e+00 5.770961253741259123e-01 1.073386237880218630e+01
4.725752508361204463e+01 3.639889607105267072e-02 1.039653513311777022e+00 1.677053199733208100e+00 5.782221001379206360e-01 1.079623094188264254e+01
4.755852842809365200e+01 3.491114777419447590e-02 1.043747293854888181e+00 1.636333842160971219e+00 5.793480749017154707e-01 1.084259555745408221e+01
4.785953177257525226e+01 3.354446311804547970e-02 1.047841074397999339e+00 1.598749725428133761e+00 5.804740496655100834e-01 1.087539202720108733e+01
4.816053511705685963e+01 3.219076275456721897e-02 1.051934854941110276e+00 1.563796999829864198e+00 5.816000244293049182e-01 1.089383432434633470e+01
4.846153846153846700e+01 3.082148419247182289e-02 1.056028635484221212e+00 1.529882478559884351e+00 5.827259991930996419e-01 1.089431891261127383e+01
4.876254180602006727e+01 2.946684488972536528e-02 1.060122416027332370e+00 1.494964714875628653e+00 5.838519739568943656e-01 1.087320063686887117e+01
4.906354515050167464e+01 2.815149812963740200e-02 1.064216196570443307e+00 1.457520739408190602e+00 5.849779487206890893e-01 1.083046084189027525e+01
4.936454849498328201e+01 2.687384564771207879e-02 1.068309977113554243e+00 1.417273227289735038e+00 5.861039234844838131e-01 1.077196207944844097e+01
4.966555183946488938e+01 2.564209424819808431e-02 1.072403757656665402e+00 1.375216171084845618e+00 5.872298982482786478e-01 1.070860112945892162e+01
4.996655518394648965e+01 2.451099559927863089e-02 1.076497538199776560e+00 1.332914874091220669e+00 5.883558730120732605e-01 1.065242306222964963e+01
5.026755852842809702e+01 2.356560089087411658e-02 1.080591318742887497e+00 1.291529708840793544e+00 5.894818477758680952e-01 1.061148389861351227e+01
5.056856187290970439e+01 2.285837936181311925e-02 1.084685099285998433e+00 1.251171205810303499e+00 5.906078225396628190e-01 1.058598485983335991e+01
5.086956521739130466e+01 2.235110473003291964e-02 1.088778879829109592e+00 1.210932528513567918e+00 5.917337973034575427e-01 1.056771911842086986e+01
5.117056856187291203e+01 2.190956734280071969e-02 1.092872660372220750e+00 1.169489909031073971e+00 5.928597720672522664e-01 1.054339686078789384e+01
5.147157190635451940e+01 2.136825627323774360e-02 1.096966440915331686e+00 1.125855028857174922e+00 5.939857468310469901e-01 1.050043693599522143e+01
5.177257525083612677e+01 2.062749838917684111e-02 1.101060221458442623e+00 1.079878131030341137e+00 5.951117215948418249e-01 1.043229529765592467e+01
5.207357859531772704e+01 1.969996921699632836e-02 1.105154002001553781e+00 1.032341989243466873e+00 5.962376963586365486e-01 1.034049846995582200e+01
5.237458193979933441e+01 1.866640855651741787e-02 1.109247782544664940e+00 9.847303665547035845e-01 5.973636711224312723e-01 1.023253471858948238e+01
5.267558528428094178e+01 1.760243518079270333e-02 1.113341563087775876e+00 9.388475705773750013e-01 5.984896458862259960e-01 1.011734137781105503e+01
5.297658862876254204e+01 1.655657334415396378e-02 1.117435343630886813e+00 8.964152252778876395e-01 5.996156206500207198e-01 1.000136904521379400e+01
5.327759197324414941e+01 1.556853753828489270e-02 1.121529124173997971e+00 8.586895722299563438e-01 6.007415954138154435e-01 9.887236768465536230e+00
5.357859531772575679e+01 1.466527654982428645e-02 1.125622904717109130e+00 8.261275965090061346e-01 6.018675701776101672e-01 9.774783404305578571e+00
5.387959866220736416e+01 1.383977870976833661e-02 1.129716685260220066e+00 7.981899371948814048e-01 6.029935449414050019e-01 9.662721942500699157e+00
5.418060200668896442e+01 1.307203466489889956e-02 1.133810465803331002e+00 7.734155346148746668e-01 6.041195197051997257e-01 9.549255210090176860e+00
5.448160535117057179e+01 1.237961788911758065e-02 1.137904246346442161e+00 7.498379855002343941e-01 6.052454944689944494e-01 9.431505308683320266e+00
5.478260869565217916e+01 1.181362794271801145e-02 1.141998026889553319e+00 7.256341543418191042e-01 6.063714692327891731e-01 9.304960139297572042e+00
5.508361204013378654e+01 1.138921204398000639e-02 1.146091807432664256e+00 6.997266889671162060e-01 6.074974439965838968e-01 9.164110562111030589e+00
5.538461538461538680e+01 1.104836117628018970e-02 1.150185587975775192e+00 6.720538435740882610e-01 6.086234187603787316e-01 9.004171467806804330e+00
5.568561872909699417e+01 1.071498610452100396e-02 1.154279368518886351e+00 6.434005240853690744e-01 6.097493935241733443e-01 8.822620644166812909e+00
5.598662207357860154e+01 1.036907843119312493e-02 1.158373149061997509e+00 6.149251044478432071e-01 6.108753682879681790e-01 8.619475229387662196e+00
5.628762541806020181e+01 1.003955144927696358e-02 1.162466929605108446e+00 5.876502726937360421e-01 6.120013430517629027e-01 8.396538268273015859e+00
5.658862876254180918e+01 9.735613263293212485e-03 1.166560710148219382e+00 5.621489875371006306e-01 6.131273178155576264e-01 8.156838814391617731e+00
5.688963210702341655e+01 9.420862716361720277e-03 1.170654490691330540e+00 5.385119814332541832e-01 6.142532925793523502e-01 7.905043498716559647e+00
5.719063545150502392e+01 9.060858118294778246e-03 1.174748271234441699e+00 5.165360909040911386e-01 6.153792673431470739e-01 7.648204963044006099e+00
5.749163879598662419e+01 8.668474533279926092e-03 1.178842051777552635e+00 4.959875281930803959e-01 6.165052421069419086e-01 7.395415993219010886e+00
5.779264214046823156e+01 8.285460046018770092e-03 1.182935832320663572e+00 4.767852857724408366e-01 6.176312168707365213e-01 7.155706133504684097e+00
5.809364548494983893e+01 7.929756867876539342e-03 1.187029612863774730e+00 4.590093245314535997e-01 6.187571916345313561e-01 6.935103490564321405e+00
5.839464882943143920e+01 7.576416556447894586e-03 1.191123393406885889e+00 4.427440189704258122e-01 6.198831663983260798e-01 6.734626774796833359e+00
5.869565217391304657e+01 7.191465840660635038e-03 1.195217173949996825e+00 4.278706883133110428e-01 6.210091411621208035e-01 6.550399610600782907e+00
5.899665551839465394e+01 6.772198413695086974e-03 1.199310954493107761e+00 4.139583351557607482e-01 6.221351159259155272e-01 6.375764941704297861e+00
5.929765886287626131e+01 6.344356433512310031e-03 1.203404735036218920e+00 4.003357221331100280e-01 6.232610906897102510e-01 6.204225112397802278e+00
5.959866220735786158e+01 5.927065191385375888e-03 1.207498515579330078e+00 3.863032264690322570e-01 6.243870654535050857e-01 6.031712083736683105e+00
5.989966555183946895e+01 5.517000375034216558e-03 1.211592296122441015e+00 3.713554783172762774e-01 6.255130402172998094e-01 5.857137050042453552e+00
6.020066889632107632e+01 5.110179119695137766e-03 1.215686076665551951e+00 3.553012273758069939e-01 6.266390149810945331e-01 5.681199794426554206e+00
6.050167224080267658e+01 4.725830821829395643e-03 1.219779857208663110e+00 3.382583011695011743e-01 6.277649897448892569e-01 5.504507096451789927e+00
6.080267558528428395e+01 4.398391266209149102e-03 1.223873637751774268e+00 3.205796008135441411e-01 6.288909645086839806e-01 5.326396789046730085e+00
6.110367892976589133e+01 4.149255245961496960e-03 1.227967418294885205e+00 3.027701525480944733e-01 6.300169392724787043e-01 5.145210683913052030e+00
6.140468227424749870e+01 3.971681448539021372e-03 1.232061198837996141e+00 2.854058424880119849e-01 6.311429140362734280e-01 4.959633452493252825e+00
6.170568561872909896e+01 3.840396251382308893e-03 1.236154979381107299e+00 2.690279792016759264e-01 6.322688888000682628e-01 4.769947294804071980e+00
6.200668896321070633e+01 3.731353910609993847e-03 1.240248759924218458e+00 2.540036023074385141e-01 6.333948635638629865e-01 4.578137132599271020e+00
6.230769230769231370e+01 3.634528412294069262e-03 1.244342540467329394e+00 2.403906444015815602e-01 6.345208383276577102e-01 4.386670473992920982e+00
6.260869565217392108e+01 3.554007269131460259e-03 1.248436321010440331e+00 2.278813967215623792e-01 6.356468130914524339e-01 4.196915104948453212e+00
6.290969899665552134e+01 3.499548318710158853e-03 1.252530101553551489e+00 2.158837805936338061e-01 6.367727878552471577e-01 4.008654071291474885e+00
6.321070234113712871e+01 3.477047126864630383e-03 1.256623882096662648e+00 2.037381939815324228e-01 6.378987626190419924e-01 3.821386866392403991e+00
6.351170568561873608e+01 3.482452676511121892e-03 1.260717662639773584e+00 1.909885090311824740e-01 6.390247373828366051e-01 3.636487083629944106e+00
6.381270903010033635e+01 3.499330164785884306e-03 1.264811443182884521e+00 1.775773264844212052e-01 6.401507121466314398e-01 3.458226426904814410e+00
6.411371237458195083e+01 3.501120948472579916e-03 1.268905223725995679e+00 1.638601191382015321e-01 6.412766869104261636e-01 3.292334818839738553e+00
6.441471571906355109e+01 3.462145235068944584e-03 1.272999004269106837e+00 1.504298652582073959e-01 6.424026616742208873e-01 3.142794421094265100e+00
6.471571906354515136e+01 3.374412349955081217e-03 1.277092784812217774e+00 1.378533202696923810e-01 6.435286364380156110e-01 3.009224861745206869e+00
6.501672240802676583e+01 3.255420822473029541e-03 1.281186565355328710e+00 1.264626264091884555e-01 6.446546112018103347e-01 2.886940415241725510e+00
6.531772575250836610e+01 3.137146202895562709e-03 1.285280345898439869e+00 1.162927242248156662e-01 6.457805859656051695e-01 2.769667959682883041e+00
6.561872909698996637e+01 3.045022775527749317e-03 1.289374126441551027e+00 1.071555381464465301e-01 6.469065607293998932e-01 2.652817686337426206e+00
6.591973244147158084e+01 2.982641201765646143e-03 1.293467906984661964e+00 9.877505312851306285e-02 6.480325354931946169e-01 2.534967345724187915e+00
6.622073578595318111e+01 2.930289281565102814e-03 1.297561687527772900e+00 9.090861099708215376e-02 6.491585102569893406e-01 2.416979152385711149e+00
6.652173913043478137e+01 2.857718345333958888e-03 1.301655468070884059e+00 8.342069870984454572e-02 6.502844850207840643e-01 2.300142480784115762e+00
6.682274247491639585e+01 2.745059963738866703e-03 1.305749248613995217e+00 7.630814053741520608e-02 6.514104597845787881e-01 2.185076428298305284e+00
6.712374581939799612e+01 2.597747056725718384e-03 1.309843029157106153e+00 6.968293137287860650e-02 6.525364345483735118e-01 2.071824863387265125e+00
6.742474916387959638e+01 2.441846698130811961e-03 1.313936809700217090e+00 6.371881698616285727e-02 6.536624093121683465e-01 1.960301926605648726e+00
6.772575250836121086e+01 2.303290954417565317e-03 1.318030590243328248e+00 5.857794235914484671e-02 6.547883840759629592e-01 1.850322385958181437e+00
6.802675585284281112e+01 2.191125534910078401e-03 1.322124370786439185e+00 5.434759316307347099e-02 6.559143588397577940e-01 1.741431190677009022e+00
6.832775919732442560e+01 2.098680670343879267e-03 1.326218151329550121e+00 5.101510787769954897e-02 6.570403336035525177e-01 1.633210373335387100e+00
6.862876254180602587e+01 2.015704394002012546e-03 1.330311931872661280e+00 4.848705708738567516e-02 6.581663083673472414e-01 1.526127697957952112e+00
6.892976588628762613e+01 1.936386737137402343e-03 1.334405712415772438e+00 4.663327339742100175e-02 6.592922831311420762e-01 1.422149637566188840e+00
6.923076923076924061e+01 1.859233539435513902e-03 1.338499492958883375e+00 4.532609603904278611e-02 6.604182578949366889e-01 1.324340971021891411e+00
6.953177257525084087e+01 1.784946181014118336e-03 1.342593273501994311e+00 4.445415183766696782e-02 6.615442326587315236e-01 1.235537953916187037e+00
6.983277591973244114e+01 1.715161150882358893e-03 1.346687054045105469e+00 4.390888270289518280e-02 6.626702074225262473e-01 1.157000240646548050e+00
7.013377926421405562e+01 1.650157759508915148e-03 1.350780834588216628e+00 4.355980995334864797e-02 6.637961821863209710e-01 1.087958542873185053e+00
7.043478260869565588e+01 1.587117595550719285e-03 1.354874615131327564e+00 4.324298584893766784e-02 6.649221569501156948e-01 1.026266392324492349e+00
7.073578595317725615e+01 1.522029721820150790e-03 1.358968395674438501e+00 4.278016509643260690e-02 6.660481317139104185e-01 9.695964681696239706e-01
7.103678929765887062e+01 1.452916668346017261e-03 1.363062176217549659e+00 4.202464423955529910e-02 6.671741064777052532e-01 9.163596699682972080e-01
7.133779264214047089e+01 1.380320447396416990e-03 1.367155956760660818e+00 4.090700281670943406e-02 6.683000812414998659e-01 8.658664392079827854e-01
7.163879598662208537e+01 1.305844612228003552e-03 1.371249737303771754e+00 3.944940678560684283e-02 6.694260560052947007e-01 8.178763509017741296e-01
7.193979933110368563e+01 1.231536093415509575e-03 1.375343517846882690e+00 3.773700582742571530e-02 6.705520307690894244e-01 7.721107847293514626e-01
7.224080267558528590e+01 1.159559569598028143e-03 1.379437298389993849e+00 3.586406035690486993e-02 6.716780055328841481e-01 7.282027455364926682e-01
7.254180602006690037e+01 1.090556499535876109e-03 1.383531078933105007e+00 3.388791122747268625e-02 6.728039802966788718e-01 6.860239179497983342e-01
7.284280936454850064e+01 1.022207282969748998e-03 1.387624859476215944e+00 3.181603577372233566e-02 6.739299550604735956e-01 6.458776303533418917e-01
7.314381270903010090e+01 9.502996892760206355e-04 1.391718640019326880e+00 2.962912197922641308e-02 6.750559298242684303e-01 6.081635629563492129e-01
7.344481605351171538e+01 8.716724350877690748e-04 1.395812420562438039e+00 2.732257661747093669e-02 6.761819045880630430e-01 5.727188010944816998e-01
7.374581939799331565e+01 7.874344156296765596e-04 1.399906201105549197e+00 2.494103717045282470e-02 6.773078793518578777e-01 5.384765755098300799e-01
7.404682274247491591e+01 7.057799499571935486e-04 1.403999981648660134e+00 2.258671098786212486e-02 6.784338541156526015e-01 5.038507224488599778e-01
7.434782608695653039e+01 6.415913510613320807e-04 1.408093762191771292e+00 2.039718237519317148e-02 6.795598288794473252e-01 4.675797624135666353e-01
7.464882943143813065e+01 6.089568616503424547e-04 1.412187542734882229e+00 1.850356035737604765e-02 6.806858036432421599e-01 4.293660003794565472e-01
7.494983277591973092e+01 6.095611071092952834e-04 1.416281323277993387e+00 1.698872962357336758e-02 6.818117784070367726e-01 3.899055131606669611e-01
7.525083612040134540e+01 6.276706899655789054e-04 1.420375103821104323e+00 1.586466489706092955e-02 6.829377531708316074e-01 3.504799466974106714e-01
7.555183946488294566e+01 6.388852446274629867e-04 1.424468884364215482e+00 1.507743637924386509e-02 6.840637279346262201e-01 3.125552961874849545e-01
7.585284280936456014e+01 6.261814672410583038e-04 1.428562664907326418e+00 1.453305887647502424e-02 6.851897026984210548e-01 2.776091799361457557e-01
7.615384615384616041e+01 5.888553763952198957e-04 1.432656445450437577e+00 1.412595376545851787e-02 6.863156774622157785e-01 2.470372302091480565e-01
7.645484949832776067e+01 5.386661262479658938e-04 1.436750225993548513e+00 1.375382829366884885e-02 6.874416522260105022e-01 2.219020911009558783e-01
7.675585284280937515e+01 4.903583719683086766e-04 1.440844006536659672e+00 1.331801484427402697e-02 6.885676269898053370e-01 2.025357807155573342e-01
7.705685618729097541e+01 4.539675520156645689e-04 1.444937787079770608e+00 1.272371727565142080e-02 6.896936017535999497e-01 1.882726105814442885e-01
7.735785953177257568e+01 4.305741654509440434e-04 1.449031567622881544e+00 1.189523571230117691e-02 6.908195765173947844e-01 1.775752855569463218e-01
7.765886287625419016e+01 4.129511145229460283e-04 1.453125348165992703e+00 1.080556791747276126e-02 6.919455512811895082e-01 1.685376068859087695e-01
7.795986622073579042e+01 3.920046082070030406e-04 1.457219128709103639e+00 9.502084248456778640e-03 6.930715260449842319e-01 1.594781455974423889e-01
7.826086956521739069e+01 3.643647970575555331e-04 1.461312909252214798e+00 8.106603918324094271e-03 6.941975008087789556e-01 1.493150428065442570e-01
7.856187290969900516e+01 3.340289986189227370e-04 1.465406689795325734e+00 6.782537608300915656e-03 6.953234755725736793e-01 1.376161002558770052e-01
7.886287625418060543e+01 3.069702924423677905e-04 1.469500470338436893e+00 5.682239719810482440e-03 6.964494503363685141e-01 1.244420631119854126e-01
7.916387959866221991e+01 2.852736620013767354e-04 1.473594250881547829e+00 4.898916768126706893e-03 6.975754251001631268e-01 1.101666553494302092e-01
7.946488294314382017e+01 2.664987787718876302e-04 1.477688031424658988e+00 4.442860075049492527e-03 6.987013998639579615e-01 9.536399550747702569e-02
7.976588628762542044e+01 2.466826712654926479e-04 1.481781811967769924e+00 4.247453427715548735e-03 6.998273746277526852e-01 8.073334414994055852e-02
8.006688963210703491e+01 2.232080445450477667e-04 1.485875592510881082e+00 4.197633191413100741e-03 7.009533493915474089e-01 6.699615977925429955e-02
8.036789297658863518e+01 1.967690940805976005e-04 1.489969373053992019e+00 4.168401864585981331e-03 7.020793241553421327e-01 5.475594619575746558e-02
8.066889632107023544e+01 1.714462420285585019e-04 1.494063153597103177e+00 4.061458502200646081e-03 7.032052989191368564e-01 4.438012348968371074e-02
8.096989966555184992e+01 1.514731503045065844e-04 1.498156934140214114e+00 3.829570399877235947e-03 7.043312736829316911e-01 3.597164471751239379e-02
8.127090301003345019e+01 1.376626558365149895e-04 1.502250714683325272e+00 3.480902756092652591e-03 7.054572484467263038e-01 2.943923680481688732e-02
8.157190635451505045e+01 1.278600232137593507e-04 1.506344495226436209e+00 3.062175233701361094e-03 7.065832232105211386e-01 2.460657557458869119e-02
8.187290969899666493e+01 1.200035801711746752e-04 1.510438275769547367e+00 2.629567931485923740e-03 7.077091979743158623e-01 2.128574479417659482e-02
8.217391304347826519e+01 1.130796897345064946e-04 1.514532056312658304e+00 2.223097880728970924e-03 7.088351727381105860e-01 1.928610611445571651e-02
8.247491638795986546e+01 1.056743643912785901e-04 1.518625836855769462e+00 1.857287697219402222e-03 7.099611475019054208e-01 1.838612424455418615e-02
8.277591973244147994e+01 9.573811350542537919e-05 1.522719617398880398e+00 1.529593895626758186e-03 7.110871222657000335e-01 1.831413149274287513e-02
8.307692307692308020e+01 8.246564738144354135e-05 1.526813397941991557e+00 1.236820284186323799e-03 7.122130970294948682e-01 1.876301454981712039e-02
8.337792642140469468e+01 6.736006418696754137e-05 1.530907178485102493e+00 9.866329724321119213e-04 7.133390717932894809e-01 1.943317527325405178e-02
8.367892976588629494e+01 5.287276463142776586e-05 1.535000959028213652e+00 7.970791937372912004e-04 7.144650465570843156e-01 2.007886606831208592e-02
8.397993311036789521e+01 4.058082443819147035e-05 1.539094739571324588e+00 6.859669656896950777e-04 7.155910213208790394e-01 2.052950577180776698e-02
8.428093645484950969e+01 3.097521854639832535e-05 1.543188520114435747e+00 6.578107147985434808e-04 7.167169960846737631e-01 2.067277412277896895e-02
8.458193979933110995e+01 2.423787920209531852e-05 1.547282300657546683e+00 6.964119101527020900e-04 7.178429708484685978e-01 2.041735952752379846e-02
8.488294314381271022e+01 2.038190962733794743e-05 1.551376081200657842e+00 7.673704504725555996e-04 7.189689456122632105e-01 1.967607810015838121e-02
8.518394648829432469e+01 1.872981600926447562e-05 1.555469861743768778e+00 8.295013292414156643e-04 7.200949203760580453e-01 1.839560618322366378e-02
8.548494983277592496e+01 1.792268062863913800e-05 1.559563642286879936e+00 8.496213823446355012e-04 7.212208951398527690e-01 1.661288452007130684e-02
8.578595317725752523e+01 1.681651265618810655e-05 1.563657422829990873e+00 8.134533649595412181e-04 7.223468699036474927e-01 1.448447537262204272e-02
8.608695652173913970e+01 1.532228842386005848e-05 1.567751203373102031e+00 7.275572745411940188e-04 7.234728446674422164e-01 1.224978636100373247e-02
8.638795986622073997e+01 1.432485128584885243e-05 1.571844983916212968e+00 6.122723065018500187e-04 7.245988194312369401e-01 1.014073519171061061e-02
8.668896321070235444e+01 1.484301260537404033e-05 1.575938764459324126e+00 4.905331085273382944e-04 7.257247941950317749e-01 8.293981375161813691e-03
8.698996655518395471e+01 1.713319106594281523e-05 1.580032545002435063e+00 3.789140079399311539e-04 7.268507689588263876e-01 6.721792483386384610e-03
8.729096989966555498e+01 2.027973707325833754e-05 1.584126325545546221e+00 2.846477885894083061e-04 7.279767437226212223e-01 5.355192514208612260e-03
8.759197324414716945e+01 2.258861431455369873e-05 1.588220106088657158e+00 2.079999205916119461e-04 7.291027184864159461e-01 4.122022554223160780e-03
8.789297658862876972e+01 2.268112823001311684e-05 1.592313886631768316e+00 1.465474795622153693e-04 7.302286932502106698e-01 3.002773499661915389e-03
8.819397993311036998e+01 2.039570201844878488e-05 1.596407667174879252e+00 9.814281405859358873e-05 7.313546680140053935e-01 2.032199562149230969e-03
8.849498327759198446e+01 1.660292612123396330e-05 1.600501447717990411e+00 6.154822988413759211e-05 7.324806427778001172e-01 1.259887925732659699e-03
8.879598662207358473e+01 1.232480064764618497e-05 1.604595228261101347e+00 3.569541858346602124e-05 7.336066175415949520e-01 7.086109276104249214e-04
8.909698996655518499e+01 8.262539580327861983e-06 1.608689008804212506e+00 1.896967450074613022e-05 7.347325923053895647e-01 3.592845513089304985e-04
8.939799331103679947e+01 4.924037670423355806e-06 1.612782789347323442e+00 9.180263036227473417e-06 7.358585670691843994e-01 1.635546457395109076e-04
8.969899665551839973e+01 2.740730824556562774e-06 1.616876569890434601e+00 4.029492113914136381e-06 7.369845418329791231e-01 6.667477699852825427e-05
9.000000000000000000e+01 1.985510525104200982e-06 1.620970350433545537e+00 1.600086854150882931e-06 7.381105165967738468e-01 2.430071154507401201e-05
