0.000000000000000000e+00 7.681834373087300868e-03 3.272205961573626531e-04 1.779506768151638552e-01 2.331512352085618467e-06 8.213559371355186878e-01
3.010033444816053727e-01 7.682991360720654861e-03 1.060218905753687255e-02 1.784149881596281961e-01 3.836194474461828135e-03 8.188896689923010896e-01
6.020066889632107454e-01 7.686367333506905625e-03 2.087715751891638244e-02 1.794825830415051893e-01 7.670057436571570651e-03 8.117729180847543802e-01
9.030100334448161181e-01 7.691689895060160355e-03 3.115212598029589233e-02 1.806522017963480553e-01 1.150392039868131273e-02 8.007515013548985872e-01
1.204013377926421491e+00 7.698544553313361148e-03 4.142709444167540223e-02 1.817330579026757986e-01 1.533778336079105568e-02 7.868356883126591539e-01
1.505016722408026864e+00 7.706426187274869818e-03 5.170206290305491559e-02 1.831175964499057451e-01 1.917164632290079690e-02 7.710667973808070785e-01
1.806020066889632236e+00 7.714797661355030436e-03 6.197703136443442201e-02 1.855671402786808200e-01 2.300550928501053985e-02 7.543484966441688089e-01
2.107023411371237387e+00 7.723146404562252799e-03 7.225199982581392844e-02 1.897220830991714624e-01 2.683937224712028280e-02 7.373847760290098696e-01
2.408026755852842982e+00 7.731031647748995254e-03 8.252696828719344180e-02 1.957008022051582585e-01 3.067323520923002575e-02 7.207058136710109419e-01
2.709030100334448576e+00 7.738118134007826963e-03 9.280193674857295516e-02 2.030087354905492636e-01 3.450709817133976870e-02 7.047294652417818162e-01
3.010033444816053727e+00 7.744195402134331635e-03 1.030769052099524685e-01 2.107524579747823146e-01 3.834096113344950818e-02 6.898105952717902278e-01
3.311036789297658878e+00 7.749184221841825398e-03 1.133518736713319680e-01 2.179973462678239660e-01 4.217482409555925460e-02 6.762571215245358758e-01
3.612040133779264472e+00 7.753132893065483797e-03 1.236268421327114814e-01 2.240789923327646260e-01 4.600868705766899408e-02 6.643169308908705162e-01
3.913043478260870067e+00 7.756205929790024878e-03 1.339018105940909809e-01 2.287672260525522028e-01 4.984255001977874050e-02 6.541509937578212641e-01
4.214046822742474774e+00 7.758666623101857437e-03 1.441767790554704942e-01 2.322906309719534323e-01 5.367641298188847998e-02 6.458072521311313263e-01
4.515050167224080369e+00 7.760853837153543384e-03 1.544517475168500076e-01 2.352489180467970953e-01 5.751027594399822640e-02 6.392058102137031517e-01
4.816053511705685963e+00 7.763152786543188813e-03 1.647267159782295209e-01 2.384048108099030006e-01 6.134413890610796588e-02 6.341436276154983620e-01
5.117056856187291558e+00 7.765959828803167819e-03 1.750016844396090343e-01 2.424014517550624470e-01 6.517800186821770536e-02 6.303247476594062704e-01
5.418060200668897153e+00 7.769642448252533397e-03 1.852766529009885477e-01 2.475794406283513827e-01 6.901186483032745178e-02 6.274160667673089886e-01
5.719063545150501859e+00 7.774497243364523850e-03 1.955516213623680610e-01 2.540414523743464992e-01 7.284572779243719820e-02 6.251179374903254038e-01
6.020066889632107454e+00 7.780710321057636783e-03 2.058265898237475744e-01 2.618742029405249361e-01 7.667959075454693074e-02 6.232280964987101379e-01
6.321070234113713049e+00 7.788325519571930207e-03 2.161015582851270600e-01 2.712838177520893734e-01 8.051345371665667716e-02 6.216740207397164486e-01
6.622073578595317755e+00 7.797225952418842219e-03 2.263765267465065734e-01 2.825456137526748956e-01 8.434731667876642358e-02 6.204978773540907877e-01
6.923076923076923350e+00 7.807133341067906511e-03 2.366514952078860867e-01 2.958932914730487140e-01 8.818117964087617000e-02 6.197977676304763373e-01
7.224080267558528945e+00 7.817627565996687622e-03 2.469264636692656001e-01 3.114785819634033337e-01 9.201504260298590254e-02 6.196497122756569054e-01
7.525083612040134540e+00 7.828186091243380038e-03 2.572014321306451134e-01 3.293862124107821421e-01 9.584890556509564896e-02 6.200452040178928703e-01
7.826086956521740134e+00 7.838239828075781873e-03 2.674764005920245991e-01 3.496348583204728633e-01 9.968276852720539538e-02 6.208725549696763046e-01
8.127090301003345729e+00 7.847239113065654706e-03 2.777513690534041402e-01 3.721596256877171549e-01 1.035166314893151279e-01 6.219496045478370982e-01
8.428093645484949548e+00 7.854721330439380991e-03 2.880263375147836258e-01 3.968001997631083189e-01 1.073504944514248743e-01 6.230915204417624143e-01
8.729096989966555142e+00 7.860370800414635817e-03 2.983013059761631669e-01 4.232801317707979294e-01 1.111843574135346208e-01 6.241826947778336132e-01
9.030100334448160737e+00 7.864062212602973209e-03 3.085762744375426525e-01 4.511884453665345185e-01 1.150182203756443672e-01 6.252226595679510890e-01
9.331103678929766332e+00 7.865881155370766514e-03 3.188512428989221936e-01 4.800648936302379099e-01 1.188520833377540997e-01 6.263302312154754858e-01
9.632107023411371927e+00 7.866118870810675373e-03 3.291262113603016792e-01 5.096445461239399455e-01 1.226859462998638461e-01 6.277089566406878207e-01
9.933110367892977521e+00 7.865242594909329851e-03 3.394011798216811648e-01 5.401114317191463288e-01 1.265198092619735926e-01 6.295907734524055499e-01
1.023411371237458312e+01 7.863846839061021041e-03 3.496761482830607060e-01 5.721193629991274676e-01 1.303536722240833390e-01 6.321784169377493434e-01
1.053511705685618871e+01 7.862593835655169380e-03 3.599511167444401916e-01 6.065061988674479432e-01 1.341875351861930854e-01 6.356015653614454086e-01
1.083612040133779431e+01 7.862152454214855687e-03 3.702260852058197327e-01 6.438736175745822798e-01 1.380213981483028318e-01 6.398924246571803254e-01
1.113712374581939812e+01 7.863143996202047459e-03 3.805010536671992183e-01 6.843200258701810368e-01 1.418552611104125782e-01 6.449793468448824507e-01
1.143812709030100372e+01 7.866100733346623880e-03 3.907760221285787594e-01 7.275234366057072855e-01 1.456891240725223247e-01 6.506952401211530956e-01
1.173913043478260931e+01 7.871439653351222990e-03 4.010509905899582450e-01 7.730862738622097385e-01 1.495229870346320711e-01 6.567998772186928180e-01
1.204013377926421491e+01 7.879450615849112674e-03 4.113259590513377861e-01 8.207791758065615673e-01 1.533568499967417620e-01 6.630175923837097196e-01
1.234113712374582050e+01 7.890295891791715421e-03 4.216009275127172717e-01 8.703892208439116818e-01 1.571907129588515084e-01 6.690900304849202174e-01
1.264214046822742610e+01 7.904017358861689657e-03 4.318758959740967573e-01 9.213262774533107491e-01 1.610245759209612548e-01 6.748365591939903263e-01
1.294314381270903169e+01 7.920548403855833669e-03 4.421508644354762985e-01 9.725067629184976914e-01 1.648584388830710012e-01 6.802063696637101753e-01
1.324414715719063551e+01 7.939729276508083328e-03 4.524258328968557841e-01 1.022802073237070841e+00 1.686923018451807477e-01 6.853026034301503699e-01
1.354515050167224111e+01 7.961326383602399318e-03 4.627008013582353252e-01 1.071647662346936869e+00 1.725261648072904941e-01 6.903646355557361280e-01
1.384615384615384670e+01 7.985056959020924230e-03 4.729757698196148108e-01 1.119110943736422836e+00 1.763600277694002405e-01 6.957088398853383815e-01
1.414715719063545230e+01 8.010620170074797541e-03 4.832507382809943519e-01 1.165341353997896956e+00 1.801938907315099869e-01 7.016442678527807786e-01
1.444816053511705789e+01 8.037734014559662007e-03 4.935257067423738375e-01 1.210125006694874106e+00 1.840277536936197333e-01 7.083899715862588264e-01
1.474916387959866348e+01 8.066174845400708379e-03 5.038006752037533786e-01 1.253073498996909452e+00 1.878616166557294798e-01 7.160208246129483589e-01
1.505016722408026908e+01 8.095813907399263681e-03 5.140756436651328087e-01 1.294007779525067736e+00 1.916954796178392262e-01 7.244590945842019902e-01
1.535117056856187467e+01 8.126643828953705392e-03 5.243506121265124609e-01 1.332792829548665958e+00 1.955293425799489726e-01 7.335134138717677166e-01
1.565217391304348027e+01 8.158788283518627130e-03 5.346255805878918910e-01 1.368736477383667660e+00 1.993632055420587190e-01 7.429502218498083010e-01
1.595317725752508409e+01 8.192490247688562557e-03 5.449005490492713211e-01 1.400427123201067436e+00 2.031970685041684654e-01 7.525708400193737990e-01
1.625418060200669146e+01 8.228078099162395090e-03 5.551755175106509732e-01 1.426399234358564527e+00 2.070309314662781563e-01 7.622653324844332889e-01
1.655518394648829528e+01 8.265913399718586088e-03 5.654504859720304033e-01 1.445952701887170067e+00 2.108647944283879028e-01 7.720244142790151365e-01
1.685618729096989910e+01 8.306328509884783676e-03 5.757254544334098334e-01 1.459302083726936372e+00 2.146986573904976492e-01 7.819093340256267899e-01
1.715719063545150647e+01 8.349565115043946356e-03 5.860004228947894855e-01 1.467128244761417344e+00 2.185325203526073956e-01 7.919981695494791030e-01
1.745819397993311028e+01 8.395725530563906761e-03 5.962753913561689156e-01 1.470228722729580273e+00 2.223663833147171420e-01 8.023363347092762332e-01
1.775919732441471766e+01 8.444747003444415603e-03 6.065503598175483457e-01 1.469539059056310437e+00 2.262002462768268884e-01 8.129154156980218371e-01
1.806020066889632147e+01 8.496405398782286983e-03 6.168253282789279979e-01 1.466100387052878151e+00 2.300341092389366349e-01 8.236905263150497980e-01
1.836120401337792885e+01 8.550349394835465161e-03 6.271002967403074280e-01 1.460615792175904648e+00 2.338679722010463813e-01 8.346288952232790992e-01
1.866220735785953266e+01 8.606160662412683585e-03 6.373752652016870801e-01 1.452923774248825239e+00 2.377018351631561277e-01 8.457681851496732239e-01
1.896321070234114003e+01 8.663430593471670854e-03 6.476502336630665102e-01 1.442038537897531780e+00 2.415356981252658741e-01 8.572570030917131545e-01
1.926421404682274385e+01 8.721840917656174808e-03 6.579252021244459403e-01 1.426901189699603112e+00 2.453695610873756205e-01 8.693546633193387496e-01
1.956521739130434767e+01 8.781234588169282984e-03 6.682001705858255924e-01 1.407243215812127302e+00 2.492034240494853670e-01 8.823818696648952908e-01
1.986622073578595504e+01 8.841664751525290730e-03 6.784751390472050225e-01 1.383832007989980850e+00 2.530372870115950579e-01 8.966340339273117799e-01
2.016722408026755886e+01 8.903413104972297126e-03 6.887501075085844526e-01 1.357955871247747304e+00 2.568711499737048043e-01 9.122866179365524131e-01
2.046822742474916623e+01 8.966973800999568367e-03 6.990250759699641048e-01 1.330656219770335102e+00 2.607050129358145507e-01 9.293289160050360875e-01
2.076923076923077005e+01 9.033004398055717588e-03 7.093000444313435349e-01 1.302302874269100741e+00 2.645388758979242971e-01 9.475542527192543085e-01
2.107023411371237742e+01 9.102250287740001194e-03 7.195750128927229650e-01 1.272683560108277767e+00 2.683727388600340436e-01 9.666123470087844005e-01
2.137123745819398124e+01 9.175452808364788909e-03 7.298499813541026171e-01 1.241400186784497484e+00 2.722066018221437900e-01 9.861026370701146959e-01
2.167224080267558861e+01 9.253253398147658418e-03 7.401249498154820472e-01 1.208321817587378888e+00 2.760404647842535364e-01 1.005669322182043635e+00
2.197324414715719243e+01 9.336106465846365221e-03 7.503999182768614773e-01 1.173861421799160532e+00 2.798743277463632828e-01 1.025061022056029447e+00
2.227424749163879625e+01 9.424212265874780045e-03 7.606748867382411294e-01 1.138807883475208449e+00 2.837081907084730292e-01 1.044140664126494755e+00
2.257525083612040362e+01 9.517478287193452402e-03 7.709498551996205595e-01 1.103736522978329138e+00 2.875420536705827756e-01 1.062860742608982445e+00
2.287625418060200744e+01 9.615513968062445321e-03 7.812248236610002117e-01 1.068574522395281612e+00 2.913759166326925221e-01 1.081235240505055373e+00
2.317725752508361481e+01 9.717659448365339667e-03 7.914997921223796418e-01 1.032882038591725005e+00 2.952097795948022685e-01 1.099330960197284490e+00
2.347826086956521863e+01 9.823045054710561469e-03 8.017747605837590719e-01 9.965858773889857414e-01 2.990436425569120149e-01 1.117275920454634752e+00
2.377926421404682600e+01 9.930674685885085284e-03 8.120497290451387240e-01 9.603145108829266308e-01 3.028775055190217058e-01 1.135262974549358095e+00
2.408026755852842982e+01 1.003952352982824363e-02 8.223246975065181541e-01 9.249964372571417570e-01 3.067113684811314522e-01 1.153530090216279280e+00
2.438127090301003363e+01 1.014863880775631992e-02 8.325996659678975842e-01 8.913176232898111229e-01 3.105452314432411987e-01 1.172321255688474118e+00
2.468227424749164101e+01 1.025723165114494385e-02 8.428746344292772363e-01 8.597004246236276126e-01 3.143790944053509451e-01 1.191852047953526617e+00
2.498327759197324482e+01 1.036474887655803624e-02 8.531496028906566664e-01 8.306390663890343973e-01 3.182129573674606915e-01 1.212301411281097474e+00
2.528428093645485220e+01 1.047091539073942076e-02 8.634245713520360965e-01 8.047281119825445694e-01 3.220468203295704379e-01 1.233826579323702877e+00
2.558528428093645601e+01 1.057574120536564251e-02 8.736995398134157487e-01 7.821846191798129677e-01 3.258806832916801843e-01 1.256572851386270395e+00
2.588628762541806339e+01 1.067949137883642333e-02 8.839745082747951788e-01 7.623415797161064988e-01 3.297145462537899308e-01 1.280648073622269401e+00
2.618729096989966720e+01 1.078262221445391682e-02 8.942494767361748309e-01 7.436369319971326552e-01 3.335484092158996772e-01 1.306058400299538347e+00
2.648829431438127102e+01 1.088569206638665722e-02 9.045244451975542610e-01 7.241765394211193696e-01 3.373822721780094236e-01 1.332638384902475659e+00
2.678929765886287839e+01 1.098925929451964253e-02 9.147994136589336911e-01 7.025686173471595852e-01 3.412161351401191700e-01 1.360026481249183794e+00
2.709030100334448221e+01 1.109378240714956401e-02 9.250743821203133432e-01 6.786027262617899680e-01 3.450499981022289164e-01 1.387721020887617396e+00
2.739130434782608958e+01 1.119953757866471236e-02 9.353493505816927733e-01 6.533991539901756740e-01 3.488838610643386628e-01 1.415210190732304252e+00
2.769230769230769340e+01 1.130656627927266282e-02 9.456243190430722034e-01 6.288705657226204560e-01 3.527177240264484093e-01 1.442128173063914609e+00
2.799331103678930077e+01 1.141466098646581190e-02 9.558992875044518556e-01 6.067137259476681477e-01 3.565515869885581002e-01 1.468372836857556818e+00
2.829431438127090459e+01 1.152339065530140136e-02 9.661742559658312857e-01 5.875009991045091473e-01 3.603854499506678466e-01 1.494135929362597093e+00
2.859531772575251196e+01 1.163216094891609577e-02 9.764492244272107158e-01 5.704768387935021945e-01 3.642193129127775930e-01 1.519833743688676853e+00
2.889632107023411578e+01 1.174029840796771140e-02 9.867241928885903679e-01 5.542418555364287958e-01 3.680531758748873394e-01 1.545965344822639587e+00
2.919732441471571960e+01 1.184714382465168470e-02 9.969991613499697980e-01 5.378395282879847583e-01 3.718870388369970859e-01 1.572950821523029674e+00
2.949832775919732697e+01 1.195213875008134356e-02 1.007274129811349228e+00 5.214039022864103146e-01 3.757209017991068323e-01 1.601006789477881442e+00
2.979933110367893079e+01 1.205489047875181290e-02 1.017549098272728880e+00 5.059082942011665640e-01 3.795547647612165787e-01 1.630100750451369374e+00
3.010033444816053816e+01 1.215520471936669053e-02 1.027824066734108310e+00 4.923520159448761535e-01 3.833886277233263251e-01 1.659994772477983549e+00
3.040133779264214198e+01 1.225308079623034507e-02 1.038099035195487740e+00 4.810977439216894691e-01 3.872224906854360715e-01 1.690352424696527134e+00
3.070234113712374935e+01 1.234867070151555134e-02 1.048374003656867393e+00 4.717207722563910854e-01 3.910563536475458180e-01 1.720856703330852833e+00
3.100334448160535317e+01 1.244220959598747213e-02 1.058648972118246823e+00 4.632199660471501002e-01 3.948902166096555644e-01 1.751286003528631285e+00
3.130434782608696054e+01 1.253393040945778580e-02 1.068923940579626253e+00 4.543444073198588118e-01 3.987240795717653108e-01 1.781523020095664656e+00
3.160535117056856436e+01 1.262397814178504996e-02 1.079198909041005905e+00 4.439792760721451570e-01 4.025579425338750572e-01 1.811511910049336871e+00
3.190635451505016817e+01 1.271233971485426564e-02 1.089473877502385335e+00 4.315582770057011519e-01 4.063918054959848036e-01 1.841205514162484791e+00
3.220735785953177555e+01 1.279880260619446590e-02 1.099748845963764765e+00 4.172893404133692918e-01 4.102256684580944945e-01 1.870539455231536863e+00
3.250836120401338292e+01 1.288295036538927157e-02 1.110023814425144417e+00 4.019662192834098091e-01 4.140595314202042410e-01 1.899440214892508694e+00
3.280936454849498318e+01 1.296419637229771771e-02 1.120298782886523847e+00 3.864566226094907075e-01 4.178933943823139874e-01 1.927845833386694130e+00
3.311036789297659055e+01 1.304185014646299864e-02 1.130573751347903499e+00 3.712883454933043059e-01 4.217272573444237338e-01 1.955713688787059423e+00
3.341137123745819792e+01 1.311520460571196679e-02 1.140848719809282930e+00 3.566775674522361661e-01 4.255611203065334802e-01 1.983009976062376278e+00
3.371237458193979819e+01 1.318362913690598187e-02 1.151123688270662360e+00 3.428653422178431498e-01 4.293949832686432266e-01 2.009698208246195605e+00
3.401337792642140556e+01 1.324665288619055088e-02 1.161398656732042012e+00 3.302757682896470537e-01 4.332288462307529731e-01 2.035746647508848817e+00
3.431438127090301293e+01 1.330402527233692442e-02 1.171673625193421442e+00 3.192489374265758406e-01 4.370627091928627195e-01 2.061154578554265093e+00
3.461538461538462030e+01 1.335574562649020566e-02 1.181948593654800872e+00 3.096570390099524506e-01 4.408965721549724659e-01 2.085973933031723515e+00
3.491638795986622057e+01 1.340205981562495215e-02 1.192223562116180524e+00 3.008585878193563157e-01 4.447304351170822123e-01 2.110298323760221084e+00
3.521739130434782794e+01 1.344342732571719191e-02 1.202498530577559954e+00 2.920439023322653482e-01 4.485642980791919587e-01 2.134211408893517348e+00
3.551839464882943531e+01 1.348046641698008932e-02 1.212773499038939384e+00 2.826583345119813573e-01 4.523981610413017052e-01 2.157715309754205002e+00
3.581939799331104268e+01 1.351388699578595469e-02 1.223048467500319036e+00 2.726301033198232915e-01 4.562320240034114516e-01 2.180675791231761362e+00
3.612040133779264295e+01 1.354442078098499168e-02 1.233323435961698467e+00 2.623536510656705456e-01 4.600658869655211980e-01 2.202813843700986762e+00
3.642140468227425032e+01 1.357275671123816217e-02 1.243598404423077897e+00 2.525079523514353608e-01 4.638997499276308889e-01 2.223750457004288528e+00
3.672240802675585769e+01 1.359948716547149800e-02 1.253873372884457549e+00 2.437948659277777430e-01 4.677336128897406353e-01 2.243088742618923881e+00
3.702341137123745796e+01 1.362506825690622606e-02 1.264148341345836979e+00 2.366498491583861885e-01 4.715674758518503817e-01 2.260506399691520674e+00
3.732441471571906533e+01 1.364979574828724916e-02 1.274423309807216631e+00 2.310095315964080520e-01 4.754013388139601282e-01 2.275832291892166293e+00
3.762541806020067270e+01 1.367379715317061997e-02 1.284698278268596061e+00 2.262990247421098888e-01 4.792352017760698746e-01 2.289087610422587904e+00
3.792642140468228007e+01 1.369704008225157595e-02 1.294973246729975491e+00 2.217197873989631973e-01 4.830690647381796210e-01 2.300480182818214203e+00
3.822742474916388034e+01 1.371935638583928266e-02 1.305248215191355143e+00 2.166501384886647952e-01 4.869029277002893674e-01 2.310349844006617470e+00
3.852842809364548771e+01 1.374048066780479693e-02 1.315523183652734573e+00 2.108584267798476464e-01 4.907367906623991138e-01 2.319074454593424761e+00
3.882943143812709508e+01 1.376010008472968067e-02 1.325798152114114004e+00 2.044539556570072469e-01 4.945706536245088603e-01 2.326958155504257331e+00
3.913043478260869534e+01 1.377791017329700780e-02 1.336073120575493656e+00 1.977390248660583216e-01 4.984045165866186067e-01 2.334131000062262817e+00
3.943143812709030271e+01 1.379366933909188450e-02 1.346348089036873086e+00 1.910855457106351019e-01 5.022383795487282976e-01 2.340488371350036623e+00
3.973244147157191009e+01 1.380724339123043029e-02 1.356623057498252516e+00 1.848220514388957958e-01 5.060722425108380440e-01 2.345689347629064336e+00
4.003344481605351746e+01 1.381863186970312511e-02 1.366898025959632168e+00 1.791260957578687529e-01 5.099061054729477904e-01 2.349218093226126847e+00
4.033444816053511772e+01 1.382797027845659478e-02 1.377172994421011598e+00 1.739834999012967176e-01 5.137399684350575368e-01 2.350495177761497079e+00
4.063545150501672509e+01 1.383550651947549302e-02 1.387447962882391250e+00 1.692431652034222522e-01 5.175738313971672833e-01 2.349010869349581032e+00
4.093645484949833246e+01 1.384155500987830668e-02 1.397722931343770680e+00 1.647174117302474539e-01 5.214076943592770297e-01 2.344444911015421074e+00
4.123745819397993273e+01 1.384643689252574791e-02 1.407997899805150110e+00 1.602568045856056222e-01 5.252415573213867761e-01 2.336740677912795050e+00
4.153846153846154010e+01 1.385041805972685863e-02 1.418272868266529763e+00 1.557645714715035212e-01 5.290754202834965225e-01 2.326115184390620705e+00
4.183946488294314747e+01 1.385365736716953275e-02 1.428547836727909193e+00 1.511692638941909972e-01 5.329092832456062689e-01 2.313004897809557203e+00
4.214046822742475484e+01 1.385617507785468112e-02 1.438822805189288623e+00 1.464131907630104590e-01 5.367431462077160154e-01 2.297964497818976604e+00
4.244147157190635511e+01 1.385784675151656951e-02 1.449097773650668275e+00 1.415048944740173731e-01 5.405770091698257618e-01 2.281547772898822046e+00
4.274247491638796248e+01 1.385842173798088051e-02 1.459372742112047705e+00 1.366181762851366166e-01 5.444108721319355082e-01 2.264204712310269318e+00
4.304347826086956985e+01 1.385755979004381355e-02 1.469647710573427135e+00 1.321354693764232036e-01 5.482447350940452546e-01 2.246223757283338784e+00
4.334448160535117722e+01 1.385487562693854535e-02 1.479922679034806787e+00 1.285124000980398806e-01 5.520785980561550010e-01 2.227730953145707460e+00
4.364548494983277749e+01 1.384998051902858011e-02 1.490197647496186217e+00 1.259662285550395555e-01 5.559124610182647475e-01 2.208732579989012734e+00
4.394648829431438486e+01 1.384251221988973962e-02 1.500472615957565647e+00 1.242068480188032037e-01 5.597463239803744939e-01 2.189167964920613496e+00
4.424749163879599223e+01 1.383214904777093149e-02 1.510747584418945300e+00 1.224955873292671582e-01 5.635801869424842403e-01 2.168939368834509551e+00
4.454849498327759250e+01 1.381860920303004669e-02 1.521022552880324730e+00 1.200755296688879453e-01 5.674140499045939867e-01 2.147908737972821669e+00
4.484949832775919987e+01 1.380164093339968090e-02 1.531297521341704382e+00 1.166611858736381069e-01 5.712479128667037331e-01 2.125881225009560893e+00
4.515050167224080724e+01 1.378101168484454839e-02 1.541572489803083812e+00 1.125860278032464329e-01 5.750817758288134796e-01 2.102609681179653744e+00
4.545150501672241461e+01 1.375650433575683305e-02 1.551847458264463242e+00 1.085045897865795916e-01 5.789156387909232260e-01 2.077841476206482518e+00
4.575250836120401488e+01 1.372792621429865662e-02 1.562122426725842894e+00 1.049322272619953172e-01 5.827495017530329724e-01 2.051398983701372636e+00
4.605351170568562225e+01 1.369513267424274199e-02 1.572397395187222324e+00 1.019964320286829984e-01 5.865833647151427188e-01 2.023259690007882750e+00
4.635451505016722962e+01 1.365806268865905546e-02 1.582672363648601754e+00 9.952283810915836526e-02 5.904172276772524652e-01 1.993596391406047941e+00
4.665551839464882988e+01 1.361678029627466646e-02 1.592947332109981406e+00 9.728160403955268820e-02 5.942510906393622117e-01 1.962751847280559625e+00
4.695652173913043725e+01 1.357151356539390563e-02 1.603222300571360837e+00 9.515006701582592874e-02 5.980849536014719581e-01 1.931145705663367629e+00
4.725752508361204463e+01 1.352268235339263748e-02 1.613497269032740267e+00 9.310668096772285740e-02 6.019188165635815935e-01 1.899136263907472033e+00
4.755852842809365200e+01 1.347090746133832763e-02 1.623772237494119919e+00 9.115469951428843698e-02 6.057526795256913399e-01 1.866881184803818039e+00
4.785953177257525226e+01 1.341699645278739660e-02 1.634047205955499349e+00 8.929549555670891758e-02 6.095865424878010863e-01 1.834252840594429390e+00
4.816053511705685963e+01 1.336190490772189848e-02 1.644322174416879001e+00 8.754744289125275525e-02 6.134204054499108327e-01 1.800854485018649864e+00
4.846153846153846700e+01 1.330667564348092004e-02 1.654597142878258431e+00 8.593041556072261722e-02 6.172542684120205791e-01 1.766147288990900233e+00
4.876254180602006727e+01 1.325236188182002742e-02 1.664872111339637861e+00 8.441164183978325242e-02 6.210881313741303256e-01 1.729647171964982189e+00
4.906354515050167464e+01 1.319994294878515557e-02 1.675147079801017513e+00 8.289520835472623250e-02 6.249219943362400720e-01 1.691112253179657854e+00
4.936454849498328201e+01 1.315024244294078597e-02 1.685422048262396943e+00 8.128668040193767763e-02 6.287558572983498184e-01 1.650642348483822630e+00
4.966555183946488938e+01 1.310385866626253594e-02 1.695697016723776374e+00 7.956440635073604162e-02 6.325897202604595648e-01 1.608653840448181160e+00
4.996655518394648965e+01 1.306111551089135341e-02 1.705971985185156026e+00 7.779337843216761750e-02 6.364235832225693112e-01 1.565751850208678242e+00
5.026755852842809702e+01 1.302203925023502802e-02 1.716246953646535456e+00 7.609055582275559004e-02 6.402574461846790577e-01 1.522562519815130910e+00
5.056856187290970439e+01 1.298636333940839799e-02 1.726521922107914886e+00 7.457654403675513521e-02 6.440913091467888041e-01 1.479591419024539611e+00
5.086956521739130466e+01 1.295356002306988566e-02 1.736796890569294538e+00 7.333414762511197837e-02 6.479251721088985505e-01 1.437145726367659249e+00
5.117056856187291203e+01 1.292289482753960009e-02 1.747071859030673968e+00 7.239260838318400948e-02 6.517590350710082969e-01 1.395321641291103809e+00
5.147157190635451940e+01 1.289349819241473322e-02 1.757346827492053398e+00 7.174126056864806034e-02 6.555928980331180433e-01 1.354036641669955188e+00
5.177257525083612677e+01 1.286444759144524976e-02 1.767621795953433050e+00 7.133784430392887954e-02 6.594267609952277898e-01 1.313085154164599144e+00
5.207357859531772704e+01 1.283485327495963689e-02 1.777896764414812480e+00 7.108925826337478271e-02 6.632606239573375362e-01 1.272206587997137150e+00
5.237458193979933441e+01 1.280394090722607701e-02 1.788171732876192133e+00 7.085187695205699687e-02 6.670944869194472826e-01 1.231162281010834691e+00
5.267558528428094178e+01 1.277112461531088559e-02 1.798446701337571563e+00 7.049998772081032816e-02 6.709283498815570290e-01 1.189815270761996668e+00
5.297658862876254204e+01 1.273606425731473903e-02 1.808721669798950993e+00 7.000345599697282983e-02 6.747622128436667754e-01 1.148197118231593983e+00
5.327759197324414941e+01 1.269870123446421341e-02 1.818996638260330645e+00 6.939855110614176481e-02 6.785960758057765219e-01 1.106538604104490009e+00
5.357859531772575679e+01 1.265926823409257301e-02 1.829271606721710075e+00 6.865524199554831619e-02 6.824299387678862683e-01 1.065244052537799746e+00
5.387959866220736416e+01 1.261827019263358184e-02 1.839546575183089505e+00 6.760649232352346216e-02 6.862638017299960147e-01 1.024804262468729910e+00
5.418060200668896442e+01 1.257643659040532345e-02 1.849821543644469157e+00 6.607264423192496516e-02 6.900976646921057611e-01 9.856656425895842233e-01
5.448160535117057179e+01 1.253464867938585553e-02 1.860096512105848587e+00 6.408598028085128739e-02 6.939315276542155075e-01 9.480936273849279727e-01
5.478260869565217916e+01 1.249384881197945774e-02 1.870371480567228017e+00 6.197114477772313473e-02 6.977653906163252540e-01 9.120766616447283370e-01
5.508361204013378654e+01 1.245494189435155177e-02 1.880646449028607670e+00 6.016739239980151144e-02 7.015992535784350004e-01 8.773072256192886442e-01
5.538461538461538680e+01 1.241870038226415562e-02 1.890921417489987100e+00 5.894499017665294494e-02 7.054331165405447468e-01 8.432510713218767107e-01
5.568561872909699417e+01 1.238568371947486139e-02 1.901196385951366530e+00 5.826644876491970937e-02 7.092669795026543822e-01 8.092856253748187401e-01
5.598662207357860154e+01 1.235618072326435772e-02 1.911471354412746182e+00 5.788621838031123013e-02 7.131008424647641286e-01 7.748664542471537242e-01
5.628762541806020181e+01 1.233017970205436617e-02 1.921746322874125612e+00 5.756574849843997671e-02 7.169347054268738750e-01 7.396747560710019709e-01
5.658862876254180918e+01 1.230736696974156670e-02 1.932021291335505264e+00 5.722136006292215249e-02 7.207685683889836215e-01 7.037079779836673543e-01
5.688963210702341655e+01 1.228715090109257571e-02 1.942296259796884694e+00 5.693208727073239411e-02 7.246024313510933679e-01 6.672925868928286652e-01
5.719063545150502392e+01 1.226870649475040286e-02 1.952571228258264124e+00 5.685194849612304480e-02 7.284362943132031143e-01 6.310160077873764317e-01
5.749163879598662419e+01 1.225103480704125766e-02 1.962846196719643777e+00 5.708635102978806830e-02 7.322701572753128607e-01 5.955917964745585103e-01
5.779264214046823156e+01 1.223303224790238397e-02 1.973121165181023207e+00 5.757483849803320813e-02 7.361040202374226071e-01 5.616888688929816409e-01
5.809364548494983893e+01 1.221356583057911158e-02 1.983396133642402637e+00 5.805265612073934323e-02 7.399378831995323536e-01 5.297697686438956888e-01
5.839464882943143920e+01 1.219155119076816181e-02 1.993671102103782289e+00 5.816280247593508257e-02 7.437717461616421000e-01 4.999871059611948332e-01
5.869565217391304657e+01 1.216602996956954799e-02 2.003946070565161719e+00 5.767498119945894258e-02 7.476056091237518464e-01 4.721737607247625257e-01
5.899665551839465394e+01 1.213624195822930393e-02 2.014221039026541149e+00 5.664509621762239822e-02 7.514394720858615928e-01 4.459313857271631210e-01
5.929765886287626131e+01 1.210168578106444841e-02 2.024496007487920579e+00 5.538023307855799438e-02 7.552733350479713392e-01 4.207847985427621840e-01
5.959866220735786158e+01 1.206216077269218340e-02 2.034770975949300453e+00 5.424065907605139097e-02 7.591071980100810856e-01 3.963447228930904176e-01
5.989966555183946895e+01 1.201778301916389159e-02 2.045045944410679883e+00 5.343930605516384463e-02 7.629410609721908321e-01 3.724208979171027556e-01
6.020066889632107632e+01 1.196897082338216692e-02 2.055320912872059314e+00 5.297347087548340966e-02 7.667749239343005785e-01 3.490515712727029762e-01
6.050167224080267658e+01 1.191639901315410047e-02 2.065595881333438744e+00 5.269743371702202694e-02 7.706087868964103249e-01 3.264509315747786133e-01
6.080267558528428395e+01 1.186092673994789889e-02 2.075870849794818174e+00 5.245230927076183214e-02 7.744426498585200713e-01 3.049058910712509340e-01
6.110367892976589133e+01 1.180350845244901477e-02 2.086145818256197604e+00 5.216452783609162869e-02 7.782765128206298177e-01 2.846660626486199885e-01
6.140468227424749870e+01 1.174510122203061870e-02 2.096420786717577478e+00 5.186438868264064278e-02 7.821103757827395642e-01 2.658644199688683929e-01
6.170568561872909896e+01 1.168658253654659453e-02 2.106695755178956908e+00 5.162327136652908322e-02 7.859442387448493106e-01 2.484880435295224455e-01
6.200668896321070633e+01 1.162869070992538466e-02 2.116970723640336338e+00 5.145711756187711788e-02 7.897781017069590570e-01 2.323982003276879316e-01
6.230769230769231370e+01 1.157199559200905621e-02 2.127245692101715768e+00 5.127385112893713404e-02 7.936119646690688034e-01 2.173839427615185393e-01
6.260869565217392108e+01 1.151690136630711785e-02 2.137520660563095198e+00 5.092076154279175093e-02 7.974458276311785498e-01 2.032263813761005233e-01
6.290969899665552134e+01 1.146367728778145516e-02 2.147795629024475073e+00 5.031407611054375395e-02 8.012796905932882963e-01 1.897516372682224728e-01
6.321070234113712871e+01 1.141250756904185586e-02 2.158070597485854503e+00 4.954875278694061136e-02 8.051135535553980427e-01 1.768576617994824518e-01
6.351170568561873608e+01 1.136354917618245287e-02 2.168345565947233933e+00 4.886745890043298068e-02 8.089474165175077891e-01 1.645112080057649639e-01
6.381270903010033635e+01 1.131698630903038225e-02 2.178620534408613363e+00 4.847690803084805933e-02 8.127812794796175355e-01 1.527226775138960935e-01
6.411371237458195083e+01 1.127307243003396880e-02 2.188895502869992793e+00 4.837004753184022399e-02 8.166151424417272819e-01 1.415140459460036693e-01
6.441471571906355109e+01 1.123215402806312761e-02 2.199170471331372223e+00 4.834191940601518384e-02 8.204490054038369173e-01 1.308954198119918755e-01
6.471571906354515136e+01 1.119467387105091416e-02 2.209445439792752097e+00 4.819141872029006346e-02 8.242828683659466638e-01 1.208590572162620558e-01
6.501672240802676583e+01 1.116115450869793226e-02 2.219720408254131527e+00 4.789394015943584937e-02 8.281167313280564102e-01 1.113895308373502313e-01
6.531772575250836610e+01 1.113216482843312240e-02 2.229995376715510957e+00 4.757110343053388285e-02 8.319505942901661566e-01 1.024803610970786011e-01
6.561872909698996637e+01 1.110827358503302560e-02 2.240270345176890388e+00 4.731849941150187422e-02 8.357844572522759030e-01 9.414484345450410685e-02
6.591973244147158084e+01 1.108999437150237112e-02 2.250545313638269818e+00 4.708942107503876623e-02 8.396183202143856494e-01 8.641273437658528178e-02
6.622073578595318111e+01 1.107772690668741913e-02 2.260820282099649692e+00 4.673924391692004660e-02 8.434521831764953959e-01 7.931258734704654811e-02
6.652173913043478137e+01 1.107170005218337250e-02 2.271095250561029122e+00 4.616293655112156669e-02 8.472860461386051423e-01 7.284767833406359527e-02
6.682274247491639585e+01 1.107192260524940061e-02 2.281370219022408552e+00 4.539062953542630230e-02 8.511199091007148887e-01 6.697757183082363175e-02
6.712374581939799612e+01 1.107814832391871424e-02 2.291645187483787982e+00 4.456337995743583219e-02 8.549537720628246351e-01 6.161536706071485403e-02
6.742474916387959638e+01 1.108986135929993302e-02 2.301920155945167412e+00 4.381620297314423040e-02 8.587876350249343815e-01 5.664353089990219192e-02
6.772575250836121086e+01 1.110628689938950898e-02 2.312195124406546842e+00 4.317541388555129478e-02 8.626214979870441280e-01 5.194266274228159785e-02
6.802675585284281112e+01 1.112642922764069814e-02 2.322470092867926716e+00 4.256933613937114586e-02 8.664553609491538744e-01 4.742192323869506843e-02
6.832775919732442560e+01 1.114913578658737782e-02 2.332745061329306147e+00 4.193976102715799015e-02 8.702892239112636208e-01 4.303975196639575618e-02
6.862876254180602587e+01 1.117318177412473558e-02 2.343020029790685577e+00 4.132834262562145450e-02 8.741230868733733672e-01 3.880832731940742075e-02
6.892976588628762613e+01 1.119736607356018425e-02 2.353294998252065007e+00 4.083786796898622451e-02 8.779569498354831136e-01 3.478200637484778895e-02
6.923076923076924061e+01 1.122060675447775560e-02 2.363569966713444437e+00 4.051818619787385389e-02 8.817908127975928601e-01 3.103538829779260710e-02
6.953177257525084087e+01 1.124202364692982077e-02 2.373844935174824311e+00 4.031554946754399571e-02 8.856246757597026065e-01 2.763880540475367395e-02
6.983277591973244114e+01 1.126099692280229866e-02 2.384119903636203741e+00 4.013773521721793192e-02 8.894585387218123529e-01 2.463808234051946544e-02
7.013377926421405562e+01 1.127719411179309815e-02 2.394394872097583171e+00 3.994519254831761790e-02 8.932924016839220993e-01 2.204271093040274104e-02
7.043478260869565588e+01 1.129056297185573529e-02 2.404669840558962601e+00 3.976408850271027917e-02 8.971262646460318457e-01 1.982370474942051972e-02
7.073578595317725615e+01 1.130129318680567901e-02 2.414944809020342031e+00 3.962619584694393460e-02 9.009601276081415921e-01 1.792021730957431627e-02
7.103678929765887062e+01 1.130975485019179022e-02 2.425219777481721461e+00 3.951906383739283574e-02 9.047939905702513386e-01 1.625262781788467531e-02
7.133779264214047089e+01 1.131642505641367903e-02 2.435494745943101336e+00 3.940088093855401152e-02 9.086278535323610850e-01 1.473889532983047902e-02
7.163879598662208537e+01 1.132181493671403569e-02 2.445769714404480766e+00 3.926088081389517842e-02 9.124617164944708314e-01 1.331037751317683260e-02
7.193979933110368563e+01 1.132640796954496876e-02 2.456044682865860196e+00 3.916470707154408315e-02 9.162955794565805778e-01 1.192327770784957358e-02
7.224080267558528590e+01 1.133061679365315010e-02 2.466319651327239626e+00 3.923120214429948183e-02 9.201294424186903242e-01 1.056290617315365152e-02
7.254180602006690037e+01 1.133476100321777202e-02 2.476594619788619056e+00 3.953637270543314958e-02 9.239633053808000707e-01 9.240097007690963385e-03
7.284280936454850064e+01 1.133906371767359582e-02 2.486869588249998486e+00 4.001333521573311597e-02 9.277971683429097061e-01 7.981700345017456871e-03
7.314381270903010090e+01 1.134366123919303311e-02 2.497144556711378360e+00 4.045158450953736939e-02 9.316310313050194525e-01 6.818875643831217789e-03
7.344481605351171538e+01 1.134861860379918555e-02 2.507419525172757790e+00 4.063080024474369917e-02 9.354648942671291989e-01 5.777077947457257001e-03
7.374581939799331565e+01 1.135394448335572126e-02 2.517694493634137221e+00 4.049005504395984667e-02 9.392987572292389453e-01 4.870227768801498568e-03
7.404682274247491591e+01 1.135960128357340129e-02 2.527969462095516651e+00 4.017379883006922531e-02 9.431326201913486917e-01 4.099499883938513903e-03
7.434782608695653039e+01 1.136550953032056804e-02 2.538244430556896081e+00 3.990045487098418248e-02 9.469664831534584382e-01 3.455533855278820204e-03
7.464882943143813065e+01 1.137154868911494088e-02 2.548519399018275955e+00 3.977037766190869711e-02 9.508003461155681846e-01 2.922243572474088249e-03
7.494983277591973092e+01 1.137755850774557417e-02 2.558794367479655385e+00 3.968423122239041895e-02 9.546342090776779310e-01 2.480692564334543125e-03
7.525083612040134540e+01 1.138334529451326578e-02 2.569069335941034815e+00 3.943418047406745119e-02 9.584680720397876774e-01 2.112210966839671474e-03
7.555183946488294566e+01 1.138869624924690981e-02 2.579344304402414245e+00 3.888309930047798013e-02 9.623019350018974238e-01 1.800561101339395211e-03
7.585284280936456014e+01 1.139340253272060413e-02 2.589619272863793675e+00 3.809049629541851750e-02 9.661357979640071703e-01 1.533260405187073612e-03
7.615384615384616041e+01 1.139728896842762476e-02 2.599894241325173105e+00 3.729851087854778313e-02 9.699696609261169167e-01 1.302168331956324006e-03
7.645484949832776067e+01 1.140024593440193065e-02 2.610169209786552980e+00 3.679564308685286805e-02 9.738035238882266631e-01 1.103327800609765199e-03
7.675585284280937515e+01 1.140225773605215050e-02 2.620444178247932410e+00 3.675407624604532658e-02 9.776373868503364095e-01 9.360220066455945606e-04
7.705685618729097541e+01 1.140342181487163931e-02 2.630719146709311840e+00 3.714343589366893988e-02 9.814712498124461559e-01 8.011525134189850230e-04
7.735785953177257568e+01 1.140395442684478088e-02 2.640994115170691270e+00 3.776259972274881999e-02 9.853051127745559024e-01 6.993007757364939512e-04
7.765886287625419016e+01 1.140418052188096193e-02 2.651269083632070700e+00 3.834940039648983279e-02 9.891389757366656488e-01 6.290376931028201883e-04
7.795986622073579042e+01 1.140450795954739242e-02 2.661544052093450574e+00 3.868895136762950243e-02 9.929728386987753952e-01 5.860370610311737942e-04
7.826086956521739069e+01 1.140538844503802621e-02 2.671819020554830004e+00 3.866758575107032830e-02 9.968067016608851416e-01 5.632833546055822371e-04
7.856187290969900516e+01 1.140726935828121312e-02 2.682093989016209434e+00 3.827161393398616912e-02 1.000640564622994777e+00 5.522491917795127256e-04
7.886287625418060543e+01 1.141054185089324970e-02 2.692368957477588864e+00 3.756181551275919461e-02 1.004474427585104523e+00 5.445592605669182093e-04
7.916387959866221991e+01 1.141549119473834854e-02 2.702643925938968295e+00 3.665555897950996400e-02 1.008308290547214270e+00 5.335349531431163046e-04
7.946488294314382017e+01 1.142225541195518793e-02 2.712918894400347725e+00 3.572070866246258164e-02 1.012142153509324016e+00 5.151628409185695853e-04
7.976588628762542044e+01 1.143079769867870812e-02 2.723193862861727599e+00 3.494770329442058870e-02 1.015976016471433763e+00 4.883252733118790536e-04
8.006688963210703491e+01 1.144089703195747681e-02 2.733468831323107029e+00 3.447576031404687297e-02 1.019809879433543509e+00 4.543904097738205527e-04
8.036789297658863518e+01 1.145215958854259308e-02 2.743743799784486459e+00 3.431634221401966972e-02 1.023643742395653256e+00 4.163777961512724057e-04
8.066889632107023544e+01 1.146405125955974984e-02 2.754018768245865889e+00 3.434594324230558909e-02 1.027477605357763002e+00 3.779191414395684429e-04
8.096989966555184992e+01 1.147594882165367883e-02 2.764293736707245319e+00 3.437606979842194183e-02 1.031311468319872748e+00 3.422118846009926971e-04
8.127090301003345019e+01 1.148720458855492441e-02 2.774568705168625193e+00 3.424226896338868065e-02 1.035145331281982495e+00 3.111684858223181518e-04
8.157190635451505045e+01 1.149721708533846774e-02 2.784843673630004623e+00 3.386526798234176794e-02 1.038979194244092241e+00 2.849714530960943009e-04
8.187290969899666493e+01 1.150549892332090873e-02 2.795118642091384054e+00 3.327208077897639976e-02 1.042813057206201988e+00 2.621878375676827875e-04
8.217391304347826519e+01 1.151173294216373613e-02 2.805393610552763484e+00 3.257178339143833312e-02 1.046646920168311734e+00 2.404432563019881389e-04
8.247491638795986546e+01 1.151580894359417392e-02 2.815668579014142914e+00 3.189699364981106455e-02 1.050480783130421480e+00 2.174440327860891517e-04
8.277591973244147994e+01 1.151783582869949675e-02 2.825943547475522344e+00 3.135315362787409466e-02 1.054314646092531227e+00 1.919686812228286240e-04
8.307692307692308020e+01 1.151812729789233013e-02 2.836218515936902218e+00 3.100414968184472819e-02 1.058148509054640973e+00 1.644323248978459050e-04
8.337792642140469468e+01 1.151716295227538447e-02 2.846493484398281648e+00 3.087399134690535854e-02 1.061982372016750720e+00 1.367957080589443425e-04
8.367892976588629494e+01 1.151553006228130289e-02 2.856768452859661078e+00 3.093861304955144650e-02 1.065816234978860466e+00 1.118727168711222399e-04
8.397993311036789521e+01 1.151385390362955757e-02 2.867043421321040508e+00 3.112059907770526809e-02 1.069650097940970213e+00 9.234239130072199962e-05
8.428093645484950969e+01 1.151272599482422096e-02 2.877318389782419938e+00 3.130762949214747903e-02 1.073483960903079959e+00 7.986628532036246721e-05
8.458193979933110995e+01 1.151263959600974142e-02 2.887593358243799369e+00 3.138367213676446221e-02 1.077317823865189705e+00 7.461867647368014187e-05
8.488294314381271022e+01 1.151394046909832991e-02 2.897868326705179243e+00 3.125599556629994613e-02 1.081151686827299452e+00 7.532863759184708419e-05
8.518394648829432469e+01 1.151679840446141918e-02 2.908143295166558673e+00 3.088631469580763178e-02 1.084985549789409198e+00 7.972721131154927681e-05
8.548494983277592496e+01 1.152120182501517077e-02 2.918418263627938103e+00 3.032376846072738080e-02 1.088819412751518945e+00 8.517919895210472852e-05
8.578595317725752523e+01 1.152697442442570004e-02 2.928693232089317533e+00 2.969290107347006061e-02 1.092653275713628691e+00 8.928034111511897917e-05
8.608695652173913970e+01 1.153380982724350884e-02 2.938968200550696963e+00 2.909902440315080899e-02 1.096487138675738437e+00 9.028082741886880912e-05
8.638795986622073997e+01 1.154131812271813606e-02 2.949243169012076837e+00 2.849356000901064404e-02 1.100321001637848184e+00 8.729354963505436772e-05
8.668896321070235444e+01 1.154907709162008959e-02 2.959518137473456267e+00 2.760037330373008718e-02 1.104154864599957930e+00 8.031075823555421328e-05
8.698996655518395471e+01 1.155668107131184973e-02 2.969793105934835697e+00 2.598046538733421798e-02 1.107988727562067677e+00 7.007253976282054239e-05
8.729096989966555498e+01 1.156378153642007196e-02 2.980068074396215128e+00 2.324000666113551147e-02 1.111822590524177423e+00 5.782645401040614557e-05
8.759197324414716945e+01 1.157011530426926144e-02 2.990343042857594558e+00 1.930006553568066122e-02 1.115656453486287170e+00 4.502007213817742275e-05
8.789297658862876972e+01 1.157551842440494687e-02 3.000618011318973988e+00 1.456068438453829959e-02 1.119490316448396916e+00 3.298608658948205699e-05
8.819397993311036998e+01 1.157992590848268971e-02 3.010892979780353862e+00 9.794298609435122052e-03 1.123324179410506662e+00 2.269427809373073508e-05
8.849498327759198446e+01 1.158335920746242365e-02 3.021167948241733292e+00 5.785185076204366582e-03 1.127158042372616409e+00 1.463122295512102929e-05
8.879598662207358473e+01 1.158590457174442021e-02 3.031442916703112722e+00 2.965223225192945358e-03 1.130991905334726155e+00 8.823913628488088559e-06
8.909698996655518499e+01 1.158768608333228707e-02 3.041717885164492152e+00 1.307052476872655467e-03 1.134825768296835902e+00 4.970727855916131820e-06
8.939799331103679947e+01 1.158883727339601530e-02 3.051992853625871582e+00 4.921809423826552492e-04 1.138659631258945648e+00 2.612377098053896182e-06
8.969899665551839973e+01 1.158947494039208256e-02 3.062267822087251457e+00 1.575482003312197695e-04 1.142493494221055395e+00 1.279652483576639604e-06
9.000000000000000000e+01 1.158967818971214439e-02 3.072542790548630887e+00 4.271486916974892134e-05 1.146327357183165141e+00 5.837946287633517248e-07
