0.000000000000000000e+00 9.486318938763964662e-03 1.231774783491956793e-04 1.091997848719417630e-01 1.115932290065083099e-04 6.273200432206271770e-01
3.010033444816053727e-01 9.492583848707710631e-03 1.048036526339951591e-02 1.095139488967731140e-01 2.597304759793879654e-03 6.286013693736617336e-01
6.020066889632107454e-01 9.510834422046986897e-03 2.083755304844983613e-02 1.104531465491845055e-01 5.083016290581250998e-03 6.321542920512515096e-01
9.030100334448161181e-01 9.539638989771139638e-03 3.119474083350015636e-02 1.120520484051537868e-01 7.568727821368622342e-03 6.377536422476002276e-01
1.204013377926421491e+00 9.577221534102103168e-03 4.155192861855047659e-02 1.143700856041167530e-01 1.005443935215599369e-02 6.450441416782315418e-01
1.505016722408026864e+00 9.622187767157435595e-03 5.190911640360079682e-02 1.174888130763499516e-01 1.254015088294336416e-02 6.535679746045348626e-01
1.806020066889632236e+00 9.674222154066765972e-03 6.226630418865111705e-02 1.215020505961412894e-01 1.502586241373073637e-02 6.628080325214551483e-01
2.107023411371237387e+00 9.734550902138460957e-03 7.262349197370143727e-02 1.264996479857702638e-01 1.751157394451810859e-02 6.722443973094449632e-01
2.408026755852842982e+00 9.806025019061208672e-03 8.298067975875175750e-02 1.325498396551652303e-01 1.999728547530547906e-02 6.814158366881143403e-01
2.709030100334448576e+00 9.892768897775759684e-03 9.333786754380207773e-02 1.396868104059436344e-01 2.248299700609284954e-02 6.899741054244119542e-01
3.010033444816053727e+00 9.999441268719931261e-03 1.036950553288523980e-01 1.479084750950073468e-01 2.496870853688022002e-02 6.977189057438121234e-01
3.311036789297658878e+00 1.013024848833964445e-02 1.140522431139027182e-01 1.571856938566218997e-01 2.745442006766759396e-02 7.046058063256301907e-01
3.612040133779264472e+00 1.028792039842914112e-02 1.244094308989530384e-01 1.674801525307386130e-01 2.994013159845496444e-02 7.107265941791619523e-01
3.913043478260870067e+00 1.047289142962017951e-02 1.347666186840033586e-01 1.787655041066554262e-01 3.242584312924233492e-02 7.162687045123218299e-01
4.214046822742474774e+00 1.068290797366580960e-02 1.451238064690536789e-01 1.910457474146858847e-01 3.491155466002970886e-02 7.214650880430624191e-01
4.515050167224080369e+00 1.091319686328550212e-02 1.554809942541039991e-01 2.043660625175992562e-01 3.739726619081707587e-02 7.265469516026344943e-01
4.816053511705685963e+00 1.115718728739112028e-02 1.658381820391543193e-01 2.188137474591088372e-01 3.988297772160444982e-02 7.317095006191444151e-01
5.117056856187291558e+00 1.140761535412629368e-02 1.761953698242046396e-01 2.345095386483471711e-01 4.236868925239182376e-02 7.370962749324422303e-01
5.418060200668897153e+00 1.165771415426150766e-02 1.865525576092549598e-01 2.515915291765468131e-01 4.485440078317919077e-02 7.428022465943447949e-01
5.719063545150501859e+00 1.190215851750177529e-02 1.969097453943052800e-01 2.701947272667746258e-01 4.734011231396656472e-02 7.488906909556172220e-01
6.020066889632107454e+00 1.213751735352499618e-02 2.072669331793556002e-01 2.904293801569205469e-01 4.982582384475393172e-02 7.554149627243118559e-01
6.321070234113713049e+00 1.236214244844630571e-02 2.176241209644059205e-01 3.123612677845694630e-01 5.231153537554130567e-02 7.624347632166696975e-01
6.622073578595317755e+00 1.257562279915636246e-02 2.279813087494562407e-01 3.359975498279675343e-01 5.479724690632867962e-02 7.700182435605096298e-01
6.923076923076923350e+00 1.277807767870882405e-02 2.383384965345065609e-01 3.612818006032094131e-01 5.728295843711604662e-02 7.782266184423277666e-01
7.224080267558528945e+00 1.296959476484975220e-02 2.486956843195568811e-01 3.881004943592975542e-01 5.976866996790342057e-02 7.870856638234270397e-01
7.525083612040134540e+00 1.315003590583270834e-02 2.590528721046072569e-01 4.163000274589291339e-01 6.225438149869079452e-02 7.965556549335133241e-01
7.826086956521740134e+00 1.331927316273583996e-02 2.694100598896574938e-01 4.457095351884600709e-01 6.474009302947816846e-02 8.065143206683849098e-01
8.127090301003345729e+00 1.347774592889839154e-02 2.797672476747078418e-01 4.761624873397062863e-01 6.722580456026552853e-02 8.167637708360925286e-01
8.428093645484949548e+00 1.362710601355190086e-02 2.901244354597581898e-01 5.075110002530115461e-01 6.971151609105291636e-02 8.270627088520843273e-01
8.729096989966555142e+00 1.377067834528511621e-02 3.004816232448085378e-01 5.396306843670973796e-01 7.219722762184027642e-02 8.371737576123639002e-01
9.030100334448160737e+00 1.391351868528440359e-02 3.108388110298587748e-01 5.724183809840767134e-01 7.468293915262763649e-02 8.469083680756783750e-01
9.331103678929766332e+00 1.406197880877622063e-02 3.211959988149091227e-01 6.057876137864728339e-01 7.716865068341502432e-02 8.561529220392474215e-01
9.632107023411371927e+00 1.422285507171911975e-02 3.315531865999594707e-01 6.396657068851107075e-01 7.965436221420238438e-02 8.648691172448547126e-01
9.933110367892977521e+00 1.440234459068235988e-02 3.419103743850098187e-01 6.739932174698901601e-01 8.214007374498977221e-02 8.730744529111399421e-01
1.023411371237458312e+01 1.460510957546926059e-02 3.522675621700600557e-01 7.087228940134931987e-01 8.462578527577713228e-02 8.808174287551470139e-01
1.053511705685618871e+01 1.483371935659403944e-02 3.626247499551104037e-01 7.438138738767133828e-01 8.711149680656449235e-02 8.881620355960283542e-01
1.083612040133779431e+01 1.508860596059445267e-02 3.729819377401607516e-01 7.792179761595062759e-01 8.959720833735188017e-02 8.951877668926035980e-01
1.113712374581939812e+01 1.536848326539402149e-02 3.833391255252110996e-01 8.148579841405745317e-01 9.208291986813924024e-02 9.020003272488409385e-01
1.143812709030100372e+01 1.567102075262036959e-02 3.936963133102613366e-01 8.506012905507283062e-01 9.456863139892662806e-02 9.087415471598981886e-01
1.173913043478260931e+01 1.599350157965114330e-02 4.040535010953116846e-01 8.862348585406376600e-01 9.705434292971398813e-02 9.155887766490335977e-01
1.204013377926421491e+01 1.633325719700899625e-02 4.144106888803620325e-01 9.214483762170280201e-01 9.954005446050134820e-02 9.227427243003722968e-01
1.234113712374582050e+01 1.668782243411350008e-02 4.247678766654123805e-01 9.558316241239215305e-01 1.020257659912887360e-01 9.304123605315171019e-01
1.264214046822742610e+01 1.705491640987572000e-02 4.351250644504626175e-01 9.888896960699439243e-01 1.045114775220760961e-01 9.388094985732668984e-01
1.294314381270903169e+01 1.743244175091897621e-02 4.454822522355129655e-01 1.020076191607333538e+00 1.069971890528634839e-01 9.481608551065285884e-01
1.324414715719063551e+01 1.781866235030366008e-02 4.558394400205633135e-01 1.048840284926895627e+00 1.094829005836508440e-01 9.587340123785285106e-01
1.354515050167224111e+01 1.821258592815782132e-02 4.661966278056136614e-01 1.074679502162421141e+00 1.119686121144382318e-01 9.708620969029698733e-01
1.384615384615384670e+01 1.861441376412127646e-02 4.765538155906638984e-01 1.097187594365462315e+00 1.144543236452255919e-01 9.849470211545579001e-01
1.414715719063545230e+01 1.902581554551629334e-02 4.869110033757142464e-01 1.116087763489159279e+00 1.169400351760129519e-01 1.001426412029716051e+00
1.444816053511705789e+01 1.944980340476239189e-02 4.972681911607645944e-01 1.131246209397037239e+00 1.194257467068003398e-01 1.020703284138540834e+00
1.474916387959866348e+01 1.989011696869924170e-02 5.076253789458149424e-01 1.142667635056139552e+00 1.219114582375876998e-01 1.043054115567900286e+00
1.505016722408026908e+01 2.035023040944994310e-02 5.179825667308652903e-01 1.150479143795647641e+00 1.243971697683750877e-01 1.068542801647734741e+00
1.535117056856187467e+01 2.083226147454796465e-02 5.283397545159155273e-01 1.154908715324136859e+00 1.268828812991624477e-01 1.096969598408412905e+00
1.565217391304348027e+01 2.133612355908247674e-02 5.386969423009658753e-01 1.156259624145105969e+00 1.293685928299498078e-01 1.127874630303612902e+00
1.595317725752508409e+01 2.185918822017271848e-02 5.490541300860162233e-01 1.154877363966214432e+00 1.318543043607371956e-01 1.160598501401418847e+00
1.625418060200669146e+01 2.239655140399996955e-02 5.594113178710664602e-01 1.151106361217128393e+00 1.343400158915245557e-01 1.194384613035718079e+00
1.655518394648829528e+01 2.294179760386359790e-02 5.697685056561168082e-01 1.145241530561186272e+00 1.368257274223119158e-01 1.228495658359918030e+00
1.685618729096989910e+01 2.348801159280351422e-02 5.801256934411671562e-01 1.137489734736086833e+00 1.393114389530993036e-01 1.262314580100649453e+00
1.715719063545150647e+01 2.402874551823722116e-02 5.904828812262175042e-01 1.127960042757296444e+00 1.417971504838866637e-01 1.295408118746531390e+00
1.745819397993311028e+01 2.455871043346409197e-02 6.008400690112678522e-01 1.116693649135979349e+00 1.442828620146740515e-01 1.327545122485673801e+00
1.775919732441471766e+01 2.507408489682194305e-02 6.111972567963180891e-01 1.103726602671215140e+00 1.467685735454614115e-01 1.358676082455846146e+00
1.806020066889632147e+01 2.557246043822340373e-02 6.215544445813684371e-01 1.089160764741272436e+00 1.492542850762487716e-01 1.388889470660038095e+00
1.836120401337792885e+01 2.605252625588120458e-02 6.319116323664187851e-01 1.073211750202788028e+00 1.517399966070361594e-01 1.418361878180972813e+00
1.866220735785953266e+01 2.651361581233818362e-02 6.422688201514690221e-01 1.056211956759064874e+00 1.542257081378235195e-01 1.447313982773053009e+00
1.896321070234114003e+01 2.695521227956972771e-02 6.526260079365193700e-01 1.038567474136063318e+00 1.567114196686109073e-01 1.475977037158726191e+00
1.926421404682274385e+01 2.737647348047106410e-02 6.629831957215697180e-01 1.020688310196712356e+00 1.591971311993982674e-01 1.504569086361845942e+00
1.956521739130434767e+01 2.777582020228073698e-02 6.733403835066200660e-01 1.002921125496525123e+00 1.616828427301856275e-01 1.533278542855920579e+00
1.986622073578595504e+01 2.815063967470762471e-02 6.836975712916704140e-01 9.855085752487877659e-01 1.641685542609730153e-01 1.562254195648426380e+00
2.016722408026755886e+01 2.849716740394168946e-02 6.940547590767206509e-01 9.685838444929242286e-01 1.666542657917603754e-01 1.591602648894872463e+00
2.046822742474916623e+01 2.881059665243949908e-02 7.044119468617709989e-01 9.521921552134652300e-01 1.691399773225477632e-01 1.621394504682111215e+00
2.076923076923077005e+01 2.908541528670468418e-02 7.147691346468213469e-01 9.363210838513011947e-01 1.716256888533351233e-01 1.651679099271964990e+00
2.107023411371237742e+01 2.931590541364312991e-02 7.251263224318715839e-01 9.209218114970649793e-01 1.741114003841224833e-01 1.682505516807766943e+00
2.137123745819398124e+01 2.949670198341066904e-02 7.354835102169219319e-01 9.059121409149346604e-01 1.765971119149098711e-01 1.713946107901247018e+00
2.167224080267558861e+01 2.962332040104991362e-02 7.458406980019722798e-01 8.911643935598929644e-01 1.790828234456972312e-01 1.746117797298796681e+00
2.197324414715719243e+01 2.969262093275772466e-02 7.561978857870226278e-01 8.764916837961966856e-01 1.815685349764846190e-01 1.779195257294112542e+00
2.227424749163879625e+01 2.970323436390201813e-02 7.665550735720729758e-01 8.616501905472969680e-01 1.840542465072719791e-01 1.813408516454153574e+00
2.257525083612040362e+01 2.965597928191230845e-02 7.769122613571232128e-01 8.463707318339148689e-01 1.865399580380593392e-01 1.849017555373956068e+00
2.287625418060200744e+01 2.955424116780534446e-02 7.872694491421735608e-01 8.304210776325449128e-01 1.890256695688467270e-01 1.886260623011798199e+00
2.317725752508361481e+01 2.940419328616644332e-02 7.976266369272239087e-01 8.136852363206634742e-01 1.915113810996340871e-01 1.925282451797255545e+00
2.347826086956521863e+01 2.921468650836555811e-02 8.079838247122741457e-01 7.962338757039817416e-01 1.939970926304214749e-01 1.966060471308941349e+00
2.377926421404682600e+01 2.899667303374044505e-02 8.183410124973244937e-01 7.783571355432512551e-01 1.964828041612088350e-01 2.008355279262053372e+00
2.408026755852842982e+01 2.876215833746167613e-02 8.286982002823748417e-01 7.605399523612232926e-01 1.989685156919961950e-01 2.051709764634760180e+00
2.438127090301003363e+01 2.852284084554788240e-02 8.390553880674251896e-01 7.433781591857753224e-01 2.014542272227835829e-01 2.095507523766860114e+00
2.468227424749164101e+01 2.828872076707730429e-02 8.494125758524755376e-01 7.274543260100591047e-01 2.039399387535709429e-01 2.139080262838006785e+00
2.498327759197324482e+01 2.806698277059162597e-02 8.597697636375257746e-01 7.132075671167474873e-01 2.064256502843583307e-01 2.181835008506628704e+00
2.528428093645485220e+01 2.786137858138147683e-02 8.701269514225761226e-01 7.008354624523307486e-01 2.089113618151456908e-01 2.223363867838253238e+00
2.558528428093645601e+01 2.767219767215773826e-02 8.804841392076264706e-01 6.902572386948602201e-01 2.113970733459330786e-01 2.263505059941695041e+00
2.588628762541806339e+01 2.749677324623031952e-02 8.908413269926767075e-01 6.811484937130710682e-01 2.138827848767204387e-01 2.302340397529032412e+00
2.618729096989966720e+01 2.733036499069979933e-02 9.011985147777270555e-01 6.730354877123733148e-01 2.163684964075077988e-01 2.340133640182279429e+00
2.648829431438127102e+01 2.716720062724348531e-02 9.115557025627774035e-01 6.654190239145446606e-01 2.188542079382951866e-01 2.377229064009816373e+00
2.678929765886287839e+01 2.700144244470308735e-02 9.219128903478277515e-01 6.578904253414968872e-01 2.213399194690825467e-01 2.413936934160952230e+00
2.709030100334448221e+01 2.682787466951601363e-02 9.322700781328780995e-01 6.502074779285844652e-01 2.238256309998699345e-01 2.450432954488433346e+00
2.739130434782608958e+01 2.664219166284434448e-02 9.426272659179283364e-01 6.423138909807033503e-01 2.263113425306572946e-01 2.486694377637652664e+00
2.769230769230769340e+01 2.644090400993258025e-02 9.529844537029786844e-01 6.343053200398149905e-01 2.287970540614446546e-01 2.522487754337165100e+00
2.799331103678930077e+01 2.622103653521126038e-02 9.633416414880290324e-01 6.263608168981665836e-01 2.312827655922320425e-01 2.557412714817825616e+00
2.829431438127090459e+01 2.597990335770197431e-02 9.736988292730792693e-01 6.186655958201144889e-01 2.337684771230194025e-01 2.590993523782935348e+00
2.859531772575251196e+01 2.571524056612536566e-02 9.840560170581296173e-01 6.113483417395954023e-01 2.362541886538067903e-01 2.622797991088624769e+00
2.889632107023411578e+01 2.542582802585973897e-02 9.944132048431799653e-01 6.044468387235106821e-01 2.387399001845941504e-01 2.652555602573606564e+00
2.919732441471571960e+01 2.511248096788422368e-02 1.004770392628230313e+00 5.979041674434695253e-01 2.412256117153815105e-01 2.680246704020414761e+00
2.949832775919732697e+01 2.477904593096335456e-02 1.015127580413280661e+00 5.915884663007136002e-01 2.437113232461688983e-01 2.706142509427690079e+00
2.979933110367893079e+01 2.443291706687094472e-02 1.025484768198331009e+00 5.853249122615937772e-01 2.461970347769562584e-01 2.730788383212446213e+00
3.010033444816053816e+01 2.408467361993814337e-02 1.035841955983381357e+00 5.789295315810535358e-01 2.486827463077436462e-01 2.754935299021504136e+00
3.040133779264214198e+01 2.374671336665836602e-02 1.046199143768431483e+00 5.722388776674113275e-01 2.511684578385310340e-01 2.779432855265569824e+00
3.070234113712374935e+01 2.343111705653565247e-02 1.056556331553481831e+00 5.651342689301515065e-01 2.536541693693183941e-01 2.805101205894225735e+00
3.100334448160535317e+01 2.314727954945488761e-02 1.066913519338532179e+00 5.575611282082434395e-01 2.561398809001057542e-01 2.832600994805862360e+00
3.130434782608696054e+01 2.289996187358693536e-02 1.077270707123582527e+00 5.495421201824368662e-01 2.586255924308931142e-01 2.862322237518450052e+00
3.160535117056856436e+01 2.268830926386590854e-02 1.087627894908632875e+00 5.411793595595590922e-01 2.611113039616804743e-01 2.894314748490848466e+00
3.190635451505016817e+01 2.250609061175052120e-02 1.097985082693683223e+00 5.326397480495561609e-01 2.635970154924678899e-01 2.928280556881774910e+00
3.220735785953177555e+01 2.234305825896826248e-02 1.108342270478733571e+00 5.241210301572289953e-01 2.660827270232552499e-01 2.963638478132863963e+00
3.250836120401338292e+01 2.218703134642040220e-02 1.118699458263783697e+00 5.158034845923196166e-01 2.685684385540426100e-01 2.999651815582844883e+00
3.280936454849498318e+01 2.202616111165111093e-02 1.129056646048834045e+00 5.077993309566976032e-01 2.710541500848299701e-01 3.035587424926303513e+00
3.311036789297659055e+01 2.185086663724239084e-02 1.139413833833884393e+00 5.001149025632753986e-01 2.735398616156173301e-01 3.070858200688292072e+00
3.341137123745819792e+01 2.165509466428819016e-02 1.149771021618934741e+00 4.926381457498150152e-01 2.760255731464047457e-01 3.105101043019347529e+00
3.371237458193979819e+01 2.143677916957099222e-02 1.160128209403985089e+00 4.851577975394123499e-01 2.785112846771921058e-01 3.138161690794400549e+00
3.401337792642140556e+01 2.119757424755949748e-02 1.170485397189035437e+00 4.774132090295787334e-01 2.809969962079794659e-01 3.169990487258377065e+00
3.431438127090301293e+01 2.094205310680123319e-02 1.180842584974085785e+00 4.691664210644055921e-01 2.834827077387668259e-01 3.200486513327577054e+00
3.461538461538462030e+01 2.067659515418447669e-02 1.191199772759136133e+00 4.602808493577068005e-01 2.859684192695541860e-01 3.229348290787882547e+00
3.491638795986622057e+01 2.040815084815644775e-02 1.201556960544186481e+00 4.507849270363589733e-01 2.884541308003416016e-01 3.255989527211702317e+00
3.521739130434782794e+01 2.014302885843642990e-02 1.211914148329236607e+00 4.408977238742081139e-01 2.909398423311289616e-01 3.279558473484408765e+00
3.551839464882943531e+01 1.988583100371815043e-02 1.222271336114286955e+00 4.310008738558758212e-01 2.934255538619163217e-01 3.299066831163133262e+00
3.581939799331104268e+01 1.963867274114144620e-02 1.232628523899337303e+00 4.215576768721329137e-01 2.959112653927036818e-01 3.313599767067630264e+00
3.612040133779264295e+01 1.940083926537048906e-02 1.242985711684387651e+00 4.130006736771574816e-01 2.983969769234910419e-01 3.322553088202548022e+00
3.642140468227425032e+01 1.916899385081210355e-02 1.253342899469437999e+00 4.056237762864087215e-01 3.008826884542784574e-01 3.325834275696644582e+00
3.672240802675585769e+01 1.893795119515009895e-02 1.263700087254488347e+00 3.995157351526965606e-01 3.033683999850658175e-01 3.323973058312998941e+00
3.702341137123745796e+01 1.870187496232039726e-02 1.274057275039538695e+00 3.945564453469958544e-01 3.058541115158531776e-01 3.318111170250102937e+00
3.732441471571906533e+01 1.845561708924142730e-02 1.284414462824588821e+00 3.904727136754699290e-01 3.083398230466405376e-01 3.309872052789053942e+00
3.762541806020067270e+01 1.819585602382142384e-02 1.294771650609639169e+00 3.869271393754220578e-01 3.108255345774278977e-01 3.301139846488140961e+00
3.792642140468228007e+01 1.792174798177532946e-02 1.305128838394689517e+00 3.836033153985707322e-01 3.133112461082153133e-01 3.293795027439049949e+00
3.822742474916388034e+01 1.763496014671215445e-02 1.315486026179739865e+00 3.802569203330462000e-01 3.157969576390026734e-01 3.289457874755377098e+00
3.852842809364548771e+01 1.733914289530267411e-02 1.325843213964790213e+00 3.767214321422779344e-01 3.182826691697900334e-01 3.289282294009036711e+00
3.882943143812709508e+01 1.703904495590385579e-02 1.336200401749840561e+00 3.728791763892260747e-01 3.207683807005773935e-01 3.293826769011413802e+00
3.913043478260869534e+01 1.673953350203731191e-02 1.346557589534890909e+00 3.686225434838760751e-01 3.232540922313647536e-01 3.303012582427235611e+00
3.943143812709030271e+01 1.644474824996111986e-02 1.356914777319941257e+00 3.638304988013855157e-01 3.257398037621521691e-01 3.316166230920002622e+00
3.973244147157191009e+01 1.615752904500104489e-02 1.367271965104991605e+00 3.583734158972670114e-01 3.282255152929395292e-01 3.332134277518336241e+00
4.003344481605351746e+01 1.587915645311528332e-02 1.377629152890041730e+00 3.521423127880695669e-01 3.307112268237268893e-01 3.349453174757876628e+00
4.033444816053511772e+01 1.560936914192454297e-02 1.387986340675092078e+00 3.450858914777558129e-01 3.331969383545142493e-01 3.366551408683351454e+00
4.063545150501672509e+01 1.534658340155186512e-02 1.398343528460142426e+00 3.372361834441736095e-01 3.356826498853016094e-01 3.381955437104932738e+00
4.093645484949833246e+01 1.508823477298362747e-02 1.408700716245192774e+00 3.287109857691480896e-01 3.381683614160890250e-01 3.394465771014003153e+00
4.123745819397993273e+01 1.483117778016439237e-02 1.419057904030243122e+00 3.196934813908256512e-01 3.406540729468763851e-01 3.403269170338987681e+00
4.153846153846154010e+01 1.457210492593091072e-02 1.429415091815293470e+00 3.103996493751686181e-01 3.431397844776637451e-01 3.407961819732851172e+00
4.183946488294314747e+01 1.430796874743974455e-02 1.439772279600343818e+00 3.010475159023615066e-01 3.456254960084511052e-01 3.408478284184120355e+00
4.214046822742475484e+01 1.403639960785565445e-02 1.450129467385393944e+00 2.918383465816359323e-01 3.481112075392384653e-01 3.404948223675497321e+00
4.244147157190635511e+01 1.375609946677466139e-02 1.460486655170444292e+00 2.829517183168048233e-01 3.505969190700258808e-01 3.397527758400254339e+00
4.274247491638796248e+01 1.346716072004474317e-02 1.470843842955494640e+00 2.745488119291522588e-01 3.530826306008132409e-01 3.386263376760752841e+00
4.304347826086956985e+01 1.317122613569827669e-02 1.481201030740544988e+00 2.667749224785330719e-01 3.555683421316006010e-01 3.371035707942671156e+00
4.334448160535117722e+01 1.287139719931136919e-02 1.491558218525595336e+00 2.597540139471077314e-01 3.580540536623879611e-01 3.351599961549700524e+00
4.364548494983277749e+01 1.257183532497660461e-02 1.501915406310645684e+00 2.535733918578751966e-01 3.605397651931753211e-01 3.327701142914168297e+00
4.394648829431438486e+01 1.227708386042428851e-02 1.512272594095696032e+00 2.482622783259652299e-01 3.630254767239627367e-01 3.299212291787036122e+00
4.424749163879599223e+01 1.199124114074706475e-02 1.522629781880746380e+00 2.437718110644772340e-01 3.655111882547500968e-01 3.266236693668224778e+00
4.454849498327759250e+01 1.171719034708626830e-02 1.532986969665796728e+00 2.399647120188712623e-01 3.679968997855374568e-01 3.229133362605831614e+00
4.484949832775919987e+01 1.145609992432054976e-02 1.543344157450846854e+00 2.366207907614898132e-01 3.704826113163248169e-01 3.188459722502555493e+00
4.515050167224080724e+01 1.120733663774510329e-02 1.553701345235897202e+00 2.334604147206374991e-01 3.729683228471121770e-01 3.144859469458858303e+00
4.545150501672241461e+01 1.096880725793128800e-02 1.564058533020947550e+00 2.301831830050736494e-01 3.754540343778995926e-01 3.098941670734198794e+00
4.575250836120401488e+01 1.073761498333800080e-02 1.574415720805997898e+00 2.265145159050479529e-01 3.779397459086869526e-01 3.051192998115287658e+00
4.605351170568562225e+01 1.051083311402015337e-02 1.584772908591048246e+00 2.222499873144311300e-01 3.804254574394743127e-01 3.001943776375747053e+00
4.635451505016722962e+01 1.028618672622198631e-02 1.595130096376098594e+00 2.172869551482446704e-01 3.829111689702616728e-01 2.951382832933444611e+00
4.665551839464882988e+01 1.006248584277232537e-02 1.605487284161148942e+00 2.116356718936490133e-01 3.853968805010490328e-01 2.899598562801047219e+00
4.695652173913043725e+01 9.839740455863400445e-03 1.615844471946199068e+00 2.054070363420930356e-01 3.878825920318364484e-01 2.846620514628526166e+00
4.725752508361204463e+01 9.618974297259955120e-03 1.626201659731249416e+00 1.987802489830134689e-01 3.903683035626238085e-01 2.792445319051723551e+00
4.755852842809365200e+01 9.401817495215476078e-03 1.636558847516299764e+00 1.919592196113815985e-01 3.928540150934111685e-01 2.737045571396242938e+00
4.785953177257525226e+01 9.189991254048240563e-03 1.646916035301350112e+00 1.851298989105416293e-01 3.953397266241985286e-01 2.680372345400373391e+00
4.816053511705685963e+01 8.984804413307312734e-03 1.657273223086400460e+00 1.784303613493337937e-01 3.978254381549858887e-01 2.622366587750875055e+00
4.846153846153846700e+01 8.786769078676752442e-03 1.667630410871450808e+00 1.719410749964780383e-01 4.003111496857733043e-01 2.562991281590538239e+00
4.876254180602006727e+01 8.595415363120769911e-03 1.677987598656501156e+00 1.656955927720042687e-01 4.027968612165606643e-01 2.502287451044029609e+00
4.906354515050167464e+01 8.409346385128552148e-03 1.688344786441551504e+00 1.597046327265550514e-01 4.052825727473480244e-01 2.440446101039402294e+00
4.936454849498328201e+01 8.226527211718294777e-03 1.698701974226601852e+00 1.539822927965348864e-01 4.077682842781353845e-01 2.377877984943328471e+00
4.966555183946488938e+01 8.044751386807833318e-03 1.709059162011651978e+00 1.485637657694911518e-01 4.102539958089228000e-01 2.315256349711905859e+00
4.996655518394648965e+01 7.862185368562356683e-03 1.719416349796702326e+00 1.435087604622225788e-01 4.127397073397101601e-01 2.253507316562911811e+00
5.026755852842809702e+01 7.677865665724582962e-03 1.729773537581752674e+00 1.388912070193606407e-01 4.152254188704975202e-01 2.193730634330650187e+00
5.056856187290970439e+01 7.492025238203648893e-03 1.740130725366803022e+00 1.347806376130305517e-01 4.177111304012848803e-01 2.137050360208032629e+00
5.086956521739130466e+01 7.306158796273872456e-03 1.750487913151853370e+00 1.312222020121044663e-01 4.201968419320722403e-01 2.084417023605194874e+00
5.117056856187291203e+01 7.122796183258783831e-03 1.760845100936903718e+00 1.282209980505155944e-01 4.226825534628596559e-01 2.036402898848291176e+00
5.147157190635451940e+01 6.945024853973700944e-03 1.771202288721954066e+00 1.257339657373821029e-01 4.251682649936470160e-01 1.993042000537754044e+00
5.177257525083612677e+01 6.775866338148784328e-03 1.781559476507004192e+00 1.236705444745771071e-01 4.276539765244343760e-01 1.953760952225670033e+00
5.207357859531772704e+01 6.617648059755666841e-03 1.791916664292054540e+00 1.219020440063116328e-01 4.301396880552217361e-01 1.917426332139302136e+00
5.237458193979933441e+01 6.471509870686563068e-03 1.802273852077104888e+00 1.202786793391642656e-01 4.326253995860090962e-01 1.882504849846828643e+00
5.267558528428094178e+01 6.337146067915078174e-03 1.812631039862155236e+00 1.186518343753985294e-01 4.351111111167965118e-01 1.847304468145401835e+00
5.297658862876254204e+01 6.212822660146685369e-03 1.822988227647205584e+00 1.168974162007722362e-01 4.375968226475838718e-01 1.810246181172748381e+00
5.327759197324414941e+01 6.095646592067595175e-03 1.833345415432255932e+00 1.149349826922448498e-01 4.400825341783712319e-01 1.770112004179065890e+00
5.357859531772575679e+01 5.982016652566725205e-03 1.843702603217306280e+00 1.127376744791473845e-01 4.425682457091585920e-01 1.726223716976599709e+00
5.387959866220736416e+01 5.868164069091673721e-03 1.854059791002356627e+00 1.103302448025309662e-01 4.450539572399459520e-01 1.678524028842541593e+00
5.418060200668896442e+01 5.750692600755650911e-03 1.864416978787406975e+00 1.077760285570360937e-01 4.475396687707333676e-01 1.627551310483251523e+00
5.448160535117057179e+01 5.627043986683830101e-03 1.874774166572457101e+00 1.051571145991664485e-01 4.500253803015207277e-01 1.574316939738045651e+00
5.478260869565217916e+01 5.495834427299117753e-03 1.885131354357507449e+00 1.025538103458137756e-01 4.525110918323080877e-01 1.520109249692342956e+00
5.508361204013378654e+01 5.357025611003803610e-03 1.895488542142557797e+00 1.000289648317171931e-01 4.549968033630954478e-01 1.466259876120797223e+00
5.538461538461538680e+01 5.211910605646638030e-03 1.905845729927608145e+00 9.762022060252474598e-02 4.574825148938828079e-01 1.413916002941016936e+00
5.568561872909699417e+01 5.062915561282065394e-03 1.916202917712658493e+00 9.534007502114723309e-02 4.599682264246702235e-01 1.363862982767017673e+00
5.598662207357860154e+01 4.913245531179343678e-03 1.926560105497708841e+00 9.318121245625365923e-02 4.624539379554575835e-01 1.316433064642238637e+00
5.628762541806020181e+01 4.766432908795092266e-03 1.936917293282759189e+00 9.112378884052026173e-02 4.649396494862449436e-01 1.271516774047373843e+00
5.658862876254180918e+01 4.625869089679743133e-03 1.947274481067809315e+00 8.914210805327570097e-02 4.674253610170323037e-01 1.228667548911284380e+00
5.688963210702341655e+01 4.494401619895191033e-03 1.957631668852859663e+00 8.720958289413184572e-02 4.699110725478196637e-01 1.187265384839583993e+00
5.719063545150502392e+01 4.374054856957596514e-03 1.967988856637910011e+00 8.530205963511910960e-02 4.723967840786070793e-01 1.146690488966931376e+00
5.749163879598662419e+01 4.265889421854541022e-03 1.978346044422960359e+00 8.340000019889540206e-02 4.748824956093944394e-01 1.106459166655845205e+00
5.779264214046823156e+01 4.169973240741523500e-03 1.988703232208010707e+00 8.148980046263498700e-02 4.773682071401817995e-01 1.066290985692773141e+00
5.809364548494983893e+01 4.085415753696971380e-03 1.999060419993061055e+00 7.956420732251608119e-02 4.798539186709691595e-01 1.026101912021245344e+00
5.839464882943143920e+01 4.010427825162208963e-03 2.009417607778111403e+00 7.762183574158838806e-02 4.823396302017565196e-01 9.859425012367261099e-01
5.869565217391304657e+01 3.942405998563478821e-03 2.019774795563161529e+00 7.566621134821291395e-02 4.848253417325439352e-01 9.459145526851315822e-01
5.899665551839465394e+01 3.878078169027525130e-03 2.030131983348212099e+00 7.370517335869861131e-02 4.873110532633312952e-01 9.061000681212999508e-01
5.929765886287626131e+01 3.813761851721938351e-03 2.040489171133262225e+00 7.175135957447598134e-02 4.897967647941186553e-01 8.665250912215369805e-01
5.959866220735786158e+01 3.745760918421579128e-03 2.050846358918312795e+00 6.982368113074811922e-02 4.922824763249060154e-01 8.271643530661095811e-01
5.989966555183946895e+01 3.670868322864491527e-03 2.061203546703362921e+00 6.794855784719844305e-02 4.947681878556933754e-01 7.879776243359454257e-01
6.020066889632107632e+01 3.586877072705645791e-03 2.071560734488413491e+00 6.615899053650144135e-02 4.972538993864807910e-01 7.489599624611451567e-01
6.050167224080267658e+01 3.492962837120520535e-03 2.081917922273463617e+00 6.448995700494637717e-02 4.997396109172681511e-01 7.101867785643999342e-01
6.080267558528428395e+01 3.389812798125500445e-03 2.092275110058513743e+00 6.297020642263803647e-02 5.022253224480556222e-01 6.718391448908405117e-01
6.110367892976589133e+01 3.279438614212893625e-03 2.102632297843564313e+00 6.161262889273855931e-02 5.047110339788429823e-01 6.342022022678128756e-01
6.140468227424749870e+01 3.164705325450625512e-03 2.112989485628614439e+00 6.040689876195146080e-02 5.071967455096303423e-01 5.976374001978673745e-01
6.170568561872909896e+01 3.048697319291557122e-03 2.123346673413665009e+00 5.931807533024070073e-02 5.096824570404177024e-01 5.625358990767412859e-01
6.200668896321070633e+01 2.934092941585349744e-03 2.133703861198715135e+00 5.829298903213727540e-02 5.121681685712050625e-01 5.292646325894065917e-01
6.230769230769231370e+01 2.822712242072214495e-03 2.144061048983765705e+00 5.727311380266497665e-02 5.146538801019924225e-01 4.981174202782251981e-01
6.260869565217392108e+01 2.715341588950935785e-03 2.154418236768815831e+00 5.620952599472667927e-02 5.171395916327797826e-01 4.692808266753709656e-01
6.290969899665552134e+01 2.611848584254809411e-03 2.164775424553865957e+00 5.507402572907275917e-02 5.196253031635671427e-01 4.428189727219372651e-01
6.321070234113712871e+01 2.511514508483658672e-03 2.175132612338916527e+00 5.386162342322129565e-02 5.221110146943545027e-01 4.186753106483681597e-01
6.351170568561873608e+01 2.413458526847592732e-03 2.185489800123966653e+00 5.258325756214575486e-02 5.245967262251418628e-01 3.966851883783174548e-01
6.381270903010033635e+01 2.317021521057739761e-03 2.195846987909017223e+00 5.125224344718879582e-02 5.270824377559293339e-01 3.765927703045402475e-01
6.411371237458195083e+01 2.222012078148767611e-03 2.206204175694067349e+00 4.987113714918024049e-02 5.295681492867166940e-01 3.580693853096616475e-01
6.441471571906355109e+01 2.128773626062016935e-03 2.216561363479117919e+00 4.842551826047288011e-02 5.320538608175040540e-01 3.407352261447945674e-01
6.471571906354515136e+01 2.038087429626576127e-03 2.226918551264168045e+00 4.688756262259369256e-02 5.345395723482914141e-01 3.241891231466680900e-01
6.501672240802676583e+01 1.950964834507961992e-03 2.237275739049218171e+00 4.522720431036295757e-02 5.370252838790787742e-01 3.080495056313293234e-01
6.531772575250836610e+01 1.868397845548423319e-03 2.247632926834268741e+00 4.342510517762780686e-02 5.395109954098661342e-01 2.920038985011234600e-01
6.561872909698996637e+01 1.791132691316040838e-03 2.257990114619318867e+00 4.148150050517940279e-02 5.419967069406534943e-01 2.758572871372493296e-01
6.591973244147158084e+01 1.719513532458465544e-03 2.268347302404369437e+00 3.941796851253803052e-02 5.444824184714408544e-01 2.595654293255598155e-01
6.622073578595318111e+01 1.653420288236434783e-03 2.278704490189419563e+00 3.727307693897775887e-02 5.469681300022282144e-01 2.432405625538117677e-01
6.652173913043478137e+01 1.592301609082293241e-03 2.289061677974470133e+00 3.509523402121399183e-02 5.494538415330155745e-01 2.271240510734773843e-01
6.682274247491639585e+01 1.535285570385208414e-03 2.299418865759520259e+00 3.293587645338000303e-02 5.519395530638030456e-01 2.115305999264180947e-01
6.712374581939799612e+01 1.481339217469735499e-03 2.309776053544570829e+00 3.084423480810095236e-02 5.544252645945904057e-01 1.967775768336599562e-01
6.742474916387959638e+01 1.429444071705767609e-03 2.320133241329620954e+00 2.886318132911503895e-02 5.569109761253777657e-01 1.831172196488290993e-01
6.772575250836121086e+01 1.378756493128501003e-03 2.330490429114671080e+00 2.702541085304975554e-02 5.593966876561651258e-01 1.706877734682314962e-01
6.802675585284281112e+01 1.328726849269868098e-03 2.340847616899721650e+00 2.535029908684610991e-02 5.618823991869524859e-01 1.594931409042021908e-01
6.832775919732442560e+01 1.279158057881331963e-03 2.351204804684771776e+00 2.384290723393025016e-02 5.643681107177398459e-01 1.494123045738291744e-01
6.862876254180602587e+01 1.230192407799506364e-03 2.361561992469822346e+00 2.249643251890905832e-02 5.668538222485272060e-01 1.402325706207006584e-01
6.892976588628762613e+01 1.182226903473448812e-03 2.371919180254872472e+00 2.129773319649773400e-02 5.693395337793145661e-01 1.316964433310496285e-01
6.923076923076924061e+01 1.135772005441127754e-03 2.382276368039923042e+00 2.023351346105882465e-02 5.718252453101019261e-01 1.235509995264905680e-01
6.953177257525084087e+01 1.091283936519311069e-03 2.392633555824973168e+00 1.929395532178567602e-02 5.743109568408892862e-01 1.155901898706027942e-01
6.983277591973244114e+01 1.049011263861798814e-03 2.402990743610023738e+00 1.847187031336184823e-02 5.767966683716767573e-01 1.076834001526229406e-01
7.013377926421405562e+01 1.008896478558307793e-03 2.413347931395073864e+00 1.775816175785865578e-02 5.792823799024641174e-01 9.978694679616481600e-02
7.043478260869565588e+01 9.705601785667415573e-04 2.423705119180123990e+00 1.713678623767594944e-02 5.817680914332514774e-01 9.193844681748540582e-02
7.073578595317725615e+01 9.333721198648398630e-04 2.434062306965174560e+00 1.658284904007444049e-02 5.842538029640388375e-01 8.423691569882228725e-02
7.103678929765887062e+01 8.965877378688620527e-04 2.444419494750224686e+00 1.606560790796620827e-02 5.867395144948261976e-01 7.681374314381042567e-02
7.133779264214047089e+01 8.595103634166673806e-04 2.454776682535275256e+00 1.555517646410904502e-02 5.892252260256135576e-01 6.980105592557928063e-02
7.163879598662208537e+01 8.216351453442371101e-04 2.465133870320325382e+00 1.502952755932120306e-02 5.917109375564009177e-01 6.330411042510286634e-02
7.193979933110368563e+01 7.827415325295898618e-04 2.475491058105375952e+00 1.447834819910017931e-02 5.941966490871882778e-01 5.738314892552254937e-02
7.224080267558528590e+01 7.429215431795786924e-04 2.485848245890426078e+00 1.390230196864080010e-02 5.966823606179756379e-01 5.204776142479523166e-02
7.254180602006690037e+01 7.025517259686774691e-04 2.496205433675476204e+00 1.330891021116075226e-02 5.991680721487629979e-01 4.726368491809213729e-02
7.284280936454850064e+01 6.622292623084582303e-04 2.506562621460526774e+00 1.270786376190205860e-02 6.016537836795504690e-01 4.296887542227868090e-02
7.314381270903010090e+01 6.226934977410572558e-04 2.516919809245576900e+00 1.210826586336965702e-02 6.041394952103378291e-01 3.909345093571291174e-02
7.344481605351171538e+01 5.847460566660396195e-04 2.527276997030627470e+00 1.151856138937834735e-02 6.066252067411251891e-01 3.557742763694019678e-02
7.374581939799331565e+01 5.491726009389624437e-04 2.537634184815677596e+00 1.094806077570737411e-02 6.091109182719125492e-01 3.238131794445901768e-02
7.404682274247491591e+01 5.166641552217192792e-04 2.547991372600728166e+00 1.040819199509496543e-02 6.115966298026999093e-01 2.948727416646398924e-02
7.434782608695653039e+01 4.877384697059268612e-04 2.558348560385778292e+00 9.912162347041885216e-03 6.140823413334872694e-01 2.689165964435433903e-02
7.464882943143813065e+01 4.626693949165821542e-04 2.568705748170828418e+00 9.472926757430213604e-03 6.165680528642746294e-01 2.459262610428331747e-02
7.494983277591973092e+01 4.414387518765928845e-04 2.579062935955878988e+00 9.100324285724879433e-03 6.190537643950619895e-01 2.257761209295342658e-02
7.525083612040134540e+01 4.237255864609582056e-04 2.589420123740929114e+00 8.798470265980020202e-03 6.215394759258493496e-01 2.081532070597288953e-02
7.555183946488294566e+01 4.089408185963229947e-04 2.599777311525979684e+00 8.564123637044018106e-03 6.240251874566367096e-01 1.925493778495955544e-02
7.585284280936456014e+01 3.963041010626769368e-04 2.610134499311029810e+00 8.386260374026946116e-03 6.265108989874241807e-01 1.783279148978925144e-02
7.615384615384616041e+01 3.849489899063233901e-04 2.620491687096080380e+00 8.246819570327603571e-03 6.289966105182115408e-01 1.648417444189308537e-02
7.645484949832776067e+01 3.740361036854616462e-04 2.630848874881130506e+00 8.122551197217111121e-03 6.314823220489989009e-01 1.515641309105408840e-02
7.675585284280937515e+01 3.628531955538662353e-04 2.641206062666181076e+00 7.987865950457650327e-03 6.339680335797862609e-01 1.381896236848330524e-02
7.705685618729097541e+01 3.508853253831579165e-04 2.651563250451231202e+00 7.818397659121595344e-03 6.364537451105736210e-01 1.246740319539613867e-02
7.735785953177257568e+01 3.378460307119300599e-04 2.661920438236281328e+00 7.594679045845891333e-03 6.389394566413609811e-01 1.112034248297178070e-02
7.765886287625419016e+01 3.236697078000855309e-04 2.672277626021331898e+00 7.305111003006362069e-03 6.414251681721483411e-01 9.810606457743887426e-03
7.795986622073579042e+01 3.084741291028673276e-04 2.682634813806382024e+00 6.947473404867665452e-03 6.439108797029357012e-01 8.573907050391545506e-03
7.826086956521739069e+01 2.925076167685080209e-04 2.692992001591432594e+00 6.528616226301493276e-03 6.463965912337230613e-01 7.438703296034786597e-03
7.856187290969900516e+01 2.760958666074528095e-04 2.703349189376482720e+00 6.062523774769354792e-03 6.488823027645105324e-01 6.420139652740514472e-03
7.886287625418060543e+01 2.595986678763332212e-04 2.713706377161533290e+00 5.567407868609192297e-03 6.513680142952978924e-01 5.519155753647040155e-03
7.916387959866221991e+01 2.433792294808089505e-04 2.724063564946583416e+00 5.062658150433187870e-03 6.538537258260852525e-01 4.725924076689173511e-03
7.946488294314382017e+01 2.277824702087139202e-04 2.734420752731633986e+00 4.566319419352767028e-03 6.563394373568726126e-01 4.025464422689977069e-03
7.976588628762542044e+01 2.131166391091784322e-04 2.744777940516684112e+00 4.093403598023257449e-03 6.588251488876599726e-01 3.403023978522946944e-03
8.006688963210703491e+01 1.996353583563461795e-04 2.755135128301734238e+00 3.654987276522189861e-03 6.613108604184473327e-01 2.847509089697062516e-03
8.036789297658863518e+01 1.875219615058030457e-04 2.765492316086784808e+00 3.257865724742214572e-03 6.637965719492346928e-01 2.352428867794495709e-03
8.066889632107023544e+01 1.768810270502116149e-04 2.775849503871834933e+00 2.904572257061888065e-03 6.662822834800220528e-01 1.914875553422718587e-03
8.096989966555184992e+01 1.677409444780751386e-04 2.786206691656885504e+00 2.593728930596646189e-03 6.687679950108094129e-01 1.533617769585245713e-03
8.127090301003345019e+01 1.600668292247260703e-04 2.796563879441935629e+00 2.320807476362904236e-03 6.712537065415967730e-01 1.207340600674355413e-03
8.157190635451505045e+01 1.537781229145522924e-04 2.806921067226986199e+00 2.079336437200241926e-03 6.737394180723842441e-01 9.336310726139190885e-04
8.187290969899666493e+01 1.487630177953500716e-04 2.817278255012036325e+00 1.862409401351924985e-03 6.762251296031716041e-01 7.087908505127603126e-04
8.217391304347826519e+01 1.448838358891406213e-04 2.827635442797086451e+00 1.664159540358972319e-03 6.787108411339589642e-01 5.282057032020525929e-04
8.247491638795986546e+01 1.419725610249162771e-04 2.837992630582137021e+00 1.480808801670726888e-03 6.811965526647463243e-01 3.868999268707654787e-04
8.277591973244147994e+01 1.398211610556046049e-04 2.848349818367187147e+00 1.311025235965922100e-03 6.836822641955336843e-01 2.799945825785767322e-04
8.307692307692308020e+01 1.381745300814577815e-04 2.858707006152237717e+00 1.155558701380224621e-03 6.861679757263210444e-01 2.029485965639252893e-04
8.337792642140469468e+01 1.367335747269440621e-04 2.869064193937287843e+00 1.016347120469169923e-03 6.886536872571084045e-01 1.515902819969086840e-04
8.367892976588629494e+01 1.351725568655357521e-04 2.879421381722338413e+00 8.954021658651959304e-04 6.911393987878957645e-01 1.220059466141486883e-04
8.397993311036789521e+01 1.331697782345896304e-04 2.889778569507388539e+00 7.937845319789651804e-04 6.936251103186831246e-01 1.103595563327318949e-04
8.428093645484950969e+01 1.304458518792866507e-04 2.900135757292438665e+00 7.109086899055028479e-04 6.961108218494704847e-01 1.127096200322400904e-04
8.458193979933110995e+01 1.268006805394624218e-04 2.910492945077489235e+00 6.443190158941730986e-04 6.985965333802579558e-01 1.248884758383729369e-04
8.488294314381271022e+01 1.221398022550107998e-04 2.920850132862539361e+00 5.899703203261051502e-04 7.010822449110453158e-01 1.425102132766799972e-04
8.518394648829432469e+01 1.164831714570801444e-04 2.931207320647589931e+00 5.429305668014499124e-04 7.035679564418326759e-01 1.611563835540423680e-04
8.548494983277592496e+01 1.099540857918539249e-04 2.941564508432640057e+00 4.983193240587553046e-04 7.060536679726200360e-01 1.767398755550787456e-04
8.578595317725752523e+01 1.027514560602995437e-04 2.951921696217690627e+00 4.522349187478747964e-04 7.085393795034073960e-01 1.859759956981952612e-04
8.608695652173913970e+01 9.511317080383747274e-05 2.962278884002740753e+00 4.024325325267799278e-04 7.110250910341947561e-01 1.868269211445473745e-04
8.638795986622073997e+01 8.728036172102352711e-05 2.972636071787791323e+00 3.485934782321093101e-04 7.135108025649821162e-01 1.787670849333009297e-04
8.668896321070235444e+01 7.947118406147790398e-05 2.982993259572841449e+00 2.921443586086233061e-04 7.159965140957694762e-01 1.627607044832987302e-04
8.698996655518395471e+01 7.186870317265799666e-05 2.993350447357891575e+00 2.357053266946537045e-04 7.184822256265568363e-01 1.409355360395069630e-04
8.729096989966555498e+01 6.462212053039049716e-05 3.003707635142942145e+00 1.823365597003599899e-04 7.209679371573441964e-01 1.160398647031592189e-04
8.759197324414716945e+01 5.785594851154823593e-05 3.014064822927992271e+00 1.347902636276702602e-04 7.234536486881316675e-01 9.083791710360116184e-05
8.789297658862876972e+01 5.167970597929287248e-05 3.024422010713042841e+00 9.495359866186787860e-05 7.259393602189190275e-01 6.760532953140711301e-05
8.819397993311036998e+01 4.619208647585872838e-05 3.034779198498092967e+00 6.359320921665819794e-05 7.284250717497063876e-01 4.783431933747051890e-05
8.849498327759198446e+01 4.147767088536994534e-05 3.045136386283143537e+00 4.041022911250893417e-05 7.309107832804937477e-01 3.217651925385707327e-05
8.879598662207358473e+01 3.759908979946346898e-05 3.055493574068193663e+00 2.432318576758408602e-05 7.333964948112811078e-01 2.057678099134055918e-05
8.909698996655518499e+01 3.459058931119610034e-05 3.065850761853244233e+00 1.384776000540627965e-05 7.358822063420684678e-01 1.250990024925710904e-05
8.939799331103679947e+01 3.245852974293833787e-05 3.076207949638294359e+00 7.448153932131752027e-06 7.383679178728558279e-01 7.230492721948301473e-06
8.969899665551839973e+01 3.119058529885237162e-05 3.086565137423344485e+00 3.780883221947408995e-06 7.408536294036431880e-01 3.973007529743983351e-06
9.000000000000000000e+01 3.077035048161685135e-05 3.096922325208395055e+00 1.809889659239819905e-06 7.433393409344305480e-01 2.075430738899568869e-06
