0.000000000000000000e+00 3.585771171933489765e-03 4.022395179715809732e-04 7.948066635658850368e-03 1.992481413396890444e-04 1.211749620310113851e-01
3.010033444816053727e-01 3.597490317892273332e-03 1.098044842286428034e-02 7.943134029229635337e-03 3.590806376410641577e-03 1.211709588416544359e-01
6.020066889632107454e-01 3.632345150936181453e-03 2.155865732775697971e-02 7.934980573686325339e-03 6.982364611481594110e-03 1.211273798919379474e-01
9.030100334448161181e-01 3.689322460996909570e-03 3.213686623264967734e-02 7.939726083621987188e-03 1.037392284655254751e-02 1.209638452275031556e-01
1.204013377926421491e+00 3.766442151534509820e-03 4.271507513754237845e-02 7.980796817712385721e-03 1.376548108162349918e-02 1.205806535137504132e-01
1.505016722408026864e+00 3.860509758224069717e-03 5.329328404243507955e-02 8.085172510315721817e-03 1.715703931669445084e-02 1.198936293755266808e-01
1.806020066889632236e+00 3.967081215234876702e-03 6.387149294732777371e-02 8.279643888084355779e-03 2.054859755176540598e-02 1.188669524595591664e-01
2.107023411371237387e+00 4.080807796143504952e-03 7.444970185222048176e-02 8.587935956682633820e-03 2.394015578683635764e-02 1.175391590596851776e-01
2.408026755852842982e+00 4.196213004627336561e-03 8.502791075711317592e-02 9.029195596429747880e-03 2.733171402190730931e-02 1.160393198002680759e-01
2.709030100334448576e+00 4.308784100023728414e-03 9.560611966200587009e-02 9.617883376169818199e-03 3.072327225697826097e-02 1.145884679254922794e-01
3.010033444816053727e+00 4.416095099697115237e-03 1.061843285668985781e-01 1.036471461720449294e-02 3.411483049204921264e-02 1.134794351929276218e-01
3.311036789297658878e+00 4.518586206632453119e-03 1.167625374717912723e-01 1.127808253699714644e-02 3.750638872712016431e-02 1.130314996303768554e-01
3.612040133779264472e+00 4.619664297947433107e-03 1.273407463766839665e-01 1.236539957291746261e-02 4.089794696219112291e-02 1.135255341828593362e-01
3.913043478260870067e+00 4.724973431295801524e-03 1.379189552815766606e-01 1.363396035962093078e-02 4.428950519726207458e-02 1.151356648251943560e-01
4.214046822742474774e+00 4.840963563551005551e-03 1.484971641864693825e-01 1.509116351206211092e-02 4.768106343233302624e-02 1.178779732801062685e-01
4.515050167224080369e+00 4.973157386988081956e-03 1.590753730913620767e-01 1.674413683966726255e-02 5.107262166740397791e-02 1.215925173315055979e-01
4.816053511705685963e+00 5.124663865466363294e-03 1.696535819962547709e-01 1.859894395463028427e-02 5.446417990247492957e-02 1.259646865303205299e-01
5.117056856187291558e+00 5.295437254501392244e-03 1.802317909011474650e-01 2.065961520323071621e-02 5.785573813754588124e-02 1.305811822816318746e-01
5.418060200668897153e+00 5.482536944164538746e-03 1.908099998060401592e-01 2.292728001410716462e-02 6.124729637261683290e-02 1.350083694297477266e-01
5.719063545150501859e+00 5.681296496238564739e-03 2.013882087109328811e-01 2.539971306639586882e-02 6.463885460768778457e-02 1.388765244125016174e-01
6.020066889632107454e+00 5.886999444370657857e-03 2.119664176158255753e-01 2.807163941567916710e-02 6.803041284275873624e-02 1.419514112854599885e-01
6.321070234113713049e+00 6.096512334239913636e-03 2.225446265207182694e-01 3.093612997404976764e-02 7.142197107782968790e-02 1.441751427072075487e-01
6.622073578595317755e+00 6.309398290430781771e-03 2.331228354256109636e-01 3.398729923909169642e-02 7.481352931290063957e-02 1.456637716517196479e-01
6.923076923076923350e+00 6.528284125320889600e-03 2.437010443305036578e-01 3.722425880449184432e-02 7.820508754797159123e-02 1.466606414020935334e-01
7.224080267558528945e+00 6.758557561860044707e-03 2.542792532353963519e-01 4.065591163180864998e-02 8.159664578304255678e-02 1.474590983017746715e-01
7.525083612040134540e+00 7.007684706068507616e-03 2.648574621402890461e-01 4.430579188915849398e-02 8.498820401811350844e-02 1.483190642998436781e-01
7.826086956521740134e+00 7.284468993131169856e-03 2.754356710451817403e-01 4.821590345625056256e-02 8.837976225318446011e-02 1.494033242629529412e-01
8.127090301003345729e+00 7.598428229485387243e-03 2.860138799500744899e-01 5.244851259796898951e-02 9.177132048825541177e-02 1.507505705106208516e-01
8.428093645484949548e+00 7.959248682291655830e-03 2.965920888549671841e-01 5.708515842761134607e-02 9.516287872332636344e-02 1.522881959974049515e-01
8.729096989966555142e+00 8.376126813560187331e-03 3.071702977598598783e-01 6.222270135178523121e-02 9.855443695839731510e-02 1.538751797669714039e-01
9.030100334448160737e+00 8.856831904552579446e-03 3.177485066647525724e-01 6.796687769960738090e-02 1.019459951934682668e-01 1.553581907303474841e-01
9.331103678929766332e+00 9.406516675443891973e-03 3.283267155696452666e-01 7.442436451603524905e-02 1.053375534285392184e-01 1.566225604067000288e-01
9.632107023411371927e+00 1.002656133800819763e-02 3.389049244745379608e-01 8.169460838218796372e-02 1.087291116636101701e-01 1.576227457652637498e-01
9.933110367892977521e+00 1.071390162838133965e-02 3.494831333794306549e-01 8.986256073775378272e-02 1.121206698986811218e-01 1.583835939928021630e-01
1.023411371237458312e+01 1.146124356319618356e-02 3.600613422843233491e-01 9.899304330054370382e-02 1.155122281337520734e-01 1.589737551462911402e-01
1.053511705685618871e+01 1.225829807179946995e-02 3.706395511892160433e-01 1.091269042958382118e-01 1.189037863688230251e-01 1.594640113803368897e-01
1.083612040133779431e+01 1.309379235242857757e-02 3.812177600941087374e-01 1.202786310546791193e-01 1.222953446038939768e-01 1.598915969664641556e-01
1.113712374581939812e+01 1.395771208700621879e-02 3.917959689990014316e-01 1.324348382804485802e-01 1.256869028389649423e-01 1.602513882625119790e-01
1.143812709030100372e+01 1.484314478781640842e-02 4.023741779038941813e-01 1.455531381076211606e-01 1.290784610740358662e-01 1.605234831573979781e-01
1.173913043478260931e+01 1.574725733131713060e-02 4.129523868087868754e-01 1.595612742505966575e-01 1.324700193091068456e-01 1.607273650718764602e-01
1.204013377926421491e+01 1.667124923557983598e-02 4.235305957136795696e-01 1.743569101980240177e-01 1.358615775441777695e-01 1.609748176474906645e-01
1.234113712374582050e+01 1.761941722991729534e-02 4.341088046185722638e-01 1.898088815964363019e-01 1.392531357792487490e-01 1.614883384925105692e-01
1.264214046822742610e+01 1.859763031860190222e-02 4.446870135234649579e-01 2.057608509645248440e-01 1.426446940143196729e-01 1.625653602818749044e-01
1.294314381270903169e+01 1.961154107692307177e-02 4.552652224283576521e-01 2.220380224810230840e-01 1.460362522493906523e-01 1.644966123885160947e-01
1.324414715719063551e+01 2.066482969325427257e-02 4.658434313332503462e-01 2.384569075227390422e-01 1.494278104844615762e-01 1.674742597058289928e-01
1.354515050167224111e+01 2.175777383247988125e-02 4.764216402381430404e-01 2.548372440701345276e-01 1.528193687195325556e-01 1.715344814410881269e-01
1.384615384615384670e+01 2.288645928709599070e-02 4.869998491430357346e-01 2.710143333181613268e-01 1.562109269546034795e-01 1.765621217654435027e-01
1.414715719063545230e+01 2.404290580246343581e-02 4.975780580479284287e-01 2.868495539760809176e-01 1.596024851896744590e-01 1.823511198551437951e-01
1.444816053511705789e+01 2.521618650522819069e-02 5.081562669528211229e-01 3.022368633477015565e-01 1.629940434247454384e-01 1.886850830737916151e-01
1.474916387959866348e+01 2.639427657466343960e-02 5.187344758577138171e-01 3.171037562430031320e-01 1.663856016598163623e-01 1.953966810658379349e-01
1.505016722408026908e+01 2.756602667748173086e-02 5.293126847626065112e-01 3.314063043838517131e-01 1.697771598948873417e-01 2.023849314537717325e-01
1.535117056856187467e+01 2.872253502667095754e-02 5.398908936674992054e-01 3.451192566518685445e-01 1.731687181299582656e-01 2.095994939852883210e-01
1.565217391304348027e+01 2.985742202964195013e-02 5.504691025723918996e-01 3.582233798353067211e-01 1.765602763650292450e-01 2.170181054331458692e-01
1.595317725752508409e+01 3.096602606279361472e-02 5.610473114772845937e-01 3.706929245460297007e-01 1.799518346001001690e-01 2.246361271629966627e-01
1.625418060200669146e+01 3.204407721466333292e-02 5.716255203821773989e-01 3.824861099176367629e-01 1.833433928351711484e-01 2.324647351468603351e-01
1.655518394648829528e+01 3.308665783393891641e-02 5.822037292870700931e-01 3.935408317705511028e-01 1.867349510702420723e-01 2.405176425728794698e-01
1.685618729096989910e+01 3.408805940577543797e-02 5.927819381919627872e-01 4.037766105188973498e-01 1.901265093053130517e-01 2.487711638471253872e-01
1.715719063545150647e+01 3.504259050655284674e-02 6.033601470968554814e-01 4.131024362273326700e-01 1.935180675403839756e-01 2.571066838074229643e-01
1.745819397993311028e+01 3.594579255619060471e-02 6.139383560017481756e-01 4.214289836524883204e-01 1.969096257754549550e-01 2.652699753863370646e-01
1.775919732441471766e+01 3.679522581067837944e-02 6.245165649066408697e-01 4.286829068055963976e-01 2.003011840105258790e-01 2.728880495733307932e-01
1.806020066889632147e+01 3.759017386305714414e-02 6.350947738115335639e-01 4.348206671171249149e-01 2.036927422455968584e-01 2.795634048740764377e-01
1.836120401337792885e+01 3.833018406484425822e-02 6.456729827164262581e-01 4.398395414977870899e-01 2.070843004806677823e-01 2.850269219583673741e-01
1.866220735785953266e+01 3.901300302683764765e-02 6.562511916213189522e-01 4.437839642689089814e-01 2.104758587157387617e-01 2.892943712534232215e-01
1.896321070234114003e+01 3.963283509944913463e-02 6.668294005262116464e-01 4.467460618582886900e-01 2.138674169508096856e-01 2.927570475402056505e-01
1.926421404682274385e+01 4.017975721859332050e-02 6.774076094311043406e-01 4.488600795476321292e-01 2.172589751858806650e-01 2.961535574511183766e-01
1.956521739130434767e+01 4.064062637668618833e-02 6.879858183359970347e-01 4.502913442725571813e-01 2.206505334209515889e-01 3.004122835292597493e-01
1.986622073578595504e+01 4.100118325020744858e-02 6.985640272408897289e-01 4.512213851347964821e-01 2.240420916560225684e-01 3.064058377063664240e-01
2.016722408026755886e+01 4.124860816946959718e-02 7.091422361457824231e-01 4.518316742307931788e-01 2.274336498910934923e-01 3.146983450588712317e-01
2.046822742474916623e+01 4.137372452445289839e-02 7.197204450506751172e-01 4.522888969879305110e-01 2.308252081261644717e-01 3.253760333745360778e-01
2.076923076923077005e+01 4.137234909971117952e-02 7.302986539555678114e-01 4.527344618790594133e-01 2.342167663612353956e-01 3.380253117192056900e-01
2.107023411371237742e+01 4.124574190619678671e-02 7.408768628604605055e-01 4.532800079711880037e-01 2.376083245963063750e-01 3.518693096636562601e-01
2.137123745819398124e+01 4.100043414365342476e-02 7.514550717653531997e-01 4.540091147565017415e-01 2.409998828313772989e-01 3.660148711442273162e-01
2.167224080267558861e+01 4.064774526127069854e-02 7.620332806702458939e-01 4.549836789765109302e-01 2.443914410664482784e-01 3.797217012444795703e-01
2.197324414715719243e+01 4.020307748481279780e-02 7.726114895751385880e-01 4.562520681874600026e-01 2.477829993015192023e-01 3.926002734244478098e-01
2.227424749163879625e+01 3.968480856304167081e-02 7.831896984800312822e-01 4.578557085931980186e-01 2.511745575365901817e-01 4.046759286317725968e-01
2.257525083612040362e+01 3.911252948700472826e-02 7.937679073849240874e-01 4.598314623172640725e-01 2.545661157716611611e-01 4.163084038840800805e-01
2.287625418060200744e+01 3.850460213818755750e-02 8.043461162898167816e-01 4.622088365324666381e-01 2.579576740067320850e-01 4.280066505708017277e-01
2.317725752508361481e+01 3.787544530177675006e-02 8.149243251947094757e-01 4.650031889726868317e-01 2.613492322418030644e-01 4.402101563134047102e-01
2.347826086956521863e+01 3.723334555291417380e-02 8.255025340996021699e-01 4.682078764678671012e-01 2.647407904768739884e-01 4.531129988942264597e-01
2.377926421404682600e+01 3.657967201174688876e-02 8.360807430044948640e-01 4.717890232663226047e-01 2.681323487119449678e-01 4.665886359947247763e-01
2.408026755852842982e+01 3.591003263596991013e-02 8.466589519093875582e-01 4.756859035898018950e-01 2.715239069470158917e-01 4.802397644855988523e-01
2.438127090301003363e+01 3.521724357336756400e-02 8.572371608142802524e-01 4.798180062363841536e-01 2.749154651820868711e-01 4.935570132017073064e-01
2.468227424749164101e+01 3.449526912796428008e-02 8.678153697191729465e-01 4.840973541743824327e-01 2.783070234171577950e-01 5.061323582340409022e-01
2.498327759197324482e+01 3.374285051424370102e-02 8.783935786240656407e-01 4.884425409442365584e-01 2.816985816522287744e-01 5.178498874615160563e-01
2.528428093645485220e+01 3.296558601575935027e-02 8.889717875289583349e-01 4.927900783682299668e-01 2.850901398872996984e-01 5.289793846486467999e-01
2.558528428093645601e+01 3.217574574164653450e-02 8.995499964338510290e-01 4.970994355201665549e-01 2.884816981223706778e-01 5.401311000454719347e-01
2.588628762541806339e+01 3.138988151243939095e-02 9.101282053387437232e-01 5.013503511940941015e-01 2.918732563574416017e-01 5.520835439026865465e-01
2.618729096989966720e+01 3.062500655779766198e-02 9.207064142436364174e-01 5.055338089354840525e-01 2.952648145925125811e-01 5.655488537322386211e-01
2.648829431438127102e+01 2.989450587905454967e-02 9.312846231485291115e-01 5.096404018550267923e-01 2.986563728275835050e-01 5.809686341810803567e-01
2.678929765886287839e+01 2.920490188771041745e-02 9.418628320534218057e-01 5.136507825563614293e-01 3.020479310626544844e-01 5.984230112904912469e-01
2.709030100334448221e+01 2.855423383984140306e-02 9.524410409583144999e-01 5.175321243249461078e-01 3.054394892977254083e-01 6.176893465392864213e-01
2.739130434782608958e+01 2.793231395029941583e-02 9.630192498632071940e-01 5.212423152322680497e-01 3.088310475327963878e-01 6.384228491851685616e-01
2.769230769230769340e+01 2.732268791808491887e-02 9.735974587680998882e-01 5.247407956823222364e-01 3.122226057678673117e-01 6.603762933593185780e-01
2.799331103678930077e+01 2.670584736993070890e-02 9.841756676729925823e-01 5.280025437513123920e-01 3.156141640029382911e-01 6.835554761307736094e-01
2.829431438127090459e+01 2.606310404502522327e-02 9.947538765778852765e-01 5.310305199555064304e-01 3.190057222380092150e-01 7.082330168518023994e-01
2.859531772575251196e+01 2.538047520477694149e-02 1.005332085482777860e+00 5.338622407207651577e-01 3.223972804730801944e-01 7.348066490004075968e-01
2.889632107023411578e+01 2.465190220610349869e-02 1.015910294387670554e+00 5.365678596582061921e-01 3.257888387081511739e-01 7.635607513832096682e-01
2.919732441471571960e+01 2.388114797357972913e-02 1.026488503292563248e+00 5.392395953593923652e-01 3.291803969432220978e-01 7.944363845074087216e-01
2.949832775919732697e+01 2.308186187286405053e-02 1.037066712197455942e+00 5.419747882982456355e-01 3.325719551782930772e-01 8.269127530720232766e-01
2.979933110367893079e+01 2.227561919945441476e-02 1.047644921102348636e+00 5.448566164974010251e-01 3.359635134133640011e-01 8.600542636606267610e-01
3.010033444816053816e+01 2.148821652584879602e-02 1.058223130007241330e+00 5.479371295991912749e-01 3.393550716484349805e-01 8.927077496002762125e-01
3.040133779264214198e+01 2.074500635457659364e-02 1.068801338912134025e+00 5.512266872046526212e-01 3.427466298835059044e-01 9.237772624268401067e-01
3.070234113712374935e+01 2.006638804764603393e-02 1.079379547817026719e+00 5.546923320492039844e-01 3.461381881185768838e-01 9.524824064353151210e-01
3.100334448160535317e+01 1.946456429509054245e-02 1.089957756721919413e+00 5.582655277799051241e-01 3.495297463536478078e-01 9.785245346895892204e-01
3.130434782608696054e+01 1.894227934240327871e-02 1.100535965626812107e+00 5.618575639072045380e-01 3.529213045887187872e-01 1.002129445910293404e+00
3.160535117056856436e+01 1.849361105122121485e-02 1.111114174531704801e+00 5.653792492122663438e-01 3.563128628237897111e-01 1.023982369457004937e+00
3.190635451505016817e+01 1.810625952619187087e-02 1.121692383436597495e+00 5.687606077904047153e-01 3.597044210588606905e-01 1.045099371219001538e+00
3.220735785953177555e+01 1.776442833878725397e-02 1.132270592341490634e+00 5.719662984405922135e-01 3.630959792939316144e-01 1.066679113947749391e+00
3.250836120401338292e+01 1.745145713844047444e-02 1.142848801246383328e+00 5.750033556316754835e-01 3.664875375290025938e-01 1.089957907310897367e+00
3.280936454849498318e+01 1.715175282512118246e-02 1.153427010151276022e+00 5.779194125747569855e-01 3.698790957640735177e-01 1.116069828894850957e+00
3.311036789297659055e+01 1.685203621283537859e-02 1.164005219056168716e+00 5.807915281948669017e-01 3.732706539991444972e-01 1.145910920124568744e+00
3.341137123745819792e+01 1.654221069459801269e-02 1.174583427961061410e+00 5.837077491806900165e-01 3.766622122342154211e-01 1.180023030091261527e+00
3.371237458193979819e+01 1.621613966828731879e-02 1.185161636865954105e+00 5.867452110983158997e-01 3.800537704692864005e-01 1.218530349694449733e+00
3.401337792642140556e+01 1.587235862852325735e-02 1.195739845770846799e+00 5.899495475103105901e-01 3.834453287043573244e-01 1.261157988882751324e+00
3.431438127090301293e+01 1.551445449492293814e-02 1.206318054675739493e+00 5.933203515416655138e-01 3.868368869394283038e-01 1.307332183897142563e+00
3.461538461538462030e+01 1.515072974689742752e-02 1.216896263580632187e+00 5.968063217839097989e-01 3.902284451744992277e-01 1.356324622202647268e+00
3.491638795986622057e+01 1.479291709578916224e-02 1.227474472485524881e+00 6.003116810444657503e-01 3.936200034095702072e-01 1.407386441787373155e+00
3.521739130434782794e+01 1.445404211353233832e-02 1.238052681390417575e+00 6.037129031501581311e-01 3.970115616446411311e-01 1.459833327256524704e+00
3.551839464882943531e+01 1.414586833418211322e-02 1.248630890295310270e+00 6.068823236163259915e-01 4.004031198797121105e-01 1.513078416058666109e+00
3.581939799331104268e+01 1.387653972046992354e-02 1.259209099200202964e+00 6.097134759445987928e-01 4.037946781147830344e-01 1.566636563187812747e+00
3.612040133779264295e+01 1.364899542943019163e-02 1.269787308105095658e+00 6.121424643820966294e-01 4.071862363498540138e-01 1.620123375157456636e+00
3.642140468227425032e+01 1.346051281035678081e-02 1.280365517009988352e+00 6.141605335539191968e-01 4.105777945849249377e-01 1.673251311021737964e+00
3.672240802675585769e+01 1.330343111055728653e-02 1.290943725914881046e+00 6.158150379782083572e-01 4.139693528199959172e-01 1.725807004619192675e+00
3.702341137123745796e+01 1.316681239639722577e-02 1.301521934819773740e+00 6.171987351446051040e-01 4.173609110550668411e-01 1.777598766514132178e+00
3.732441471571906533e+01 1.303857491249565091e-02 1.312100143724666435e+00 6.184300129168514015e-01 4.207524692901378205e-01 1.828389228311041892e+00
3.762541806020067270e+01 1.290753645028908624e-02 1.322678352629559129e+00 6.196286008687708069e-01 4.241440275252087444e-01 1.877853281515059258e+00
3.792642140468228007e+01 1.276486537889680480e-02 1.333256561534451823e+00 6.208919984401164438e-01 4.275355857602797238e-01 1.925602073057109731e+00
3.822742474916388034e+01 1.260465533171828238e-02 1.343834770439344517e+00 6.222771481127292725e-01 4.309271439953506477e-01 1.971283693570483830e+00
3.852842809364548771e+01 1.242365736648699294e-02 1.354412979344237211e+00 6.237900943062790748e-01 4.343187022304216272e-01 2.014726726428305970e+00
3.882943143812709508e+01 1.222050368892499926e-02 1.364991188249129905e+00 6.253841548952084883e-01 4.377102604654926066e-01 2.056061314152281660e+00
3.913043478260869534e+01 1.199490965707692737e-02 1.375569397154022599e+00 6.269652695668722631e-01 4.411018187005635305e-01 2.095753959812005185e+00
3.943143812709030271e+01 1.174727215341522107e-02 1.386147606058915294e+00 6.284022720182979027e-01 4.444933769356345099e-01 2.134527746853779995e+00
3.973244147157191009e+01 1.147882404834277108e-02 1.396725814963807988e+00 6.295400186591438851e-01 4.478849351707054338e-01 2.173190690866233510e+00
4.003344481605351746e+01 1.119218417008893511e-02 1.407304023868700682e+00 6.302142378567485714e-01 4.512764934057764132e-01 2.212434879207020977e+00
4.033444816053511772e+01 1.089191799296437835e-02 1.417882232773593376e+00 6.302679286229809774e-01 4.546680516408473371e-01 2.252678108829311299e+00
4.063545150501672509e+01 1.058470003301291255e-02 1.428460441678486070e+00 6.295694158472581181e-01 4.580596098759183166e-01 2.293996016580104325e+00
4.093645484949833246e+01 1.027884249218517440e-02 1.439038650583378764e+00 6.280314136202896913e-01 4.614511681109892405e-01 2.336152454577086424e+00
4.123745819397993273e+01 9.983227644105656731e-03 1.449616859488271459e+00 6.256289095737233019e-01 4.648427263460602199e-01 2.378702236924175484e+00
4.153846153846154010e+01 9.705920474544400128e-03 1.460195068393164153e+00 6.224121479513151645e-01 4.682342845811311438e-01 2.421128202533314955e+00
4.183946488294314747e+01 9.452846488488242035e-03 1.470773277298056847e+00 6.185104343018011930e-01 4.716258428162021232e-01 2.462981988874223038e+00
4.214046822742475484e+01 9.226876906101345172e-03 1.481351486202949541e+00 6.141235964088438415e-01 4.750174010512730471e-01 2.504010734510253577e+00
4.244147157190635511e+01 9.027516515754072449e-03 1.491929695107842235e+00 6.095007180394984569e-01 4.784089592863440266e-01 2.544256050262086344e+00
4.274247491638796248e+01 8.851211360208260243e-03 1.502507904012734929e+00 6.049094297316121027e-01 4.818005175214149505e-01 2.584104271668818953e+00
4.304347826086956985e+01 8.692143510536277581e-03 1.513086112917627624e+00 6.006022722510485634e-01 4.851920757564859299e-01 2.624258829236508550e+00
4.334448160535117722e+01 8.543288298531572303e-03 1.523664321822520318e+00 5.967881012682881847e-01 4.885836339915568538e-01 2.665612659399746232e+00
4.364548494983277749e+01 8.397484153724082273e-03 1.534242530727413012e+00 5.936153840189697384e-01 4.919751922266278332e-01 2.709029763379047218e+00
4.394648829431438486e+01 8.248306985490479540e-03 1.544820739632305706e+00 5.911706904979655564e-01 4.953667504616987571e-01 2.755091497940595602e+00
4.424749163879599223e+01 8.090642308053629800e-03 1.555398948537198400e+00 5.894908021280246269e-01 4.987583086967697366e-01 2.803898187023175392e+00
4.454849498327759250e+01 7.920981801834151709e-03 1.565977157442091094e+00 5.885823505430615166e-01 5.021498669318406050e-01 2.855009621671293019e+00
4.484949832775919987e+01 7.737583575751338233e-03 1.576555366346983789e+00 5.884404436335981536e-01 5.055414251669115844e-01 2.907548487386834246e+00
4.515050167224080724e+01 7.540664557879503752e-03 1.587133575251876483e+00 5.890583567670311105e-01 5.089329834019825638e-01 2.960405314778687735e+00
4.545150501672241461e+01 7.332705281378753756e-03 1.597711784156769177e+00 5.904239893397821293e-01 5.123245416370534322e-01 3.012427199835432390e+00
4.575250836120401488e+01 7.118771265253407213e-03 1.608289993061661871e+00 5.925042022149109577e-01 5.157160998721244116e-01 3.062492035698890280e+00
4.605351170568562225e+01 6.906584948700910699e-03 1.618868201966554565e+00 5.952234135625430467e-01 5.191076581071953910e-01 3.109463022933666831e+00
4.635451505016722962e+01 6.706031412305807002e-03 1.629446410871447259e+00 5.984459556989520923e-01 5.224992163422663705e-01 3.152123991313409146e+00
4.665551839464882988e+01 6.527915125283535736e-03 1.640024619776339954e+00 6.019714159438522838e-01 5.258907745773372389e-01 3.189233159805404672e+00
4.695652173913043725e+01 6.382071201506614791e-03 1.650602828681232648e+00 6.055484587896364790e-01 5.292823328124082183e-01 3.219761163870120235e+00
4.725752508361204463e+01 6.275248534761104953e-03 1.661181037586125342e+00 6.089066930860225213e-01 5.326738910474791977e-01 3.243237203289708326e+00
4.755852842809365200e+01 6.209369008326444742e-03 1.671759246491018036e+00 6.118000798581046951e-01 5.360654492825501771e-01 3.260012494861965759e+00
4.785953177257525226e+01 6.180724754182066044e-03 1.682337455395910730e+00 6.140513023428777473e-01 5.394570075176210455e-01 3.271251458442550497e+00
4.816053511705685963e+01 6.180409412940279616e-03 1.692915664300803424e+00 6.155858178267491487e-01 5.428485657526920249e-01 3.278591690948110760e+00
4.846153846153846700e+01 6.195897583072135402e-03 1.703493873205696119e+00 6.164471048694517563e-01 5.462401239877630044e-01 3.283597476313435681e+00
4.876254180602006727e+01 6.213342957888241987e-03 1.714072082110588813e+00 6.167897823454416839e-01 5.496316822228339838e-01 3.287252104894844429e+00
4.906354515050167464e+01 6.219985478800235494e-03 1.724650291015481507e+00 6.168529274930174555e-01 5.530232404579049632e-01 3.289714979038844689e+00
4.936454849498328201e+01 6.206087369679666975e-03 1.735228499920374201e+00 6.169201935847328233e-01 5.564147986929758316e-01 3.290425076874965438e+00
4.966555183946488938e+01 6.166017467912997610e-03 1.745806708825266895e+00 6.172750839967870995e-01 5.598063569280468110e-01 3.288455810389365741e+00
4.996655518394648965e+01 6.098379079774634941e-03 1.756384917730159589e+00 6.181589217560100602e-01 5.631979151631177904e-01 3.282922304034088246e+00
5.026755852842809702e+01 6.005327924386389023e-03 1.766963126635052284e+00 6.197365701095668422e-01 5.665894733981887699e-01 3.273258101090655181e+00
5.056856187290970439e+01 5.891384366871282863e-03 1.777541335539944978e+00 6.220721754240122747e-01 5.699810316332596383e-01 3.259283177708515389e+00
5.086956521739130466e+01 5.762087251474379453e-03 1.788119544444837672e+00 6.251152936947214078e-01 5.733725898683306177e-01 3.241103974481649885e+00
5.117056856187291203e+01 5.622787397174937654e-03 1.798697753349730366e+00 6.286972147457858817e-01 5.767641481034015971e-01 3.218955330487110356e+00
5.147157190635451940e+01 5.477781807858019339e-03 1.809275962254623060e+00 6.325377757640261445e-01 5.801557063384725765e-01 3.193093048238199394e+00
5.177257525083612677e+01 5.329886813390981998e-03 1.819854171159515754e+00 6.362635458548230316e-01 5.835472645735434449e-01 3.163791206547494461e+00
5.207357859531772704e+01 5.180461002004523204e-03 1.830432380064408449e+00 6.394379901257821741e-01 5.869388228086144244e-01 3.131422986826591703e+00
5.237458193979933441e+01 5.029815710876828737e-03 1.841010588969301143e+00 6.416025758582832861e-01 5.903303810436854038e-01 3.096542394479684379e+00
5.267558528428094178e+01 4.877882848345291636e-03 1.851588797874193837e+00 6.423250290636145499e-01 5.937219392787563832e-01 3.059868601126017218e+00
5.297658862876254204e+01 4.724949546315739164e-03 1.862167006779086531e+00 6.412480695656076479e-01 5.971134975138272516e-01 3.022122615465412832e+00
5.327759197324414941e+01 4.572238855803867179e-03 1.872745215683979225e+00 6.381302424331074530e-01 6.005050557488982310e-01 2.983762467103445726e+00
5.357859531772575679e+01 4.422144251688541784e-03 1.883323424588871919e+00 6.328709480196872406e-01 6.038966139839692104e-01 2.944753385786351707e+00
5.387959866220736416e+01 4.278023101827134987e-03 1.893901633493764614e+00 6.255146997739144954e-01 6.072881722190401899e-01 2.904526547910180057e+00
5.418060200668896442e+01 4.143594999582732134e-03 1.904479842398657308e+00 6.162342870542536488e-01 6.106797304541110583e-01 2.862194950278216687e+00
5.448160535117057179e+01 4.022122106154082423e-03 1.915058051303550002e+00 6.052974291815923502e-01 6.140712886891820377e-01 2.816949707840353145e+00
5.478260869565217916e+01 3.915618880364360455e-03 1.925636260208442696e+00 5.930250476275612526e-01 6.174628469242530171e-01 2.768446884251304141e+00
5.508361204013378654e+01 3.824325480096217502e-03 1.936214469113335390e+00 5.797503208392935647e-01 6.208544051593239965e-01 2.716992011560045217e+00
5.538461538461538680e+01 3.746596640795542537e-03 1.946792678018228084e+00 5.657860371123507592e-01 6.242459633943948649e-01 2.663441407141217354e+00
5.568561872909699417e+01 3.679240841186778074e-03 1.957370886923120779e+00 5.514042329434987177e-01 6.276375216294658443e-01 2.608892215495515643e+00
5.598662207357860154e+01 3.618227560617166307e-03 1.967949095828013473e+00 5.368281099019716063e-01 6.310290798645368238e-01 2.554328138407403692e+00
5.628762541806020181e+01 3.559587594569636488e-03 1.978527304732906167e+00 5.222331599367472377e-01 6.344206380996078032e-01 2.500372601515289173e+00
5.658862876254180918e+01 3.500280108989194117e-03 1.989105513637798861e+00 5.077531258996584862e-01 6.378121963346786716e-01 2.447202746603078793e+00
5.688963210702341655e+01 3.438805562370542569e-03 1.999683722542691555e+00 4.934868982366141799e-01 6.412037545697496510e-01 2.394576383264275243e+00
5.719063545150502392e+01 3.375412882119398304e-03 2.010261931447584249e+00 4.795040487787647909e-01 6.445953128048206304e-01 2.341890820866559419e+00
5.749163879598662419e+01 3.311868111204796170e-03 2.020840140352476944e+00 4.658485137954863631e-01 6.479868710398916098e-01 2.288238646239523000e+00
5.779264214046823156e+01 3.250879772838062998e-03 2.031418349257369638e+00 4.525412198892309057e-01 6.513784292749625893e-01 2.232499713570540223e+00
5.809364548494983893e+01 3.195362313453978687e-03 2.041996558162262332e+00 4.395828886234683375e-01 6.547699875100334577e-01 2.173539793665512754e+00
5.839464882943143920e+01 3.147730690950087135e-03 2.052574767067155026e+00 4.269579798147207783e-01 6.581615457451044371e-01 2.110538514977511326e+00
5.869565217391304657e+01 3.109364363774968793e-03 2.063152975972047720e+00 4.146400943134093686e-01 6.615531039801754165e-01 2.043368628176960300e+00
5.899665551839465394e+01 3.080300827295478008e-03 2.073731184876940414e+00 4.025985041561037647e-01 6.649446622152463959e-01 1.972865155830721529e+00
5.929765886287626131e+01 3.059165117416790675e-03 2.084309393781833109e+00 3.908050066134279299e-01 6.683362204503172643e-01 1.900821303690785058e+00
5.959866220735786158e+01 3.043330107377704291e-03 2.094887602686725803e+00 3.792400449571712295e-01 6.717277786853882438e-01 1.829643209591969466e+00
5.989966555183946895e+01 3.029309638450962232e-03 2.105465811591618497e+00 3.678969714272715130e-01 6.751193369204592232e-01 1.761743060885898382e+00
6.020066889632107632e+01 3.013369981166269442e-03 2.116044020496511191e+00 3.567834436267292020e-01 6.785108951555302026e-01 1.698873460363280241e+00
6.050167224080267658e+01 2.992281855884847217e-03 2.126622229401403885e+00 3.459192927265912765e-01 6.819024533906010710e-01 1.641642021673570095e+00
6.080267558528428395e+01 2.964047539328194553e-03 2.137200438306296579e+00 3.353308208840957150e-01 6.852940116256720504e-01 1.589377247362222523e+00
6.110367892976589133e+01 2.928383896234564975e-03 2.147778647211189273e+00 3.250423188645631956e-01 6.886855698607430298e-01 1.540379100211899610e+00
6.140468227424749870e+01 2.886777383768642392e-03 2.158356856116081968e+00 3.150664431414167410e-01 6.920771280958140093e-01 1.492444575973397969e+00
6.170568561872909896e+01 2.842059852063250763e-03 2.168935065020974662e+00 3.053956590261121540e-01 6.954686863308848777e-01 1.443471695835444324e+00
6.200668896321070633e+01 2.797632566230902427e-03 2.179513273925867356e+00 2.959969759047907378e-01 6.988602445659558571e-01 1.391945671228005832e+00
6.230769230769231370e+01 2.756604222694270315e-03 2.190091482830760050e+00 2.868115720059623008e-01 7.022518028010268365e-01 1.337186745371641949e+00
6.260869565217392108e+01 2.721136240615476629e-03 2.200669691735652744e+00 2.777597674741252298e-01 7.056433610360978159e-01 1.279344870102393728e+00
6.290969899665552134e+01 2.692191065840955980e-03 2.211247900640545438e+00 2.687504960357526840e-01 7.090349192711686843e-01 1.219209368375061997e+00
6.321070234113712871e+01 2.669705314974907782e-03 2.221826109545438133e+00 2.596933583392632139e-01 7.124264775062396637e-01 1.157932057613740850e+00
6.351170568561873608e+01 2.653041732046643869e-03 2.232404318450330827e+00 2.505108339250822214e-01 7.158180357413106432e-01 1.096746018106285359e+00
6.381270903010033635e+01 2.641484317578858543e-03 2.242982527355223521e+00 2.411483944772394583e-01 7.192095939763816226e-01 1.036729514309093991e+00
6.411371237458195083e+01 2.634559047359001996e-03 2.253560736260116215e+00 2.315809761659822774e-01 7.226011522114524910e-01 9.786427596495500536e-01
6.441471571906355109e+01 2.632068333486711764e-03 2.264138945165009353e+00 2.218152487145222951e-01 7.259927104465234704e-01 9.228585164716360811e-01
6.471571906354515136e+01 2.633867778150555516e-03 2.274717154069902048e+00 2.118880399166932216e-01 7.293842686815944498e-01 8.693999560303443674e-01
6.501672240802676583e+01 2.639529100833916571e-03 2.285295362974794742e+00 2.018618931609753586e-01 7.327758269166654292e-01 8.180752007788560931e-01
6.531772575250836610e+01 2.648080155275768944e-03 2.295873571879687436e+00 1.918189553051105056e-01 7.361673851517362976e-01 7.686610275371973389e-01
6.561872909698996637e+01 2.657978035958721754e-03 2.306451780784580130e+00 1.818542627836009506e-01 7.395589433868072771e-01 7.210608898979301573e-01
6.591973244147158084e+01 2.667371822589856018e-03 2.317029989689472824e+00 1.720691597162492814e-01 7.429505016218782565e-01 6.753683808195222182e-01
6.622073578595318111e+01 2.674587657959096032e-03 2.327608198594365518e+00 1.625652116394743218e-01 7.463420598569492359e-01 6.318109965256000216e-01
6.652173913043478137e+01 2.678668533992077487e-03 2.338186407499258213e+00 1.534387058777773316e-01 7.497336180920201043e-01 5.906097831769222539e-01
6.682274247491639585e+01 2.679763206974682555e-03 2.348764616404150907e+00 1.447757216488252674e-01 7.531251763270910837e-01 5.518343624676644854e-01
6.712374581939799612e+01 2.679199085906379396e-03 2.359342825309043601e+00 1.366478061708837066e-01 7.565167345621620631e-01 5.153344595145320506e-01
6.742474916387959638e+01 2.679179780014476903e-03 2.369921034213936295e+00 1.291084464637046736e-01 7.599082927972330426e-01 4.807868995492957098e-01
6.772575250836121086e+01 2.682181107761965645e-03 2.380499243118828989e+00 1.221906848512963328e-01 7.632998510323040220e-01 4.478343194472956812e-01
6.802675585284281112e+01 2.690229653522725663e-03 2.391077452023721683e+00 1.159062884178757025e-01 7.666914092673748904e-01 4.162429576396490249e-01
6.832775919732442560e+01 2.704292305084796469e-03 2.401655660928614378e+00 1.102467757462553821e-01 7.700829675024458698e-01 3.859980926629537068e-01
6.862876254180602587e+01 2.723965470076169029e-03 2.412233869833507072e+00 1.051863147872883208e-01 7.734745257375168492e-01 3.572906643213225597e-01
6.892976588628762613e+01 2.747544605722933384e-03 2.422812078738399766e+00 1.006860970624123275e-01 7.768660839725878287e-01 3.304066325841690799e-01
6.923076923076924061e+01 2.772422366760322714e-03 2.433390287643292460e+00 9.669939462377764861e-02 7.802576422076586971e-01 3.055787821067479926e-01
6.953177257525084087e+01 2.795660349471382113e-03 2.443968496548185154e+00 9.317626937945151788e-02 7.836492004427296765e-01 2.828733163445713572e-01
6.983277591973244114e+01 2.814543542827145292e-03 2.454546705453077848e+00 9.006694424951781908e-02 7.870407586778006559e-01 2.621573463568445117e-01
7.013377926421405562e+01 2.826965185097108507e-03 2.465124914357970543e+00 8.732318740779927702e-02 7.904323169128716353e-01 2.431477314427185621e-01
7.043478260869565588e+01 2.831577751977500720e-03 2.475703123262863237e+00 8.489762193793339018e-02 7.938238751479425037e-01 2.255046595007003385e-01
7.073578595317725615e+01 2.827741275972230246e-03 2.486281332167755931e+00 8.274148837090677944e-02 7.972154333830134831e-01 2.089228095898993387e-01
7.103678929765887062e+01 2.815365210476604690e-03 2.496859541072648625e+00 8.080186735989214331e-02 8.006069916180844626e-01 1.931875405638241727e-01
7.133779264214047089e+01 2.794755888843169101e-03 2.507437749977541319e+00 7.901956667694649827e-02 8.039985498531554420e-01 1.781880455826193588e-01
7.163879598662208537e+01 2.766551451056879253e-03 2.518015958882434013e+00 7.732873247952605500e-02 8.073901080882263104e-01 1.638981814121531766e-01
7.193979933110368563e+01 2.731767689038645548e-03 2.528594167787326707e+00 7.565880333657004631e-02 8.107816663232972898e-01 1.503424445912414364e-01
7.224080267558528590e+01 2.691914355190071478e-03 2.539172376692219402e+00 7.393881206909348747e-02 8.141732245583682692e-01 1.375621590098169422e-01
7.254180602006690037e+01 2.649093595707871854e-03 2.549750585597112096e+00 7.210341912563687783e-02 8.175647827934392486e-01 1.255908755835141721e-01
7.284280936454850064e+01 2.605977604625983168e-03 2.560328794502004790e+00 7.009958774166744067e-02 8.209563410285101170e-01 1.144416338040038505e-01
7.314381270903010090e+01 2.565591072368735015e-03 2.570907003406897484e+00 6.789259513093984233e-02 8.243478992635810965e-01 1.041034926504843389e-01
7.344481605351171538e+01 2.530892234409994317e-03 2.581485212311790178e+00 6.547015773832487451e-02 8.277394574986520759e-01 9.454209135103357198e-02
7.374581939799331565e+01 2.504233752438262111e-03 2.592063421216682872e+00 6.284380367743906681e-02 8.311310157337230553e-01 8.570031700295074883e-02
7.404682274247491591e+01 2.486856254157274182e-03 2.602641630121575567e+00 6.004716378360446666e-02 8.345225739687939237e-01 7.749946333233154183e-02
7.434782608695653039e+01 2.478586392816780910e-03 2.613219839026468261e+00 5.713144820078153857e-02 8.379141322038649031e-01 6.984477347664212743e-02
7.464882943143813065e+01 2.477858208034537397e-03 2.623798047931360955e+00 5.415889264828226829e-02 8.413056904389358825e-01 6.263842164645121169e-02
7.494983277591973092e+01 2.482064121527570097e-03 2.634376256836253649e+00 5.119528408287580407e-02 8.446972486740068620e-01 5.579814138977167576e-02
7.525083612040134540e+01 2.488115860074848092e-03 2.644954465741146343e+00 4.830274663473793639e-02 8.480888069090777304e-01 4.927504048193337427e-02
7.555183946488294566e+01 2.493016371118355473e-03 2.655532674646039037e+00 4.553379083651601378e-02 8.514803651441487098e-01 4.306366926610311063e-02
7.585284280936456014e+01 2.494255078610100977e-03 2.666110883550931732e+00 4.292727390174336938e-02 8.548719233792196892e-01 3.720118910898866094e-02
7.615384615384616041e+01 2.489939774948209811e-03 2.676689092455824426e+00 4.050649955256402368e-02 8.582634816142906686e-01 3.175703500824628850e-02
7.645484949832776067e+01 2.478718025473225072e-03 2.687267301360717120e+00 3.827931739162528102e-02 8.616550398493615370e-01 2.681659268991168354e-02
7.675585284280937515e+01 2.459642620024441242e-03 2.697845510265609814e+00 3.623983958861257820e-02 8.650465980844325165e-01 2.246211286232872514e-02
7.705685618729097541e+01 2.432141176151881787e-03 2.708423719170502508e+00 3.437129093581479944e-02 8.684381563195034959e-01 1.875359985049492723e-02
7.735785953177257568e+01 2.396156402326910483e-03 2.719001928075395202e+00 3.264950729817506919e-02 8.718297145545744753e-01 1.571305926329929353e-02
7.765886287625419016e+01 2.352387137829791038e-03 2.729580136980287897e+00 3.104663568536487200e-02 8.752212727896454547e-01 1.331613898768978406e-02
7.795986622073579042e+01 2.302463714823456322e-03 2.740158345885180591e+00 2.953462289948148578e-02 8.786128310247163231e-01 1.149388545000465389e-02
7.826086956521739069e+01 2.248892848328611950e-03 2.750736554790073285e+00 2.808810701069490087e-02 8.820043892597873025e-01 1.014386940759343450e-02
7.856187290969900516e+01 2.194706426846674586e-03 2.761314763694965979e+00 2.668638175809462040e-02 8.853959474948582820e-01 9.146447334241818508e-03
7.886287625418060543e+01 2.142888307042279533e-03 2.771892972599858673e+00 2.531423015327848719e-02 8.887875057299292614e-01 8.380879056396853266e-03
7.916387959866221991e+01 2.095757532650247869e-03 2.782471181504751367e+00 2.396163189062005747e-02 8.921790639650001298e-01 7.737893707110875957e-03
7.946488294314382017e+01 2.054505707510710048e-03 2.793049390409644062e+00 2.262260068660425227e-02 8.955706222000711092e-01 7.128255199023374178e-03
7.976588628762542044e+01 2.019021700861255500e-03 2.803627599314536756e+00 2.129362147434478436e-02 8.989621804351420886e-01 6.488571913118406677e-03
8.006688963210703491e+01 1.988031170556966033e-03 2.814205808219429450e+00 1.997224584681420514e-02 9.023537386702130680e-01 5.785145149859683908e-03
8.036789297658863518e+01 1.959484108769685151e-03 2.824784017124322144e+00 1.865631666112835610e-02 9.057452969052839364e-01 5.015112571460722882e-03
8.066889632107023544e+01 1.931072707326327758e-03 2.835362226029214838e+00 1.734404515304022523e-02 9.091368551403549159e-01 4.203308331304597689e-03
8.096989966555184992e+01 1.900755335267508266e-03 2.845940434934107532e+00 1.603483828673485725e-02 9.125284133754258953e-01 3.394090012918761761e-03
8.127090301003345019e+01 1.867181848366395239e-03 2.856518643839000227e+00 1.473048772117439495e-02 9.159199716104968747e-01 2.639368040845528358e-03
8.157190635451505045e+01 1.829942729662448067e-03 2.867096852743892921e+00 1.343618993026089031e-02 9.193115298455677431e-01 1.985840858025391190e-03
8.187290969899666493e+01 1.789594358386716174e-03 2.877675061648785615e+00 1.216092003655144457e-02 9.227030880806387225e-01 1.464867262424763249e-03
8.217391304347826519e+01 1.747450390664920987e-03 2.888253270553678309e+00 1.091690586486455949e-02 9.260946463157097019e-01 1.087350059619608244e-03
8.247491638795986546e+01 1.705179420060104348e-03 2.898831479458571003e+00 9.718256768579043928e-03 9.294862045507806814e-01 8.441916084067216993e-04
8.277591973244147994e+01 1.664305301137960092e-03 2.909409688363463697e+00 8.579080430832684845e-03 9.328777627858515498e-01 7.112551185051347886e-04
8.307692307692308020e+01 1.625749765018552314e-03 2.919987897268356392e+00 7.511574602913839542e-03 9.362693210209225292e-01 6.568657814648568754e-04
8.337792642140469468e+01 1.589563946182019454e-03 2.930566106173249086e+00 6.524566485172379575e-03 9.396608792559935086e-01 6.497011952068885553e-04
8.367892976588629494e+01 1.554951691073747653e-03 2.941144315078141780e+00 5.622810480577712829e-03 9.430524374910644880e-01 6.651735890745613970e-04
8.397993311036789521e+01 1.520598225506035895e-03 2.951722523983034474e+00 4.807114747318354253e-03 9.464439957261353564e-01 6.889074176422880450e-04
8.428093645484950969e+01 1.485210321591145469e-03 2.962300732887927168e+00 4.075135695646498434e-03 9.498355539612063358e-01 7.166565304581605554e-04
8.458193979933110995e+01 1.448089561629393226e-03 2.972878941792819862e+00 3.422529112888448698e-03 9.532271121962773153e-01 7.509796401613013902e-04
8.488294314381271022e+01 1.409536075911715577e-03 2.983457150697712557e+00 2.844110623571747144e-03 9.566186704313482947e-01 7.960010810646250216e-04
8.518394648829432469e+01 1.370931755406548441e-03 2.994035359602605251e+00 2.334747360986152726e-03 9.600102286664191631e-01 8.522468484224779688e-04
8.548494983277592496e+01 1.334463228170299854e-03 3.004613568507497945e+00 1.889836059945141072e-03 9.634017869014901425e-01 9.135258278021614461e-04
8.578595317725752523e+01 1.302572897312908110e-03 3.015191777412390639e+00 1.505367708096282207e-03 9.667933451365611219e-01 9.670536035678746608e-04
8.608695652173913970e+01 1.277319806820250217e-03 3.025769986317283333e+00 1.177690806756146596e-03 9.701849033716321014e-01 9.967549321579316588e-04
8.638795986622073997e+01 1.259854746609158751e-03 3.036348195222176027e+00 9.031397893999098744e-04 9.735764616067029698e-01 9.884182281445792057e-04
8.668896321070235444e+01 1.250160979833820577e-03 3.046926404127068722e+00 6.776906150630023721e-04 9.769680198417739492e-01 9.346269636034227821e-04
8.698996655518395471e+01 1.247110936576610813e-03 3.057504613031961416e+00 4.967578467919726024e-04 9.803595780768449286e-01 8.374951398128154629e-04
8.729096989966555498e+01 1.248785422956845415e-03 3.068082821936854110e+00 3.551806830294401067e-04 9.837511363119159080e-01 7.081740568788620800e-04
8.759197324414716945e+01 1.252935270834438586e-03 3.078661030841746804e+00 2.473825101844713678e-04 9.871426945469868874e-01 5.634648674719306164e-04
8.789297658862876972e+01 1.257452188532379861e-03 3.089239239746639498e+00 1.676454201024631368e-04 9.905342527820577558e-01 4.210204032367662204e-04
8.819397993311036998e+01 1.260744841316483551e-03 3.099817448651532192e+00 1.104239580015939977e-04 9.939258110171287353e-01 2.950121663668642280e-04
8.849498327759198446e+01 1.261961625200066659e-03 3.110395657556424887e+00 7.062864028396949583e-05 9.973173692521997147e-01 1.936573250478755711e-04
8.879598662207358473e+01 1.261040588125328550e-03 3.120973866461317581e+00 4.383147423438535752e-05 1.000708927487270694e+00 1.190020799336385487e-04
8.909698996655518499e+01 1.258593088574578352e-03 3.131552075366210275e+00 2.637302139882717475e-05 1.004100485722341674e+00 6.841485037275941788e-05
8.939799331103679947e+01 1.255648962820581993e-03 3.142130284271102969e+00 1.537507933934938848e-05 1.007492043957412653e+00 3.678133372164286871e-05
8.969899665551839973e+01 1.253316174355197793e-03 3.152708493175995663e+00 8.679679175376191514e-06 1.010883602192483632e+00 1.848565134481311393e-05
9.000000000000000000e+01 1.252434546062311006e-03 3.163286702080888357e+00 4.742316505985138650e-06 1.014275160427554612e+00 8.682680690930883220e-06
