0.000000000000000000e+00 5.664105132523614690e-16 2.579966095982129115e-01 1.927050353701076833e-06 2.750721208372072235e-01 1.581389113709015125e-05
3.010033444816053727e-01 1.458287299626720062e-15 2.650584158884468078e-01 8.008327090643068959e-06 2.762117902173739092e-01 4.634575009064147264e-05
6.020066889632107454e-01 6.568267666461120439e-15 2.721202221786806486e-01 2.684773571679333699e-05 2.773514595975406505e-01 1.181820457316429745e-04
9.030100334448161181e-01 2.883954895671836309e-14 2.791820284689145448e-01 7.328302725255063550e-05 2.784911289777073362e-01 2.627133930827194540e-04
1.204013377926421491e+00 1.193922199619557385e-13 2.862438347591483856e-01 1.656308242169218434e-04 2.796307983578740775e-01 5.104755410278536288e-04
1.505016722408026864e+00 4.654229871248242743e-13 2.933056410493822819e-01 3.191917640733132194e-04 2.807704677380407632e-01 8.703397422295584438e-04
1.806020066889632236e+00 1.708371016717337640e-12 3.003674473396161781e-01 5.485111142757062011e-04 2.819101371182074489e-01 1.308932932989729158e-03
2.107023411371237387e+00 5.904434302878406953e-12 3.074292536298500189e-01 8.860736595835167363e-04 2.830498064983741902e-01 1.748706228133390696e-03
2.408026755852842982e+00 1.921481012059050156e-11 3.144910599200839152e-01 1.400266105646033642e-03 2.841894758785408759e-01 2.093884651952039079e-03
2.709030100334448576e+00 5.887834599342654708e-11 3.215528662103177560e-01 2.195736228640478727e-03 2.853291452587075616e-01 2.271035323159450395e-03
3.010033444816053727e+00 1.698778703448483248e-10 3.286146725005516522e-01 3.425099974141260738e-03 2.864688146388743029e-01 2.258352427347877067e-03
3.311036789297658878e+00 4.615085150101477420e-10 3.356764787907855485e-01 5.352165826878708607e-03 2.876084840190409886e-01 2.089586479139938710e-03
3.612040133779264472e+00 1.180549865937991114e-09 3.427382850810194448e-01 8.438883208745409301e-03 2.887481533992077298e-01 1.839247688672796541e-03
3.913043478260870067e+00 2.843483217031695108e-09 3.498000913712532856e-01 1.338720388633057520e-02 2.898878227793744156e-01 1.601369467265162383e-03
4.214046822742474774e+00 6.448797425508879764e-09 3.568618976614871818e-01 2.111659960302920622e-02 2.910274921595411013e-01 1.466352787959330356e-03
4.515050167224080369e+00 1.377109807017164331e-08 3.639237039517210226e-01 3.269740377168440376e-02 2.921671615397078425e-01 1.498802654055565817e-03
4.816053511705685963e+00 2.768982837095541893e-08 3.709855102419549189e-01 4.923902775186934921e-02 2.933068309198745283e-01 1.727360715143635766e-03
5.117056856187291558e+00 5.242446459635540185e-08 3.780473165321888152e-01 7.176122290854784758e-02 2.944465003000412695e-01 2.157817961370234530e-03
5.418060200668897153e+00 9.345665138276605497e-08 3.851091228224226559e-01 1.012338481465837603e-01 2.955861696802079552e-01 2.802581512732198014e-03
5.719063545150501859e+00 1.568735947206537674e-07 3.921709291126565522e-01 1.389990529446408496e-01 2.967258390603746410e-01 3.697165617567326357e-03
6.020066889632107454e+00 2.479448073145982563e-07 3.992327354028903930e-01 1.873001188464463174e-01 2.978655084405413822e-01 4.874923135812187641e-03
6.321070234113713049e+00 3.690034676726269167e-07 4.062945416931242892e-01 2.491853998683199456e-01 2.990051778207080679e-01 6.306079694520808944e-03
6.622073578595317755e+00 5.171144752577433213e-07 4.133563479833581855e-01 3.277158987963690318e-01 3.001448472008747537e-01 7.850559482499418901e-03
6.923076923076923350e+00 6.824131055896769363e-07 4.204181542735920818e-01 4.253709917322032186e-01 3.012845165810414949e-01 9.278147433387704673e-03
7.224080267558528945e+00 8.481354668378098044e-07 4.274799605638259226e-01 5.440451847459347734e-01 3.024241859612081806e-01 1.035807153812008490e-02
7.525083612040134540e+00 9.930209159736571909e-07 4.345417668540597633e-01 6.848655367167448826e-01 3.035638553413749219e-01 1.096054774988638666e-02
7.826086956521740134e+00 1.095950696224308565e-06 4.416035731442936596e-01 8.471046273648331626e-01 3.047035247215416076e-01 1.110659766928132411e-02
8.127090301003345729e+00 1.141701584347342206e-06 4.486653794345275559e-01 1.026420593768463618e+00 3.058431941017082933e-01 1.094868565350965578e-02
8.428093645484949548e+00 1.126031776979394090e-06 4.557271857247614522e-01 1.213733409915450423e+00 3.069828634818750346e-01 1.070758115784068397e-02
8.729096989966555142e+00 1.058375238405578502e-06 4.627889920149952929e-01 1.396604352519676295e+00 3.081225328620417203e-01 1.059825897877543846e-02
9.030100334448160737e+00 9.612251321893750822e-07 4.698507983052291892e-01 1.563252870979947140e+00 3.092622022422084616e-01 1.076964630807777934e-02
9.331103678929766332e+00 8.664415680947232628e-07 4.769126045954630300e-01 1.706251208422779664e+00 3.104018716223751473e-01 1.127900095619399808e-02
9.632107023411371927e+00 8.096544416677172007e-07 4.839744108856969262e-01 1.823075317557791175e+00 3.115415410025418330e-01 1.210869765750060244e-02
9.933110367892977521e+00 8.242793686416102028e-07 4.910362171759308225e-01 1.914250486548512598e+00 3.126812103827085743e-01 1.320544957591339268e-02
1.023411371237458312e+01 9.364692543850586510e-07 4.980980234661646633e-01 1.981501615117208237e+00 3.138208797628752600e-01 1.451026057527277612e-02
1.053511705685618871e+01 1.161928465370074273e-06 5.051598297563986151e-01 2.026942500122100199e+00 3.149605491430419457e-01 1.597385612035080379e-02
1.083612040133779431e+01 1.505209232303228726e-06 5.122216360466324003e-01 2.053416455315873801e+00 3.161002185232086870e-01 1.758040741063402954e-02
1.113712374581939812e+01 1.961849083190658928e-06 5.192834423368662966e-01 2.065614234899484369e+00 3.172398879033753727e-01 1.938062161603254854e-02
1.143812709030100372e+01 2.523186211709730915e-06 5.263452486271001929e-01 2.070132995441694046e+00 3.183795572835420584e-01 2.148876364923440682e-02
1.173913043478260931e+01 3.182716854346111192e-06 5.334070549173339781e-01 2.073074320487187983e+00 3.195192266637087997e-01 2.401204671478314456e-02
1.204013377926421491e+01 3.941737721828301478e-06 5.404688612075678744e-01 2.077173999858642262e+00 3.206588960438754854e-01 2.696599253289140227e-02
1.234113712374582050e+01 4.811522868058852652e-06 5.475306674978017707e-01 2.081668698125689332e+00 3.217985654240422266e-01 3.027403693531978066e-02
1.264214046822742610e+01 5.810153145367340875e-06 5.545924737880356670e-01 2.084869226030771738e+00 3.229382348042089124e-01 3.386574821358478288e-02
1.294314381270903169e+01 6.954373850733656394e-06 5.616542800782695632e-01 2.086575013482275143e+00 3.240779041843756536e-01 3.775576067017401283e-02
1.324414715719063551e+01 8.249550725527276791e-06 5.687160863685034595e-01 2.088209069115166461e+00 3.252175735645423393e-01 4.197395303609841727e-02
1.354515050167224111e+01 9.682438545529114583e-06 5.757778926587373558e-01 2.090962618832670206e+00 3.263572429447090251e-01 4.637006518543260875e-02
1.384615384615384670e+01 1.122096069467086168e-05 5.828396989489712521e-01 2.093919350902273546e+00 3.274969123248757663e-01 5.047768815964133460e-02
1.414715719063545230e+01 1.282253715778171702e-05 5.899015052392050373e-01 2.093937038727147204e+00 3.286365817050424520e-01 5.360812721985403623e-02
1.444816053511705789e+01 1.444887495103050434e-05 5.969633115294389336e-01 2.087474057495997570e+00 3.297762510852091378e-01 5.515486713675209901e-02
1.474916387959866348e+01 1.608223207889642053e-05 6.040251178196728299e-01 2.073023503291951286e+00 3.309159204653758790e-01 5.491116721016578439e-02
1.505016722408026908e+01 1.773726830698167689e-05 6.110869241099066151e-01 2.052227431439588745e+00 3.320555898455425647e-01 5.319532439277556424e-02
1.535117056856187467e+01 1.946401253808096435e-05 6.181487304001405114e-01 2.028857445753712518e+00 3.331952592257092505e-01 5.072241009683108731e-02
1.565217391304348027e+01 2.134052830165994891e-05 6.252105366903744077e-01 2.006899285555030499e+00 3.343349286058759917e-01 4.833038717203356344e-02
1.595317725752508409e+01 2.345731260377306997e-05 6.322723429806083040e-01 1.989207943762363096e+00 3.354745979860426774e-01 4.674547087133103240e-02
1.625418060200669146e+01 2.589812593374806753e-05 6.393341492708422003e-01 1.976604140867948889e+00 3.366142673662094187e-01 4.650001046904467250e-02
1.655518394648829528e+01 2.872314114777887537e-05 6.463959555610760965e-01 1.966975603090450164e+00 3.377539367463761044e-01 4.794914349454280217e-02
1.685618729096989910e+01 3.195999579625941251e-05 6.534577618513099928e-01 1.955447224047441646e+00 3.388936061265428457e-01 5.123970557720945729e-02
1.715719063545150647e+01 3.560697004913837793e-05 6.605195681415438891e-01 1.936872956434859017e+00 3.400332755067095314e-01 5.618942295014646426e-02
1.745819397993311028e+01 3.965062161220793001e-05 6.675813744317776743e-01 1.909388276403978457e+00 3.411729448868762171e-01 6.222770138324282274e-02
1.775919732441471766e+01 4.409821643700319088e-05 6.746431807220115706e-01 1.875922157715815386e+00 3.423126142670429584e-01 6.858045566165726914e-02
1.806020066889632147e+01 4.902353462316572612e-05 6.817049870122454669e-01 1.842399587385505910e+00 3.434522836472096441e-01 7.466597585152560945e-02
1.836120401337792885e+01 5.462325720356973722e-05 6.887667933024792521e-01 1.814356469455159049e+00 3.445919530273763298e-01 8.042443538736337993e-02
1.866220735785953266e+01 6.127968970285219705e-05 6.958285995927131484e-01 1.794371312918384476e+00 3.457316224075430711e-01 8.631090060676441245e-02
1.896321070234114003e+01 6.962268190031975750e-05 7.028904058829470447e-01 1.781780408031075735e+00 3.468712917877097568e-01 9.294986719670035591e-02
1.926421404682274385e+01 8.057783345220569961e-05 7.099522121731809410e-01 1.774747069922011811e+00 3.480109611678764425e-01 1.007112373619499235e-01
1.956521739130434767e+01 9.538020388493586937e-05 7.170140184634148373e-01 1.772563404914982099e+00 3.491506305480431838e-01 1.094987771709873825e-01
1.986622073578595504e+01 1.155277694976841800e-04 7.240758247536487335e-01 1.775495436896913137e+00 3.502902999282098695e-01 1.188666203178381925e-01
2.016722408026755886e+01 1.426550446032555191e-04 7.311376310438826298e-01 1.782671026126606773e+00 3.514299693083766107e-01 1.283542811155667374e-01
2.046822742474916623e+01 1.783309246933490540e-04 7.381994373341164151e-01 1.791052099929447916e+00 3.525696386885432965e-01 1.377876516874260437e-01
2.076923076923077005e+01 2.238233236293200672e-04 7.452612436243503113e-01 1.796798846690916607e+00 3.537093080687100377e-01 1.473276454528438806e-01
2.107023411371237742e+01 2.799116790459731346e-04 7.523230499145842076e-01 1.797797089487285671e+00 3.548489774488767234e-01 1.572703850464532149e-01
2.137123745819398124e+01 3.468442162594640192e-04 7.593848562048181039e-01 1.795176912047538043e+00 3.559886468290434092e-01 1.678299332355187301e-01
2.167224080267558861e+01 4.245113418414150669e-04 7.664466624950518892e-01 1.791786725603645047e+00 3.571283162092101504e-01 1.791159347244710431e-01
2.197324414715719243e+01 5.128380220318027585e-04 7.735084687852857854e-01 1.788495084255282030e+00 3.582679855893768361e-01 1.912711705792681516e-01
2.227424749163879625e+01 6.123076550656144680e-04 7.805702750755196817e-01 1.782838835760139240e+00 3.594076549695435219e-01 2.045652524219161716e-01
2.257525083612040362e+01 7.244553525201585060e-04 7.876320813657535780e-01 1.772261253339700859e+00 3.605473243497102631e-01 2.193290101742459419e-01
2.287625418060200744e+01 8.521467935964862923e-04 7.946938876559874743e-01 1.757858143689383201e+00 3.616869937298769488e-01 2.357825164111383431e-01
2.317725752508361481e+01 9.995075421898682623e-04 8.017556939462213705e-01 1.743796926616511644e+00 3.628266631100436346e-01 2.538490965581581271e-01
2.347826086956521863e+01 1.171474700574195484e-03 8.088175002364551558e-01 1.733393494597868401e+00 3.639663324902103758e-01 2.730176737252448249e-01
2.377926421404682600e+01 1.373070412302442945e-03 8.158793065266890521e-01 1.726602238374446374e+00 3.651060018703770615e-01 2.923515090410820916e-01
2.408026755852842982e+01 1.608598960407375952e-03 8.229411128169229483e-01 1.721137561743036004e+00 3.662456712505437473e-01 3.107889557076759512e-01
2.438127090301003363e+01 1.881011093362038727e-03 8.300029191071568446e-01 1.714861175976665653e+00 3.673853406307104885e-01 3.277820971816457485e-01
2.468227424749164101e+01 2.191648605898860198e-03 8.370647253973907409e-01 1.706094927409806949e+00 3.685250100108772298e-01 3.440147959446823167e-01
2.498327759197324482e+01 2.540489385595345959e-03 8.441265316876245262e-01 1.691986359843568044e+00 3.696646793910439155e-01 3.616114285544677065e-01
2.528428093645485220e+01 2.926882491013714505e-03 8.511883379778584224e-01 1.668269163065603911e+00 3.708043487712106012e-01 3.833252944561776898e-01
2.558528428093645601e+01 3.350624212748729187e-03 8.582501442680923187e-01 1.632258411362204731e+00 3.719440181513773425e-01 4.109511151386406325e-01
2.588628762541806339e+01 3.813110324924863688e-03 8.653119505583262150e-01 1.586289441860965210e+00 3.730836875315440282e-01 4.440941720078402377e-01
2.618729096989966720e+01 4.318236649883205880e-03 8.723737568485601113e-01 1.536862943626161826e+00 3.742233569117107139e-01 4.803823910620905191e-01
2.648829431438127102e+01 4.872734179859588254e-03 8.794355631387940075e-01 1.489121098078623584e+00 3.753630262918774552e-01 5.170134165816289151e-01
2.678929765886287839e+01 5.485727365713766700e-03 8.864973694290277928e-01 1.442694620997260202e+00 3.765026956720441409e-01 5.523767216278239189e-01
2.709030100334448221e+01 6.167483541936728646e-03 8.935591757192616891e-01 1.394005132657815116e+00 3.776423650522108266e-01 5.866022067575106247e-01
2.739130434782608958e+01 6.927541288657029436e-03 9.006209820094955854e-01 1.341519321235720374e+00 3.787820344323775679e-01 6.210227286270330049e-01
2.769230769230769340e+01 7.772610356461720493e-03 9.076827882997294816e-01 1.286809571712802303e+00 3.799217038125442536e-01 6.574034534790943463e-01
2.799331103678930077e+01 8.704764459859277645e-03 9.147445945899633779e-01 1.231277446396031205e+00 3.810613731927109393e-01 6.975952510393240713e-01
2.829431438127090459e+01 9.720449153673604153e-03 9.218064008801971632e-01 1.174502368589360746e+00 3.822010425728776806e-01 7.434478700446952582e-01
2.859531772575251196e+01 1.081067266418321744e-02 9.288682071704310594e-01 1.116240608856984062e+00 3.833407119530443663e-01 7.963926312094798954e-01
2.889632107023411578e+01 1.196244970699067260e-02 9.359300134606649557e-01 1.058111818868354259e+00 3.844803813332111075e-01 8.565800537835243089e-01
2.919732441471571960e+01 1.316119123273219206e-02 9.429918197508988520e-01 1.002487722830847527e+00 3.856200507133777933e-01 9.222771094226283051e-01
2.949832775919732697e+01 1.439339319664154244e-02 9.500536260411327483e-01 9.507981580476045913e-01 3.867597200935445345e-01 9.903324981858174780e-01
2.979933110367893079e+01 1.564881439730386042e-02 9.571154323313665335e-01 9.036009500479995626e-01 3.878993894737112202e-01 1.057611231895817072e+00
3.010033444816053816e+01 1.692144968323291629e-02 9.641772386216004298e-01 8.614679135970023660e-01 3.890390588538779060e-01 1.122351414372533052e+00
3.040133779264214198e+01 1.820899962856887752e-02 9.712390449118343261e-01 8.245281444736896059e-01 3.901787282340446472e-01 1.184523026249113320e+00
3.070234113712374935e+01 1.951107808778456201e-02 9.783008512020682224e-01 7.907919500832452098e-01 3.913183976142113329e-01 1.245309924159182069e+00
3.100334448160535317e+01 2.082686065125684619e-02 9.853626574923021186e-01 7.557080620868302789e-01 3.924580669943780187e-01 1.306560683906944575e+00
3.130434782608696054e+01 2.215304914310133391e-02 9.924244637825359039e-01 7.143242296743382846e-01 3.935977363745447599e-01 1.370705559780980076e+00
3.160535117056856436e+01 2.348282840828161064e-02 9.994862700727698002e-01 6.643216064224796158e-01 3.947374057547114456e-01 1.440739190143906612e+00
3.190635451505016817e+01 2.480602545889435892e-02 1.006548076363003696e+00 6.072899123311901182e-01 3.958770751348781314e-01 1.519506502466485109e+00
3.220735785953177555e+01 2.611018792310120656e-02 1.013609882653237593e+00 5.475514994387621348e-01 3.970167445150448726e-01 1.608232808050738649e+00
3.250836120401338292e+01 2.738202060217672859e-02 1.020671688943471489e+00 4.898373106432789559e-01 3.981564138952115584e-01 1.705421408546348161e+00
3.280936454849498318e+01 2.860865817989344598e-02 1.027733495233705385e+00 4.374713938215241127e-01 3.992960832753782996e-01 1.807505439817824744e+00
3.311036789297659055e+01 2.977851848441138288e-02 1.034795301523939060e+00 3.917737479365021036e-01 4.004357526555449853e-01 1.911192175314695207e+00
3.341137123745819792e+01 3.088176603105345641e-02 1.041857107814172956e+00 3.524563785440538721e-01 4.015754220357117266e-01 2.015512113817814477e+00
3.371237458193979819e+01 3.191054490828804102e-02 1.048918914104406852e+00 3.186022802278685728e-01 4.027150914158784123e-01 2.121540945360953057e+00
3.401337792642140556e+01 3.285908796741900117e-02 1.055980720394640748e+00 2.896724457017966214e-01 4.038547607960450980e-01 2.230106168565864078e+00
3.431438127090301293e+01 3.372369491736001978e-02 1.063042526684874645e+00 2.657019222111849377e-01 4.049944301762118393e-01 2.340037494019373998e+00
3.461538461538462030e+01 3.450254101755965280e-02 1.070104332975108541e+00 2.464125229445832399e-01 4.061340995563785250e-01 2.449021652767119139e+00
3.491638795986622057e+01 3.519537016933442508e-02 1.077166139265342437e+00 2.302057816093598941e-01 4.072737689365452107e-01 2.556382519014003041e+00
3.521739130434782794e+01 3.580323837556242950e-02 1.084227945555576333e+00 2.143004592404145203e-01 4.084134383167119520e-01 2.665155702774524293e+00
3.551839464882943531e+01 3.632845333446162867e-02 1.091289751845810230e+00 1.961492297215975678e-01 4.095531076968786377e-01 2.781518628672944526e+00
3.581939799331104268e+01 3.677464993739380100e-02 1.098351558136044126e+00 1.750236578967066248e-01 4.106927770770453234e-01 2.911798146676837895e+00
3.612040133779264295e+01 3.714667399296008726e-02 1.105413364426278022e+00 1.524204665787088908e-01 4.118324464572120647e-01 3.058791449072210789e+00
3.642140468227425032e+01 3.744985128132383156e-02 1.112475170716511919e+00 1.308604615027102180e-01 4.129721158373788059e-01 3.219495668353022033e+00
3.672240802675585769e+01 3.768846070220057548e-02 1.119536977006745815e+00 1.121835358724193876e-01 4.141117852175454361e-01 3.386014421907899585e+00
3.702341137123745796e+01 3.786374800906822102e-02 1.126598783296979711e+00 9.690473415521307088e-02 4.152514545977121774e-01 3.550013299803871369e+00
3.732441471571906533e+01 3.797231920790315046e-02 1.133660589587213607e+00 8.476961822731506058e-02 4.163911239778789186e-01 3.708390020462231540e+00
3.762541806020067270e+01 3.800588903617199005e-02 1.140722395877447504e+00 7.543361776276312491e-02 4.175307933580456043e-01 3.865862159747431637e+00
3.792642140468228007e+01 3.795295621503939898e-02 1.147784202167681178e+00 6.867788911542788144e-02 4.186704627382122901e-01 4.031777497339042782e+00
3.822742474916388034e+01 3.780217441794186256e-02 1.154846008457915074e+00 6.430131068830260976e-02 4.198101321183790313e-01 4.213120991703738660e+00
3.852842809364548771e+01 3.754637878024692094e-02 1.161907814748148970e+00 6.186627612262219494e-02 4.209498014985457170e-01 4.409152022063914877e+00
3.882943143812709508e+01 3.718583163591471924e-02 1.168969621038382867e+00 6.056264435501110960e-02 4.220894708787124028e-01 4.611852701027580714e+00
3.913043478260869534e+01 3.672947612690089653e-02 1.176031427328616763e+00 5.951687496602697108e-02 4.232291402588791440e-01 4.811554923163027020e+00
3.943143812709030271e+01 3.619372687765538138e-02 1.183093233618850437e+00 5.833260816588298203e-02 4.243688096390458298e-01 5.003170115342113533e+00
3.973244147157191009e+01 3.559924331853591556e-02 1.190155039909084334e+00 5.716963663377949700e-02 4.255084790192125155e-01 5.188512733592281378e+00
4.003344481605351746e+01 3.496683710258313704e-02 1.197216846199318230e+00 5.621518737733242205e-02 4.266481483993792567e-01 5.373570647068108386e+00
4.033444816053511772e+01 3.431390063476185553e-02 1.204278652489552126e+00 5.528878015384449535e-02 4.277878177795459980e-01 5.563136216284386926e+00
4.063545150501672509e+01 3.365245545327890525e-02 1.211340458779786022e+00 5.404930005328514170e-02 4.289274871597126282e-01 5.756586224755300130e+00
4.093645484949833246e+01 3.298924560657881533e-02 1.218402265070019919e+00 5.227155519565585690e-02 4.300671565398793694e-01 5.947536348096808645e+00
4.123745819397993273e+01 3.232750789733205427e-02 1.225464071360253815e+00 4.972857400449065546e-02 4.312068259200461107e-01 6.127659897447967019e+00
4.153846153846154010e+01 3.166944429197415117e-02 1.232525877650487711e+00 4.610957850222913851e-02 4.323464953002127964e-01 6.292396195164094763e+00
4.183946488294314747e+01 3.101824574236927007e-02 1.239587683940721607e+00 4.134586828444683504e-02 4.334861646803794821e-01 6.444840513828437700e+00
4.214046822742475484e+01 3.037884656425569527e-02 1.246649490230955504e+00 3.590933371505551641e-02 4.346258340605462234e-01 6.594920587585862748e+00
4.244147157190635511e+01 2.975727315154425706e-02 1.253711296521189400e+00 3.062723733051652547e-02 4.357655034407129091e-01 6.753979632893531537e+00
4.274247491638796248e+01 2.915915898845625881e-02 1.260773102811423296e+00 2.620833878806502412e-02 4.369051728208795948e-01 6.928237112361042449e+00
4.304347826086956985e+01 2.858837432085233748e-02 1.267834909101657193e+00 2.291319245427555704e-02 4.380448422010463361e-01 7.115699203159021380e+00
4.334448160535117722e+01 2.804657385326927294e-02 1.274896715391890867e+00 2.055930750870122933e-02 4.391845115812130218e-01 7.308810250055929103e+00
4.364548494983277749e+01 2.753388688868510167e-02 1.281958521682124763e+00 1.877487014495250392e-02 4.403241809613797075e-01 7.501016916834914561e+00
4.394648829431438486e+01 2.705028562613274318e-02 1.289020327972358659e+00 1.725771345319496511e-02 4.414638503415464488e-01 7.692593702424148638e+00
4.424749163879599223e+01 2.659675419420114498e-02 1.296082134262592556e+00 1.586960981836141316e-02 4.426035197217131900e-01 7.891656469082881209e+00
4.454849498327759250e+01 2.617547511492945844e-02 1.303143940552826452e+00 1.460044779991055350e-02 4.437431891018798202e-01 8.109658018436734395e+00
4.484949832775919987e+01 2.578879687062719805e-02 1.310205746843060348e+00 1.348202404836033007e-02 4.448828584820465615e-01 8.354307769873695833e+00
4.515050167224080724e+01 2.543743494910621905e-02 1.317267553133294244e+00 1.249677920908256676e-02 4.460225278622133027e-01 8.624476106087710647e+00
4.545150501672241461e+01 2.511880184279810524e-02 1.324329359423528141e+00 1.156879498630931924e-02 4.471621972423799884e-01 8.910381357833825788e+00
4.575250836120401488e+01 2.482632328718942238e-02 1.331391165713762037e+00 1.065242566870818093e-02 4.483018666225466742e-01 9.198919727786044831e+00
4.605351170568562225e+01 2.455012775244894835e-02 1.338452972003995933e+00 9.774936637777722689e-03 4.494415360027134154e-01 9.480388247197751639e+00
4.635451505016722962e+01 2.427887973700094265e-02 1.345514778294229830e+00 8.966661694114870518e-03 4.505812053828801012e-01 9.751620165669871554e+00
4.665551839464882988e+01 2.400209338650577048e-02 1.352576584584463504e+00 8.210749577585888664e-03 4.517208747630467869e-01 1.001307238076491934e+01
4.695652173913043725e+01 2.371218218424556157e-02 1.359638390874697400e+00 7.491847546081040025e-03 4.528605441432135281e-01 1.026223662127352299e+01
4.725752508361204463e+01 2.340571706464582291e-02 1.366700197164931296e+00 6.835396578306218544e-03 4.540002135233802139e-01 1.048911929809838206e+01
4.755852842809365200e+01 2.308368954187544481e-02 1.373762003455165193e+00 6.251655901187254220e-03 4.551398829035468996e-01 1.067824744771700018e+01
4.785953177257525226e+01 2.275084324713135681e-02 1.380823809745399089e+00 5.669183574204381473e-03 4.562795522837136408e-01 1.081626141530080254e+01
4.816053511705685963e+01 2.241429847377688148e-02 1.387885616035632985e+00 4.975466241835318701e-03 4.574192216638803266e-01 1.089930119441437917e+01
4.846153846153846700e+01 2.208179017931142379e-02 1.394947422325866881e+00 4.136387406409198879e-03 4.585588910440470123e-01 1.093481616424625358e+01
4.876254180602006727e+01 2.175990726036896444e-02 1.402009228616100778e+00 3.249035237072321787e-03 4.596985604242137535e-01 1.093769680334580663e+01
4.906354515050167464e+01 2.145273840117951913e-02 1.409071034906334674e+00 2.462991109123328307e-03 4.608382298043804948e-01 1.092509108779254845e+01
4.936454849498328201e+01 2.116124500285462146e-02 1.416132841196568570e+00 1.874031380340225421e-03 4.619778991845471805e-01 1.091348126203328839e+01
4.966555183946488938e+01 2.088347992660202421e-02 1.423194647486802467e+00 1.497099220846297629e-03 4.631175685647138662e-01 1.091751209410147538e+01
4.996655518394648965e+01 2.061551171632627910e-02 1.430256453777036141e+00 1.287713308719890372e-03 4.642572379448806075e-01 1.094811169544356844e+01
5.026755852842809702e+01 2.035270371271092477e-02 1.437318260067270037e+00 1.155023399517518925e-03 4.653969073250472932e-01 1.100953268043067901e+01
5.056856187290970439e+01 2.009092483910761978e-02 1.444380066357503933e+00 9.950281948271860830e-04 4.665365767052139789e-01 1.109763582531265413e+01
5.086956521739130466e+01 1.982735742849532981e-02 1.451441872647737830e+00 7.594134101284663596e-04 4.676762460853807202e-01 1.120135662666081799e+01
5.117056856187291203e+01 1.956077001025193982e-02 1.458503678937971726e+00 4.876290814022396611e-04 4.688159154655474059e-01 1.130649712657693584e+01
5.147157190635451940e+01 1.929134872446748583e-02 1.465565485228205622e+00 2.564330428294221134e-04 4.699555848457140916e-01 1.139922904153772798e+01
5.177257525083612677e+01 1.902033431922534046e-02 1.472627291518439518e+00 1.090166973436868246e-04 4.710952542258808329e-01 1.146764447890785377e+01
5.207357859531772704e+01 1.874972870752274548e-02 1.479689097808673415e+00 3.730729173847497173e-05 4.722349236060475186e-01 1.150184473380909189e+01
5.237458193979933441e+01 1.848221240609254287e-02 1.486750904098907311e+00 1.067269278077897043e-05 4.733745929862142043e-01 1.149420165996858323e+01
5.267558528428094178e+01 1.822121763443757328e-02 1.493812710389141207e+00 4.359570196865032011e-06 4.745142623663809456e-01 1.144081450826855395e+01
5.297658862876254204e+01 1.797094124289810857e-02 1.500874516679375104e+00 7.591618168616954366e-06 4.756539317465476868e-01 1.134356194336167079e+01
5.327759197324414941e+01 1.773605373817479375e-02 1.507936322969608778e+00 1.926783173424407648e-05 4.767936011267143726e-01 1.121094126507038702e+01
5.357859531772575679e+01 1.752099022376909371e-02 1.514998129259842674e+00 4.058339216195701587e-05 4.779332705068810583e-01 1.105629013805997474e+01
5.387959866220736416e+01 1.732892962172115359e-02 1.522059935550076570e+00 6.788954449711616401e-05 4.790729398870477995e-01 1.089386373239006112e+01
5.418060200668896442e+01 1.716076140034031999e-02 1.529121741840310467e+00 9.016040516820758241e-05 4.802126092672144853e-01 1.073494592571471706e+01
5.448160535117057179e+01 1.701440492488211567e-02 1.536183548130544363e+00 9.590453999531374529e-05 4.813522786473811710e-01 1.058610118944111100e+01
5.478260869565217916e+01 1.688475905168120364e-02 1.543245354420778259e+00 8.500183361165333340e-05 4.824919480275479122e-01 1.044991788989208104e+01
5.508361204013378654e+01 1.676436635298315589e-02 1.550307160711012155e+00 7.245237757024899547e-05 4.836316174077145980e-01 1.032675713755356917e+01
5.538461538461538680e+01 1.664465793140463418e-02 1.557368967001246052e+00 7.818560457520733165e-05 4.847712867878812837e-01 1.021564977269033214e+01
5.568561872909699417e+01 1.651747061901421773e-02 1.564430773291479948e+00 1.108641226777205358e-04 4.859109561680480249e-01 1.011377004508943322e+01
5.598662207357860154e+01 1.637644023324108869e-02 1.571492579581713844e+00 1.584609410491317919e-04 4.870506255482147107e-01 1.001552299014649527e+01
5.628762541806020181e+01 1.621789344523601184e-02 1.578554385871947519e+00 1.955323228970821167e-04 4.881902949283813964e-01 9.912646977220664013e+00
5.658862876254180918e+01 1.604099183675834761e-02 1.585616192162181415e+00 2.059950071947040564e-04 4.893299643085481376e-01 9.795860560354245905e+00
5.688963210702341655e+01 1.584710326321089879e-02 1.592677998452415311e+00 2.005210996272030531e-04 4.904696336887148789e-01 9.657738042330821671e+00
5.719063545150502392e+01 1.563862649669494481e-02 1.599739804742649207e+00 2.056461215236792244e-04 4.916093030688815091e-01 9.495909645535773436e+00
5.749163879598662419e+01 1.541768500449860850e-02 1.606801611032883104e+00 2.334486504932814510e-04 4.927489724490482503e-01 9.314598303837195559e+00
5.779264214046823156e+01 1.518515499347667871e-02 1.613863417323117000e+00 2.673478479185844941e-04 4.938886418292149916e-01 9.122107083117663606e+00
5.809364548494983893e+01 1.494037687288755911e-02 1.620925223613350896e+00 2.811374069471654072e-04 4.950283112093816773e-01 8.924723274483804758e+00
5.839464882943143920e+01 1.468166325569814079e-02 1.627987029903584792e+00 2.682143627707180510e-04 4.961679805895483630e-01 8.722136366827564657e+00
5.869565217391304657e+01 1.440744964463928218e-02 1.635048836193818689e+00 2.472260653977198129e-04 4.973076499697151043e-01 8.509611239539148997e+00
5.899665551839465394e+01 1.411772406229079395e-02 1.642110642484052585e+00 2.399379353945917700e-04 4.984473193498817900e-01 8.285397846872752936e+00
5.929765886287626131e+01 1.381527481184180971e-02 1.649172448774286481e+00 2.511319518743087903e-04 4.995869887300484757e-01 8.055448941499117055e+00
5.959866220735786158e+01 1.350633035536304150e-02 1.656234255064520156e+00 2.769920224267655162e-04 5.007266581102152170e-01 7.829916962053147245e+00
5.989966555183946895e+01 1.320032255855088134e-02 1.663296061354754052e+00 3.261378165449036306e-04 5.018663274903818472e-01 7.614709487125114862e+00
6.020066889632107632e+01 1.290874801741920611e-02 1.670357867644987948e+00 4.123327526506501465e-04 5.030059968705485884e-01 7.406098739180917434e+00
6.050167224080267658e+01 1.264336514506643819e-02 1.677419673935221844e+00 5.185424151799409740e-04 5.041456662507153297e-01 7.192400413778082147e+00
6.080267558528428395e+01 1.241416073210364727e-02 1.684481480225455741e+00 5.879631135900480069e-04 5.052853356308820709e-01 6.960171436170141668e+00
6.110367892976589133e+01 1.222757766263767552e-02 1.691543286515689637e+00 5.729148524272896677e-04 5.064250050110487011e-01 6.700359342649788275e+00
6.140468227424749870e+01 1.208539943746426634e-02 1.698605092805923533e+00 4.873615381453879096e-04 5.075646743912154424e-01 6.412052948325604795e+00
6.170568561872909896e+01 1.198448736893391146e-02 1.705666899096157429e+00 3.945620073319169689e-04 5.087043437713821836e-01 6.103454251435413092e+00
6.200668896321070633e+01 1.191734784496641802e-02 1.712728705386391326e+00 3.492928924016950915e-04 5.098440131515489249e-01 5.789851872848802650e+00
6.230769230769231370e+01 1.187333977629406560e-02 1.719790511676625222e+00 3.679752439782722501e-04 5.109836825317155551e-01 5.488657699637432330e+00
6.260869565217392108e+01 1.184024129378145884e-02 1.726852317966858896e+00 4.407480926788937231e-04 5.121233519118822963e-01 5.213166939477638095e+00
6.290969899665552134e+01 1.180586923216138916e-02 1.733914124257092793e+00 5.390164025331255562e-04 5.132630212920490376e-01 4.968161887474114025e+00
6.321070234113712871e+01 1.175946903343330283e-02 1.740975930547326689e+00 6.106620381460665893e-04 5.144026906722156678e-01 4.749794322351557518e+00
6.351170568561873608e+01 1.169266477228118710e-02 1.748037736837560585e+00 6.043004505394242339e-04 5.155423600523824090e-01 4.549417813501404950e+00
6.381270903010033635e+01 1.159988232216101894e-02 1.755099543127794481e+00 5.179189041917566481e-04 5.166820294325491503e-01 4.358453167592551303e+00
6.411371237458195083e+01 1.147831483373761008e-02 1.762161349418028378e+00 4.089930896796140688e-04 5.178216988127157805e-01 4.171176051810884466e+00
6.441471571906355109e+01 1.132763346456753910e-02 1.769223155708262274e+00 3.471754843503645801e-04 5.189613681928825217e-01 3.984599836137310724e+00
6.471571906354515136e+01 1.114968435117742220e-02 1.776284961998496170e+00 3.626165722436212077e-04 5.201010375730492630e-01 3.797269913595934021e+00
6.501672240802676583e+01 1.094831295798481471e-02 1.783346768288730066e+00 4.315723388337337155e-04 5.212407069532158932e-01 3.609245393845367467e+00
6.531772575250836610e+01 1.072925585847363424e-02 1.790408574578963963e+00 4.954496836188076320e-04 5.223803763333826344e-01 3.423263670377787005e+00
6.561872909698996637e+01 1.049985661969470886e-02 1.797470380869197859e+00 5.000261694722260607e-04 5.235200457135493757e-01 3.244643962712121077e+00
6.591973244147158084e+01 1.026833631723611875e-02 1.804532187159431533e+00 4.336844898230121106e-04 5.246597150937160059e-01 3.078260881221206002e+00
6.622073578595318111e+01 1.004254237139636137e-02 1.811593993449665430e+00 3.297441824805498012e-04 5.257993844738827471e-01 2.924591031899413274e+00
6.652173913043478137e+01 9.828431092475777356e-03 1.818655799739899326e+00 2.298289251312487440e-04 5.269390538540494884e-01 2.778858056454060144e+00
6.682274247491639585e+01 9.628814170266968356e-03 1.825717606030133222e+00 1.522326585344854625e-04 5.280787232342161186e-01 2.634595286264182601e+00
6.712374581939799612e+01 9.442925867862144579e-03 1.832779412320367118e+00 9.479354447644842312e-05 5.292183926143828598e-01 2.488461872030880873e+00
6.742474916387959638e+01 9.267089783882782525e-03 1.839841218610601015e+00 5.272692090483795823e-05 5.303580619945496011e-01 2.342196784569465340e+00
6.772575250836121086e+01 9.096308748072816364e-03 1.846903024900834911e+00 2.485444545384067345e-05 5.314977313747162313e-01 2.200825527795821301e+00
6.802675585284281112e+01 8.926204565092441673e-03 1.853964831191068807e+00 9.593688807128645558e-06 5.326374007548830836e-01 2.069350559669938860e+00
6.832775919732442560e+01 8.754596665244879922e-03 1.861026637481302703e+00 2.978259912608683580e-06 5.337770701350497138e-01 1.950175337921572050e+00
6.862876254180602587e+01 8.582182857820112518e-03 1.868088443771536600e+00 7.372700129420554070e-07 5.349167395152163440e-01 1.841986670717134400e+00
6.892976588628762613e+01 8.412163489257495907e-03 1.875150250061770496e+00 1.449731936165288084e-07 5.360564088953831963e-01 1.740226898830885771e+00
6.923076923076924061e+01 8.249044785886854372e-03 1.882212056352004170e+00 2.260405122531747554e-08 5.371960782755498265e-01 1.639307414346037994e+00
6.953177257525084087e+01 8.097107515292434679e-03 1.889273862642238067e+00 2.792423900282592776e-09 5.383357476557164567e-01 1.535838567840463798e+00
6.983277591973244114e+01 7.959066072761292535e-03 1.896335668932471963e+00 2.732243743030818902e-10 5.394754170358833090e-01 1.430873401440915682e+00
7.013377926421405562e+01 7.835299375241799869e-03 1.903397475222705859e+00 2.117050373537650786e-11 5.406150864160499392e-01 1.329375767979710243e+00
7.043478260869565588e+01 7.723794298863211928e-03 1.910459281512939755e+00 1.298928068702619571e-12 5.417547557962166804e-01 1.237141271021288791e+00
7.073578595317725615e+01 7.620702362090709878e-03 1.917521087803173652e+00 6.310604634997483440e-14 5.428944251763834217e-01 1.157346013739459778e+00
7.103678929765887062e+01 7.521248341477397917e-03 1.924582894093407548e+00 2.454434717238754775e-15 5.440340945565500519e-01 1.088988451455168427e+00
7.133779264214047089e+01 7.420685082803874649e-03 1.931644700383641444e+00 1.015461771988282905e-15 5.451737639367167931e-01 1.027868538042898239e+00
7.163879598662208537e+01 7.315055925176864801e-03 1.938706506673875340e+00 2.611772367899465638e-14 5.463134333168835344e-01 9.689859997542417114e-01
7.193979933110368563e+01 7.201657605518004858e-03 1.945768312964109237e+00 5.735846152286758816e-13 5.474531026970501646e-01 9.086711275237792096e-01
7.224080267558528590e+01 7.079224593433785032e-03 1.952830119254343133e+00 9.974815617750389586e-12 5.485927720772169058e-01 8.454769619582253037e-01
7.254180602006690037e+01 6.947925141107692999e-03 1.959891925544576807e+00 1.373497562203345075e-10 5.497324414573836471e-01 7.799396974418009165e-01
7.284280936454850064e+01 6.809254026854985944e-03 1.966953731834810704e+00 1.497498918479283861e-09 5.508721108375502773e-01 7.138271548182458792e-01
7.314381270903010090e+01 6.665854570598974890e-03 1.974015538125044600e+00 1.292768466007189135e-08 5.520117802177170185e-01 6.493248629991617005e-01
7.344481605351171538e+01 6.521251929497903603e-03 1.981077344415278496e+00 8.836709755160296379e-08 5.531514495978837598e-01 5.883093155737624258e-01
7.374581939799331565e+01 6.379468849798239707e-03 1.988139150705512392e+00 4.782731929200787316e-07 5.542911189780503900e-01 5.318341447151783141e-01
7.404682274247491591e+01 6.244529778119448614e-03 1.995200956995746289e+00 2.049637679734608196e-06 5.554307883582171312e-01 4.800351207968588385e-01
7.434782608695653039e+01 6.119914816133662991e-03 2.002262763285980185e+00 6.954945984303731663e-06 5.565704577383838725e-01 4.325127157973612801e-01
7.464882943143813065e+01 6.008065329946923015e-03 2.009324569576214081e+00 1.868641692744513744e-05 5.577101271185505027e-01 3.889196174735799483e-01
7.494983277591973092e+01 5.910042935267110185e-03 2.016386375866447978e+00 3.975336678476695042e-05 5.588497964987172439e-01 3.493045238522957674e-01
7.525083612040134540e+01 5.825401984177447021e-03 2.023448182156681874e+00 6.696338591656118822e-05 5.599894658788839852e-01 3.139489554128666038e-01
7.555183946488294566e+01 5.752274748700931910e-03 2.030509988446915770e+00 8.931337532896773822e-05 5.611291352590506154e-01 2.828526482316485180e-01
7.585284280936456014e+01 5.687620802233442005e-03 2.037571794737149666e+00 9.432161061755419405e-05 5.622688046392173566e-01 2.553335396286794401e-01
7.615384615384616041e+01 5.627581587202122419e-03 2.044633601027383563e+00 7.887175812138305132e-05 5.634084740193840979e-01 2.301280970060357034e-01
7.645484949832776067e+01 5.567906846540023914e-03 2.051695407317617459e+00 5.222127168763937306e-05 5.645481433995507281e-01 2.059542680518967328e-01
7.675585284280937515e+01 5.504452585961211800e-03 2.058757213607851355e+00 2.737719651684917242e-05 5.656878127797175804e-01 1.821190752181475747e-01
7.705685618729097541e+01 5.433750452773462164e-03 2.065819019898085251e+00 1.136438953110164757e-05 5.668274821598842106e-01 1.587638952676528603e-01
7.735785953177257568e+01 5.353595213678007635e-03 2.072880826188319148e+00 3.735242973748065372e-06 5.679671515400508408e-01 1.366710615124744899e-01
7.765886287625419016e+01 5.263513435243736931e-03 2.079942632478553044e+00 9.720916477929444509e-07 5.691068209202176931e-01 1.168331354634777192e-01
7.795986622073579042e+01 5.164924542793775629e-03 2.087004438768786940e+00 2.003139403575911287e-07 5.702464903003843233e-01 1.000107858489270446e-01
7.826086956521739069e+01 5.060847198814488572e-03 2.094066245059020837e+00 3.268366454821788386e-08 5.713861596805510645e-01 8.641704948339390402e-02
7.856187290969900516e+01 4.955151333016639091e-03 2.101128051349254733e+00 4.222463683252488821e-09 5.725258290607178058e-01 7.563148945349155994e-02
7.886287625418060543e+01 4.851548501176235727e-03 2.108189857639488185e+00 4.319333221059781925e-10 5.736654984408844360e-01 6.680990985572861363e-02
7.916387959866221991e+01 4.752646285912404990e-03 2.115251663929722081e+00 3.498509876991244395e-11 5.748051678210511772e-01 5.910465771565708015e-02
7.946488294314382017e+01 4.659384258959545569e-03 2.122313470219955978e+00 2.243701649418323973e-12 5.759448372012179185e-01 5.203926860467973647e-02
7.976588628762542044e+01 4.571016630579415735e-03 2.129375276510189874e+00 1.139364590425070868e-13 5.770845065813845487e-01 4.559622276252365408e-02
8.006688963210703491e+01 4.485590512728667052e-03 2.136437082800423770e+00 4.581165033632613313e-15 5.782241759615512899e-01 4.000612104861879514e-02
8.036789297658863518e+01 4.400700104395551676e-03 2.143498889090657666e+00 1.458494394882554002e-16 5.793638453417180312e-01 3.545105143322381525e-02
8.066889632107023544e+01 4.314247619534130815e-03 2.150560695380891563e+00 3.676623846719667658e-18 5.805035147218846614e-01 3.190341081444487276e-02
8.096989966555184992e+01 4.225005075447028392e-03 2.157622501671125459e+00 7.338532858214573096e-20 5.816431841020514026e-01 2.914981545873386246e-02
8.127090301003345019e+01 4.132881902727055141e-03 2.164684307961359355e+00 1.159804781299300590e-21 5.827828534822181439e-01 2.690343800413220673e-02
8.157190635451505045e+01 4.038893733438356053e-03 2.171746114251593252e+00 1.451371435900468377e-23 5.839225228623847741e-01 2.490450568412534010e-02
8.187290969899666493e+01 3.944874030158913684e-03 2.178807920541826704e+00 1.554464652518362616e-25 5.850621922425515153e-01 2.297817605906245231e-02
8.217391304347826519e+01 3.852996141328257282e-03 2.185869726832060600e+00 1.328760290867024320e-24 5.862018616227182566e-01 2.105127077118731926e-02
8.247491638795986546e+01 3.765211722493224614e-03 2.192931533122294496e+00 1.199154294710299876e-22 5.873415310028848868e-01 1.912414703115623144e-02
8.277591973244147994e+01 3.682761412105076734e-03 2.199993339412528393e+00 8.576063081047255524e-21 5.884812003830516280e-01 1.721229510309252655e-02
8.307692307692308020e+01 3.605932926215758665e-03 2.207055145702762289e+00 4.856422917719389928e-19 5.896208697632183693e-01 1.530580391197184330e-02
8.337792642140469468e+01 3.534182848899925910e-03 2.214116951992996185e+00 2.177512421580813975e-17 5.907605391433849995e-01 1.338072378281682413e-02
8.367892976588629494e+01 3.466598793573048409e-03 2.221178758283230081e+00 7.730727950569935704e-16 5.919002085235517407e-01 1.143711659616789694e-02
8.397993311036789521e+01 3.402519825091174753e-03 2.228240564573463978e+00 2.173180241851420552e-14 5.930398779037184820e-01 9.511850723649564396e-03
8.428093645484950969e+01 3.342047129943111726e-03 2.235302370863697874e+00 4.837118349644528369e-13 5.941795472838851122e-01 7.655321092653838248e-03
8.458193979933110995e+01 3.286222346186357026e-03 2.242364177153931770e+00 8.524978395135465299e-12 5.953192166640519645e-01 5.910010449503275143e-03
8.488294314381271022e+01 3.236807453723098121e-03 2.249425983444165666e+00 1.189639754764713317e-10 5.964588860442185947e-01 4.318765198344991924e-03
8.518394648829432469e+01 3.195779345544819908e-03 2.256487789734399563e+00 1.314477808681222805e-09 5.975985554243852249e-01 2.942646826643897148e-03
8.548494983277592496e+01 3.164756950783271898e-03 2.263549596024633459e+00 1.150023345451734537e-08 5.987382248045520772e-01 1.853289896149526699e-03
8.578595317725752523e+01 3.144565729593914137e-03 2.270611402314867355e+00 7.966648624721832772e-08 5.998778941847187074e-01 1.099684434104979689e-03
8.608695652173913970e+01 3.135044623579908221e-03 2.277673208605101252e+00 4.369787086026236660e-07 6.010175635648853376e-01 6.808072295970800250e-04
8.638795986622073997e+01 3.135087667850793274e-03 2.284735014895335148e+00 1.897843947480402707e-06 6.021572329450521899e-01 5.443817132074124307e-04
8.668896321070235444e+01 3.142847410863425575e-03 2.291796821185569044e+00 6.526439696982597073e-06 6.032969023252188201e-01 6.027945983034072811e-04
8.698996655518395471e+01 3.156022737131665250e-03 2.298858627475802940e+00 1.777083228132786175e-05 6.044365717053855613e-01 7.505749528871739516e-04
8.729096989966555498e+01 3.172179272995111991e-03 2.305920433766036837e+00 3.831376355008567734e-05 6.055762410855523026e-01 8.829848950585211841e-04
8.759197324414716945e+01 3.189067226127674601e-03 2.312982240056270733e+00 6.540598183768182373e-05 6.067159104657189328e-01 9.215747426279418709e-04
8.789297658862876972e+01 3.204894518689314822e-03 2.320044046346504629e+00 8.840884813790671919e-05 6.078555798458856740e-01 8.389192679144635454e-04
8.819397993311036998e+01 3.218499425343387347e-03 2.327105852636738526e+00 9.462145092006155826e-05 6.089952492260524153e-01 6.632244815128394934e-04
8.849498327759198446e+01 3.229375552184238045e-03 2.334167658926972422e+00 8.018609833714157879e-05 6.101349186062190455e-01 4.548717258552185169e-04
8.879598662207358473e+01 3.237545092917002310e-03 2.341229465217206318e+00 5.380519001067193455e-05 6.112745879863857867e-01 2.705754172160210126e-04
8.909698996655518499e+01 3.243335191799636905e-03 2.348291271507440214e+00 2.858675533515108518e-05 6.124142573665525280e-01 1.395811230185503744e-04
8.939799331103679947e+01 3.247149179891814508e-03 2.355353077797674111e+00 1.202599912956668309e-05 6.135539267467191582e-01 6.244424617297984206e-05
8.969899665551839973e+01 3.249311905227043450e-03 2.362414884087908007e+00 4.005835210204455407e-06 6.146935961268858994e-01 2.422581854271826183e-05
9.000000000000000000e+01 3.250012936800791060e-03 2.369476690378141903e+00 1.056526997681940466e-06 6.158332655070526407e-01 8.150386539149834529e-06
