0.000000000000000000e+00 7.142017959954957695e-02 6.999503359164660488e-05 6.403096136647302705e-01 7.320310944181757096e-06 6.967234857746484877e+00
3.010033444816053727e-01 7.151876395911818673e-02 1.082716794837960961e-02 6.408733737194886038e-01 2.498638863784746061e-03 6.930552757630076499e+00
6.020066889632107454e-01 7.178164950345281015e-02 2.158434086316757261e-02 6.425191069878189998e-01 4.989957416625310366e-03 6.826919395795484569e+00
9.030100334448161181e-01 7.212676064102159501e-02 3.234151377795553561e-02 6.451568150904897214e-01 7.481275969465874670e-03 6.672317783189069651e+00
1.204013377926421491e+00 7.245803783000574760e-02 4.309868669274349862e-02 6.486450488091275446e-01 9.972594522306438974e-03 6.487845191553032187e+00
1.505016722408026864e+00 7.269196717918788297e-02 5.385585960753146162e-02 6.528023191838061567e-01 1.246391307514700328e-02 6.293964230947878491e+00
1.806020066889632236e+00 7.276347883671994976e-02 6.461303252231942462e-02 6.574212461534665319e-01 1.495523162798756758e-02 6.106083878649064545e+00
2.107023411371237387e+00 7.262295019669896823e-02 7.537020543710738762e-02 6.622839421973716334e-01 1.744655018082813189e-02 5.932745197239370327e+00
2.408026755852842982e+00 7.224028357650803811e-02 8.612737835189535063e-02 6.671770784714498026e-01 1.993786873366869619e-02 5.776369993011543968e+00
2.709030100334448576e+00 7.161555935553688690e-02 9.688455126668331363e-02 6.719052218628172035e-01 2.242918728650926050e-02 5.635546517972803038e+00
3.010033444816053727e+00 7.078275258771700440e-02 1.076417241814712766e-01 6.763013282292426043e-01 2.492050583934982480e-02 5.507544105545284729e+00
3.311036789297658878e+00 6.979948542736461037e-02 1.183988970962592396e-01 6.802336759425302581e-01 2.741182439219038910e-02 5.390086670768956978e+00
3.612040133779264472e+00 6.872969860503004569e-02 1.291560700110472026e-01 6.836089631321374815e-01 2.990314294503095341e-02 5.282029971169810878e+00
3.913043478260870067e+00 6.762777200325036098e-02 1.399132429258351518e-01 6.863717132822970690e-01 3.239446149787152118e-02 5.183133745059061326e+00
4.214046822742474774e+00 6.652409702701285454e-02 1.506704158406231286e-01 6.885004900275666362e-01 3.488578005071207855e-02 5.093405569864946969e+00
4.515050167224080369e+00 6.541148291546648730e-02 1.614275887554111055e-01 6.900016820878683843e-01 3.737709860355264979e-02 5.012498769663163323e+00
4.816053511705685963e+00 6.424226122298962172e-02 1.721847616701990547e-01 6.909017692258844212e-01 3.986841715639320716e-02 4.939461733229587814e+00
5.117056856187291558e+00 6.294871969347154428e-02 1.829419345849870038e-01 6.912390209141349162e-01 4.235973570923377840e-02 4.872886150310142384e+00
5.418060200668897153e+00 6.148238297015846954e-02 1.936991074997749807e-01 6.910555235809079377e-01 4.485105426207433577e-02 4.811298548065137126e+00
5.719063545150501859e+00 5.984665657298270103e-02 2.044562804145629575e-01 6.903902997293541732e-01 4.734237281491490701e-02 4.753554202120055194e+00
6.020066889632107454e+00 5.809833282716920372e-02 2.152134533293509067e-01 6.892740961906403951e-01 4.983369136775546437e-02 4.699039440179993754e+00
6.321070234113713049e+00 5.631857963896515218e-02 2.259706262441388558e-01 6.877262027529679189e-01 5.232500992059603562e-02 4.647621101742677396e+00
6.622073578595317755e+00 5.457764706436006585e-02 2.367277991589268327e-01 6.857534376378779939e-01 5.481632847343659298e-02 4.599416523190515527e+00
6.923076923076923350e+00 5.291644038532156147e-02 2.474849720737148095e-01 6.833512202865020813e-01 5.730764702627716423e-02 4.554523436978485940e+00
7.224080267558528945e+00 5.134766586438677810e-02 2.582421449885027309e-01 6.805064579822456272e-01 5.979896557911772159e-02 4.512832669229586813e+00
7.525083612040134540e+00 4.986376049749279699e-02 2.689993179032906800e-01 6.772018106162741580e-01 6.229028413195829283e-02 4.473984308947854593e+00
7.826086956521740134e+00 4.844121410079688106e-02 2.797564908180786292e-01 6.734207747449458825e-01 6.478160268479885020e-02 4.437460684911798126e+00
8.127090301003345729e+00 4.704171103574747437e-02 2.905136637328666893e-01 6.691529507564997203e-01 6.727292123763940757e-02 4.402749839197699799e+00
8.428093645484949548e+00 4.561576695521971786e-02 3.012708366476546384e-01 6.643988328984348213e-01 6.976423979047997881e-02 4.369466306348687823e+00
8.729096989966555142e+00 4.411225365765040346e-02 3.120280095624425876e-01 6.591734991716858838e-01 7.225555834332055005e-02 4.337313008302997375e+00
9.030100334448160737e+00 4.249282088810601987e-02 3.227851824772305367e-01 6.535086833687770991e-01 7.474687689616110742e-02 4.305848674636595597e+00
9.331103678929766332e+00 4.074669448443657416e-02 3.335423553920184858e-01 6.474528863774999810e-01 7.723819544900166478e-02 4.274173244514697600e+00
9.632107023411371927e+00 3.889957763938821367e-02 3.442995283068064349e-01 6.410694201135794801e-01 7.972951400184223603e-02 4.240760074880443931e+00
9.933110367892977521e+00 3.701173357204107228e-02 3.550567012215943841e-01 6.344325535170458608e-01 8.222083255468280727e-02 4.203635799125792438e+00
1.023411371237458312e+01 3.516424527286932111e-02 3.658138741363823332e-01 6.276222102504457334e-01 8.471215110752336463e-02 4.160920884726865054e+00
1.053511705685618871e+01 3.343670506096482753e-02 3.765710470511703933e-01 6.207179059006577848e-01 8.720346966036392200e-02 4.111512407063212748e+00
1.083612040133779431e+01 3.188347131001117996e-02 3.873282199659583425e-01 6.137927602258609339e-01 8.969478821320449324e-02 4.055576310849737354e+00
1.113712374581939812e+01 3.051857548668708564e-02 3.980853928807462916e-01 6.069084381502969361e-01 9.218610676604506449e-02 3.994598207435924309e+00
1.143812709030100372e+01 2.931789519130427804e-02 4.088425657955342407e-01 6.001117435821939905e-01 9.467742531888562185e-02 3.930962737310739197e+00
1.173913043478260931e+01 2.823855188435214769e-02 4.195997387103221898e-01 5.934333238199518412e-01 9.716874387172617922e-02 3.867252880537018545e+00
1.204013377926421491e+01 2.724385316085696160e-02 4.303569116251101390e-01 5.868885815775828352e-01 9.966006242456675046e-02 3.805560991959361594e+00
1.234113712374582050e+01 2.631732226270363725e-02 4.411140845398980881e-01 5.804805036284178543e-01 1.021513809774073217e-01 3.747047895288230457e+00
1.264214046822742610e+01 2.545759047801714192e-02 4.518712574546860372e-01 5.742037780550095505e-01 1.046426995302478791e-01 3.691833496368484013e+00
1.294314381270903169e+01 2.466174672591925007e-02 4.626284303694740974e-01 5.680493576401500766e-01 1.071340180830884364e-01 3.639157530369077520e+00
1.324414715719063551e+01 2.391398936756915228e-02 4.733856032842620465e-01 5.620085821786966473e-01 1.096253366359290077e-01 3.587692654495266087e+00
1.354515050167224111e+01 2.318994924718327869e-02 4.841427761990499956e-01 5.560761077999034629e-01 1.121166551887695789e-01 3.535924350609143119e+00
1.384615384615384670e+01 2.247165112186665786e-02 4.948999491138379447e-01 5.502511768403911541e-01 1.146079737416101363e-01 3.482560798567913007e+00
1.414715719063545230e+01 2.175961857780339681e-02 5.056571220286258939e-01 5.445371337270099588e-01 1.170992922944506937e-01 3.426930202936750991e+00
1.444816053511705789e+01 2.107370798317067737e-02 5.164142949434138430e-01 5.389394683170203315e-01 1.195906108472912649e-01 3.369267784895475959e+00
1.474916387959866348e+01 2.044425412154995611e-02 5.271714678582017921e-01 5.334629666389322233e-01 1.220819294001318361e-01 3.310765876356118742e+00
1.505016722408026908e+01 1.989950182704165044e-02 5.379286407729897412e-01 5.281087082761778406e-01 1.245732479529723935e-01 3.253322424135191682e+00
1.535117056856187467e+01 1.945385066914770422e-02 5.486858136877776904e-01 5.228716415641322390e-01 1.270645665058129647e-01 3.199054517026448607e+00
1.565217391304348027e+01 1.909989803795045238e-02 5.594429866025656395e-01 5.177393028261546570e-01 1.295558850586535360e-01 3.149753926746352573e+00
1.595317725752508409e+01 1.880736261852728602e-02 5.702001595173536996e-01 5.126919689913372880e-01 1.320472036114941072e-01 3.106476647940882074e+00
1.625418060200669146e+01 1.853084738643666005e-02 5.809573324321416488e-01 5.077042114397647410e-01 1.345385221643346507e-01 3.069380443279940085e+00
1.655518394648829528e+01 1.822468981657575371e-02 5.917145053469295979e-01 5.027475260035081384e-01 1.370298407171752220e-01 3.037814390884150839e+00
1.685618729096989910e+01 1.785928199869331323e-02 6.024716782617175470e-01 4.977935119231092220e-01 1.395211592700157932e-01 3.010580629415182674e+00
1.715719063545150647e+01 1.743223520086646661e-02 6.132288511765054961e-01 4.928169991385836779e-01 1.420124778228563645e-01 2.986252034385228349e+00
1.745819397993311028e+01 1.696988366903806264e-02 6.239860240912934453e-01 4.877985852067113770e-01 1.445037963756969357e-01 2.963436315883493322e+00
1.775919732441471766e+01 1.651797304537559741e-02 6.347431970060813944e-01 4.827262161756153414e-01 1.469951149285374792e-01 2.940918931445530404e+00
1.806020066889632147e+01 1.612376121745208446e-02 6.455003699208694545e-01 4.775956822456193795e-01 1.494864334813780504e-01 2.917681770004768804e+00
1.836120401337792885e+01 1.581532428547621771e-02 6.562575428356574037e-01 4.724101401435444880e-01 1.519777520342186217e-01 2.892854987201229466e+00
1.866220735785953266e+01 1.558682920798150004e-02 6.670147157504453528e-01 4.671789639696068419e-01 1.544690705870591652e-01 2.865682868750311751e+00
1.896321070234114003e+01 1.539819358878531663e-02 6.777718886652333019e-01 4.619163247618056634e-01 1.569603891398997364e-01 2.835557932729503072e+00
1.926421404682274385e+01 1.519174021806211916e-02 6.885290615800212510e-01 4.566398903658594466e-01 1.594517076927403076e-01 2.802121319726379678e+00
1.956521739130434767e+01 1.491885391230564524e-02 6.992862344948092002e-01 4.513699322287231253e-01 1.619430262455808789e-01 2.765381127869229516e+00
1.986622073578595504e+01 1.456233339039121610e-02 7.100434074095971493e-01 4.461289577293326425e-01 1.644343447984214501e-01 2.725790122958197337e+00
2.016722408026755886e+01 1.414165476449536982e-02 7.208005803243850984e-01 4.409418019079655027e-01 1.669256633512619936e-01 2.684245508659319324e+00
2.046822742474916623e+01 1.369921440524078486e-02 7.315577532391730475e-01 4.358359581088811496e-01 1.694169819041025649e-01 2.642000748934665300e+00
2.076923076923077005e+01 1.327776586029516190e-02 7.423149261539611077e-01 4.308418395024118941e-01 1.719083004569431361e-01 2.600493417175790523e+00
2.107023411371237742e+01 1.290286960987696921e-02 7.530720990687490568e-01 4.259926601935596913e-01 1.743996190097836796e-01 2.561097164775986368e+00
2.137123745819398124e+01 1.257749380948760924e-02 7.638292719835370059e-01 4.213237014942221026e-01 1.768909375626242508e-01 2.524818323995123404e+00
2.167224080267558861e+01 1.228664511752582469e-02 7.745864448983249551e-01 4.168708630844112917e-01 1.793822561154648221e-01 2.491988863490516071e+00
2.197324414715719243e+01 1.200624585635542280e-02 7.853436178131129042e-01 4.126685560555986010e-01 1.818735746683053933e-01 2.462046414141196848e+00
2.227424749163879625e+01 1.171265806027145008e-02 7.961007907279008533e-01 4.087471391402907606e-01 1.843648932211459646e-01 2.433511556398762821e+00
2.257525083612040362e+01 1.139140860997387393e-02 8.068579636426888024e-01 4.051302014586597444e-01 1.868562117739865081e-01 2.404245003545167680e+00
2.287625418060200744e+01 1.104259714662221038e-02 8.176151365574768626e-01 4.018320380308563755e-01 1.893475303268270793e-01 2.371982087620275959e+00
2.317725752508361481e+01 1.067972320216430127e-02 8.283723094722648117e-01 3.988556455915134857e-01 1.918388488796676505e-01 2.335019190878386386e+00
2.347826086956521863e+01 1.032230963671292370e-02 8.391294823870527608e-01 3.961914957958643790e-01 1.943301674325081940e-01 2.292820525740010495e+00
2.377926421404682600e+01 9.987798335260309954e-03 8.498866553018407100e-01 3.938172387293365495e-01 1.968214859853487653e-01 2.246291374080970460e+00
2.408026755852842982e+01 9.688056904183887930e-03 8.606438282166286591e-01 3.916983727827769712e-01 1.993128045381893365e-01 2.197563724142796548e+00
2.438127090301003363e+01 9.430033975761016249e-03 8.714010011314166082e-01 3.897898071696078159e-01 2.018041230910299078e-01 2.149334995022555983e+00
2.468227424749164101e+01 9.215918942884057316e-03 8.821581740462045573e-01 3.880381561210814456e-01 2.042954416438704790e-01 2.104001111062419938e+00
2.498327759197324482e+01 9.040634202283830828e-03 8.929153469609925065e-01 3.863845488738078537e-01 2.067867601967110225e-01 2.062927110177811496e+00
2.528428093645485220e+01 8.889742220261559816e-03 9.036725198757804556e-01 3.847677206051763332e-01 2.092780787495515937e-01 2.026141511471998058e+00
2.558528428093645601e+01 8.741960248794738292e-03 9.144296927905685157e-01 3.831271641220595492e-01 2.117693973023921650e-01 1.992545353422794596e+00
2.588628762541806339e+01 8.576447827928206091e-03 9.251868657053564649e-01 3.814061624795568872e-01 2.142607158552327085e-01 1.960489193879887626e+00
2.618729096989966720e+01 8.380852482286158325e-03 9.359440386201444140e-01 3.795545763778022663e-01 2.167520344080732797e-01 1.928417057740462015e+00
2.648829431438127102e+01 8.155784177525207332e-03 9.467012115349323631e-01 3.775313121056660393e-01 2.192433529609138509e-01 1.895290817520866034e+00
2.678929765886287839e+01 7.914037881778522229e-03 9.574583844497203122e-01 3.753064313126874274e-01 2.217346715137544222e-01 1.860678697604574605e+00
2.709030100334448221e+01 7.675380255548243033e-03 9.682155573645082614e-01 3.728628725544330669e-01 2.242259900665949934e-01 1.824602995442906828e+00
2.739130434782608958e+01 7.458912890386739866e-03 9.789727302792962105e-01 3.701977338395336936e-01 2.267173086194355369e-01 1.787351015193080261e+00
2.769230769230769340e+01 7.275814299776515483e-03 9.897299031940842706e-01 3.673230229055644003e-01 2.292086271722761082e-01 1.749393567551456474e+00
2.799331103678930077e+01 7.125620276803692858e-03 1.000487076108872220e+00 3.642657349095222430e-01 2.316999457251166794e-01 1.711394444556187056e+00
2.829431438127090459e+01 6.997692309493541707e-03 1.011244249023660169e+00 3.610670887968184806e-01 2.341912642779572229e-01 1.674178816296451711e+00
2.859531772575251196e+01 6.876416857102259604e-03 1.022001421938448118e+00 3.577807664447996139e-01 2.366825828307977941e-01 1.638558387445792075e+00
2.889632107023411578e+01 6.746932135183257573e-03 1.032758594853236067e+00 3.544700673602305674e-01 2.391739013836383654e-01 1.605052117823688063e+00
2.919732441471571960e+01 6.599387061556868071e-03 1.043515767768024016e+00 3.512040165415745707e-01 2.416652199364789366e-01 1.573659987530626303e+00
2.949832775919732697e+01 6.431441826897185687e-03 1.054272940682811965e+00 3.480526273233330858e-01 2.441565384893195079e-01 1.543836104163275991e+00
2.979933110367893079e+01 6.248428520348243975e-03 1.065030113597599914e+00 3.450816928528270822e-01 2.466478570421600514e-01 1.514679599716407310e+00
3.010033444816053816e+01 6.060133058052442727e-03 1.075787286512387864e+00 3.423476194670611039e-01 2.491391755950006226e-01 1.485229067567636285e+00
3.040133779264214198e+01 5.875378924955453920e-03 1.086544459427175813e+00 3.398928847459218305e-01 2.516304941478411661e-01 1.454710605655767930e+00
3.070234113712374935e+01 5.698509158673922131e-03 1.097301632341963762e+00 3.377426769351460356e-01 2.541218127006817373e-01 1.422657793645675461e+00
3.100334448160535317e+01 5.530724468069870073e-03 1.108058805256751711e+00 3.359031455158175139e-01 2.566131312535223086e-01 1.388918871141559208e+00
3.130434782608696054e+01 5.374101273518190787e-03 1.118815978171539660e+00 3.343614827466678263e-01 2.591044498063628798e-01 1.353615844854234807e+00
3.160535117056856436e+01 5.233015116891119763e-03 1.129573151086327831e+00 3.330878006469538688e-01 2.615957683592034511e-01 1.317106983888016725e+00
3.190635451505016817e+01 5.110839316847106545e-03 1.140330324001115780e+00 3.320385160742126973e-01 2.640870869120440223e-01 1.279964939777005428e+00
3.220735785953177555e+01 5.005628611244502743e-03 1.151087496915903730e+00 3.311607570309186288e-01 2.665784054648845935e-01 1.242955241320358617e+00
3.250836120401338292e+01 4.909964265037957028e-03 1.161844669830691679e+00 3.303971931730298461e-01 2.690697240177251093e-01 1.206991677752102143e+00
3.280936454849498318e+01 4.815503446493565702e-03 1.172601842745479628e+00 3.296906896756617855e-01 2.715610425705656805e-01 1.173046493254993328e+00
3.311036789297659055e+01 4.717711542444058721e-03 1.183359015660267577e+00 3.289882798195376545e-01 2.740523611234062518e-01 1.142003598600270342e+00
3.341137123745819792e+01 4.616625653720587280e-03 1.194116188575055526e+00 3.282441208725982440e-01 2.765436796762468230e-01 1.114470293668792689e+00
3.371237458193979819e+01 4.514208195500296096e-03 1.204873361489843475e+00 3.274212997909250467e-01 2.790349982290873943e-01 1.090601500802472978e+00
3.401337792642140556e+01 4.411815096588543074e-03 1.215630534404631424e+00 3.264925466201700210e-01 2.815263167819279655e-01 1.070011551265222405e+00
3.431438127090301293e+01 4.309583739819464014e-03 1.226387707319419373e+00 3.254400579823252260e-01 2.840176353347685367e-01 1.051825045662570179e+00
3.461538461538462030e+01 4.206569399088377209e-03 1.237144880234207323e+00 3.242547090732755821e-01 2.865089538876091080e-01 1.034857200068581173e+00
3.491638795986622057e+01 4.100405654562277319e-03 1.247902053148995272e+00 3.229349365687294582e-01 2.890002724404496792e-01 1.017856706687132240e+00
3.521739130434782794e+01 3.987303858832007449e-03 1.258659226063783221e+00 3.214855198282419724e-01 2.914915909932901950e-01 9.997294472334772308e-01
3.551839464882943531e+01 3.863663395172380315e-03 1.269416398978571170e+00 3.199163984060285904e-01 2.939829095461307662e-01 9.796909152039666724e-01
3.581939799331104268e+01 3.728698098594594636e-03 1.280173571893359119e+00 3.182415689129550196e-01 2.964742280989713374e-01 9.573366654714987600e-01
3.612040133779264295e+01 3.586060918256495870e-03 1.290930744808147290e+00 3.164780292762640612e-01 2.989655466518119087e-01 9.326430927226034839e-01
3.642140468227425032e+01 3.443327351117174331e-03 1.301687917722935239e+00 3.146447000653208037e-01 3.014568652046524799e-01 9.059134106231913064e-01
3.672240802675585769e+01 3.310029876354712245e-03 1.312445090637723188e+00 3.127612558303247137e-01 3.039481837574930512e-01 8.776837007082309849e-01
3.702341137123745796e+01 3.195510556552968139e-03 1.323202263552511138e+00 3.108468382365449090e-01 3.064395023103336224e-01 8.486112734940294278e-01
3.732441471571906533e+01 3.107017649505334177e-03 1.333959436467299087e+00 3.089186830029205244e-01 3.089308208631741381e-01 8.193732232064158127e-01
3.762541806020067270e+01 3.047874976431811603e-03 1.344716609382087036e+00 3.069907565154867402e-01 3.114221394160147094e-01 7.905947555791875692e-01
3.792642140468228007e+01 3.016155670121416221e-03 1.355473782296874985e+00 3.050725486643105500e-01 3.139134579688552806e-01 7.628083564606206179e-01
3.822742474916388034e+01 3.005012007441344463e-03 1.366230955211662934e+00 3.031681935190310706e-01 3.164047765216958519e-01 7.364324258226430109e-01
3.852842809364548771e+01 3.005138444749417929e-03 1.376988128126450883e+00 3.012760826542746351e-01 3.188960950745364231e-01 7.117600390677766287e-01
3.882943143812709508e+01 3.008120578296631480e-03 1.387745301041238832e+00 2.993890972795726357e-01 3.213874136273769944e-01 6.889555747136157926e-01
3.913043478260869534e+01 3.008568284121169827e-03 1.398502473956026781e+00 2.974955200215178563e-01 3.238787321802175656e-01 6.680554060757655233e-01
3.943143812709030271e+01 3.004004600759333562e-03 1.409259646870814731e+00 2.955806040379472810e-01 3.263700507330581368e-01 6.489603989974486176e-01
3.973244147157191009e+01 2.993370292138641375e-03 1.420016819785602680e+00 2.936286869804242694e-01 3.288613692858987081e-01 6.314094546861324098e-01
4.003344481605351746e+01 2.975766507368989618e-03 1.430773992700390629e+00 2.916256519657530188e-01 3.313526878387392238e-01 6.149452654285482156e-01
4.033444816053511772e+01 2.950135324324362068e-03 1.441531165615178578e+00 2.895614690614600750e-01 3.338440063915797951e-01 5.989119714247804760e-01
4.063545150501672509e+01 2.915306492329660867e-03 1.452288338529966527e+00 2.874325099263584371e-01 3.363353249444203663e-01 5.825297286647780348e-01
4.093645484949833246e+01 2.869758761220217533e-03 1.463045511444754476e+00 2.852433242193620488e-01 3.388266434972609376e-01 5.650566934455424351e-01
4.123745819397993273e+01 2.811452080664843169e-03 1.473802684359542647e+00 2.830076045114729988e-01 3.413179620501015088e-01 5.459921523359863027e-01
4.153846153846154010e+01 2.738677285915502337e-03 1.484559857274330597e+00 2.807481464868422649e-01 3.438092806029420800e-01 5.252372252459378554e-01
4.183946488294314747e+01 2.652084329288361634e-03 1.495317030189118546e+00 2.784957261477115087e-01 3.463005991557826513e-01 5.031430227435048641e-01
4.214046822742475484e+01 2.556624126834880235e-03 1.506074203103906495e+00 2.762869515794928454e-01 3.487919177086231670e-01 4.804325952319851711e-01
4.244147157190635511e+01 2.461595539356084116e-03 1.516831376018694444e+00 2.741612842922878102e-01 3.512832362614637383e-01 4.580404416491220543e-01
4.274247491638796248e+01 2.378013428509619283e-03 1.527588548933482393e+00 2.721575428063779944e-01 3.537745548143043095e-01 4.369312300079822853e-01
4.304347826086956985e+01 2.314336565117408769e-03 1.538345721848270342e+00 2.703102795911841993e-01 3.562658733671448807e-01 4.179338966029932934e-01
4.334448160535117722e+01 2.272750286949206614e-03 1.549102894763058291e+00 2.686464483903673317e-01 3.587571919199854520e-01 4.015930447597884090e-01
4.364548494983277749e+01 2.247909808839271793e-03 1.559860067677846240e+00 2.671827479926272564e-01 3.612485104728260232e-01 3.880354884426036044e-01
4.394648829431438486e+01 2.228785342465627959e-03 1.570617240592634190e+00 2.659239460150302214e-01 3.637398290256665945e-01 3.768810197349247715e-01
4.424749163879599223e+01 2.202818096594494606e-03 1.581374413507422139e+00 2.648623659988433854e-01 3.662311475785071657e-01 3.672583248545234214e-01
4.454849498327759250e+01 2.160421847297019048e-03 1.592131586422210088e+00 2.639785820643119618e-01 3.687224661313477370e-01 3.579764976358980055e-01
4.484949832775919987e+01 2.097601290356505485e-03 1.602888759336998037e+00 2.632432278222171518e-01 3.712137846841882527e-01 3.478386981043029014e-01
4.515050167224080724e+01 2.015849209226944910e-03 1.613645932251785986e+00 2.626197080963006969e-01 3.737051032370288239e-01 3.360012772549434423e-01
4.545150501672241461e+01 1.920631133627874508e-03 1.624403105166573935e+00 2.620675161572592060e-01 3.761964217898693952e-01 3.222349894030942519e-01
4.575250836120401488e+01 1.820292241800798398e-03 1.635160278081362106e+00 2.615458123178703853e-01 3.786877403427099664e-01 3.069719712952501123e-01
4.605351170568562225e+01 1.725475643445638536e-03 1.645917450996150055e+00 2.610169126531681205e-01 3.811790588955505377e-01 2.911146957069106200e-01
4.635451505016722962e+01 1.647546795948033344e-03 1.656674623910938005e+00 2.604493652994518960e-01 3.836703774483911089e-01 2.756917631066184149e-01
4.665551839464882988e+01 1.595367785718953971e-03 1.667431796825725954e+00 2.598203491388147435e-01 3.861616960012316802e-01 2.615109391992737620e-01
4.695652173913043725e+01 1.572062420166167856e-03 1.678188969740513903e+00 2.591172070563561025e-01 3.886530145540721959e-01 2.489493034865743748e-01
4.725752508361204463e+01 1.574239547970217225e-03 1.688946142655301852e+00 2.583380144822515212e-01 3.911443331069127671e-01 2.379446912488840105e-01
4.755852842809365200e+01 1.594362926754663888e-03 1.699703315570089801e+00 2.574911753086263633e-01 3.936356516597533384e-01 2.281561745262582763e-01
4.785953177257525226e+01 1.624430303239564810e-03 1.710460488484877750e+00 2.565941242232867014e-01 3.961269702125939096e-01 2.191932230267129578e-01
4.816053511705685963e+01 1.658362286121379875e-03 1.721217661399665699e+00 2.556712908601495582e-01 3.986182887654344809e-01 2.108007139357582216e-01
4.846153846153846700e+01 1.691954656905311034e-03 1.731974834314453648e+00 2.547515417698437701e-01 4.011096073182750521e-01 2.029264563001909327e-01
4.876254180602006727e+01 1.721272061288729120e-03 1.742732007229241598e+00 2.538653567656860011e-01 4.036009258711156233e-01 1.956632154342362317e-01
4.906354515050167464e+01 1.741284942345910783e-03 1.753489180144029547e+00 2.530420132362770635e-01 4.060922444239561946e-01 1.891158330183242697e-01
4.936454849498328201e+01 1.746060375308339544e-03 1.764246353058817496e+00 2.523070431389549673e-01 4.085835629767967658e-01 1.832711241920853829e-01
4.966555183946488938e+01 1.730565748617415552e-03 1.775003525973605445e+00 2.516801918225927137e-01 4.110748815296372816e-01 1.779352919466851424e-01
4.996655518394648965e+01 1.692946779105238952e-03 1.785760698888393394e+00 2.511740472179793127e-01 4.135662000824778528e-01 1.727611607065974997e-01
5.026755852842809702e+01 1.635729751421575616e-03 1.796517871803181343e+00 2.507934271384011926e-01 4.160575186353184240e-01 1.673404785887957213e-01
5.056856187290970439e+01 1.565139944855903483e-03 1.807275044717969292e+00 2.505355199452038439e-01 4.185488371881589953e-01 1.613110847065342413e-01
5.086956521739130466e+01 1.489075686537227970e-03 1.818032217632757463e+00 2.503906814363169864e-01 4.210401557409995665e-01 1.544362503438610756e-01
5.117056856187291203e+01 1.415019914756871161e-03 1.828789390547545413e+00 2.503437122288834638e-01 4.235314742938401378e-01 1.466426892767130619e-01
5.147157190635451940e+01 1.348744257205290514e-03 1.839546563462333362e+00 2.503753884555005027e-01 4.260227928466807090e-01 1.380295718105381542e-01
5.177257525083612677e+01 1.293800186464662185e-03 1.850303736377121311e+00 2.504640042954902612e-01 4.285141113995212248e-01 1.288649360127397947e-01
5.207357859531772704e+01 1.251466903747531362e-03 1.861060909291909260e+00 2.505867116365445568e-01 4.310054299523617960e-01 1.195708033662049585e-01
5.237458193979933441e+01 1.221001899413610850e-03 1.871818082206697209e+00 2.507205060044974676e-01 4.334967485052023672e-01 1.106831847673254710e-01
5.267558528428094178e+01 1.200063789705944862e-03 1.882575255121485158e+00 2.508427967735302744e-01 4.359880670580429385e-01 1.027747411173778463e-01
5.297658862876254204e+01 1.185005898846181122e-03 1.893332428036273107e+00 2.509315954646726965e-01 4.384793856108835097e-01 9.634592356792565093e-02
5.327759197324414941e+01 1.170997306535996032e-03 1.904089600951061056e+00 2.509654382766270952e-01 4.409707041637240810e-01 9.171051312031472391e-02
5.357859531772575679e+01 1.152641387354220353e-03 1.914846773865849006e+00 2.509232100410849764e-01 4.434620227165646522e-01 8.890966524467114329e-02
5.387959866220736416e+01 1.125823159833099852e-03 1.925603946780636955e+00 2.507840458447376242e-01 4.459533412694052235e-01 8.768211769773499864e-02
5.418060200668896442e+01 1.090175725327208536e-03 1.936361119695424904e+00 2.505274529805461836e-01 4.484446598222457947e-01 8.750344327475596817e-02
5.448160535117057179e+01 1.050066761123759828e-03 1.947118292610212853e+00 2.501337294825644042e-01 4.509359783750863104e-01 8.769036661602654104e-02
5.478260869565217916e+01 1.012521286705589992e-03 1.957875465525000802e+00 2.495846739694114469e-01 4.534272969279268817e-01 8.754903804726830996e-02
5.508361204013378654e+01 9.830515915678821135e-04 1.968632638439788751e+00 2.488645056922910714e-01 4.559186154807674529e-01 8.653021129551896617e-02
5.538461538461538680e+01 9.623433907883671050e-04 1.979389811354576922e+00 2.479608617907468615e-01 4.584099340336080242e-01 8.434580025878822551e-02
5.568561872909699417e+01 9.460907135631324268e-04 1.990146984269364872e+00 2.468657215593909882e-01 4.609012525864485954e-01 8.100917199381139910e-02
5.598662207357860154e+01 9.278942480071527546e-04 2.000904157184153043e+00 2.455761256944360427e-01 4.633925711392891666e-01 7.678791898860119758e-02
5.628762541806020181e+01 9.032580359300231617e-04 2.011661330098940770e+00 2.440946030702406400e-01 4.658838896921297379e-01 7.209175927206576406e-02
5.658862876254180918e+01 8.722659615670903810e-04 2.022418503013728941e+00 2.424292733292972013e-01 4.683752082449702536e-01 6.734087926434945137e-02
5.688963210702341655e+01 8.392990245683196572e-04 2.033175675928516668e+00 2.405936439045483488e-01 4.708665267978108249e-01 6.285918545207799801e-02
5.719063545150502392e+01 8.099745064500102733e-04 2.043932848843304839e+00 2.386061522965474135e-01 4.733578453506513961e-01 5.881677779194008360e-02
5.749163879598662419e+01 7.875487740147797894e-04 2.054690021758092566e+00 2.364895131524012151e-01 4.758491639034919674e-01 5.522281472465143115e-02
5.779264214046823156e+01 7.715040569054100765e-04 2.065447194672880737e+00 2.342699179859354941e-01 4.783404824563325386e-01 5.195749424934894417e-02
5.809364548494983893e+01 7.590584189182791441e-04 2.076204367587668909e+00 2.319761129692789192e-01 4.808318010091731098e-01 4.883057555543325601e-02
5.839464882943143920e+01 7.476923021700758497e-04 2.086961540502456636e+00 2.296383598076276733e-01 4.833231195620136811e-01 4.565427078883813050e-02
5.869565217391304657e+01 7.362400660381782742e-04 2.097718713417244807e+00 2.272872774958939468e-01 4.858144381148542523e-01 4.231369227647731324e-02
5.899665551839465394e+01 7.241130799636558927e-04 2.108475886332032534e+00 2.249525747398509468e-01 4.883057566676948236e-01 3.881236035381051275e-02
5.929765886287626131e+01 7.103774625583461101e-04 2.119233059246820705e+00 2.226617128251584254e-01 4.907970752205353393e-01 3.527373524278770017e-02
5.959866220735786158e+01 6.942486181464940179e-04 2.129990232161608432e+00 2.204385787173618327e-01 4.932883937733759105e-01 3.189665110113883845e-02
5.989966555183946895e+01 6.764536996816713620e-04 2.140747405076396603e+00 2.183022857247526038e-01 4.957797123262164818e-01 2.888465028458784417e-02
6.020066889632107632e+01 6.595307363574096950e-04 2.151504577991184330e+00 2.162662409644052486e-01 4.982710308790570530e-01 2.638146313669186352e-02
6.050167224080267658e+01 6.461943162655605071e-04 2.162261750905972502e+00 2.143376150926002699e-01 5.007623494318975688e-01 2.443827602399017973e-02
6.080267558528428395e+01 6.371143286284862255e-04 2.173018923820760229e+00 2.125173163718227232e-01 5.032536679847381400e-01 2.301803476320810754e-02
6.110367892976589133e+01 6.302315962322599385e-04 2.183776096735548400e+00 2.108005116386645617e-01 5.057449865375787112e-01 2.202265867900664656e-02
6.140468227424749870e+01 6.222864044579850054e-04 2.194533269650336127e+00 2.091776613065000068e-01 5.082363050904192825e-01 2.132305253817651236e-02
6.170568561872909896e+01 6.112161582599015324e-04 2.205290442565124298e+00 2.076359586283043346e-01 5.107276236432598537e-01 2.077999913505841623e-02
6.200668896321070633e+01 5.974511119436655285e-04 2.216047615479912025e+00 2.061610002627768390e-01 5.132189421961004250e-01 2.025690397746083421e-02
6.230769230769231370e+01 5.832493830652870498e-04 2.226804788394700196e+00 2.047384781471173198e-01 5.157102607489409962e-01 1.963227510756178351e-02
6.260869565217392108e+01 5.708680015062511616e-04 2.237561961309487923e+00 2.033556787434452895e-01 5.182015793017815675e-01 1.881711597166176378e-02
6.290969899665552134e+01 5.611336423683307376e-04 2.248319134224276095e+00 2.020026052424702678e-01 5.206928978546221387e-01 1.777445653252963942e-02
6.321070234113712871e+01 5.533661380392803242e-04 2.259076307139064266e+00 2.006725955089201652e-01 5.231842164074627100e-01 1.653219840461854495e-02
6.351170568561873608e+01 5.463585423250476520e-04 2.269833480053851993e+00 1.993623833327109185e-01 5.256755349603032812e-01 1.518055703400037967e-02
6.381270903010033635e+01 5.394052429069838778e-04 2.280590652968640164e+00 1.980716308395945036e-01 5.281668535131438524e-01 1.385113524235097315e-02
6.411371237458195083e+01 5.326545665685786463e-04 2.291347825883427891e+00 1.968020339066748614e-01 5.306581720659844237e-01 1.268246634781935479e-02
6.441471571906355109e+01 5.267967484652120655e-04 2.302104998798216062e+00 1.955561601343710487e-01 5.331494906188249949e-01 1.178267488036822443e-02
6.471571906354515136e+01 5.225317749167765957e-04 2.312862171713003789e+00 1.943362129688576412e-01 5.356408091716655662e-01 1.120112813342614803e-02
6.501672240802676583e+01 5.202174946207391249e-04 2.323619344627791961e+00 1.931429214505961944e-01 5.381321277245060264e-01 1.091746034869574104e-02
6.531772575250836610e+01 5.198325050426511659e-04 2.334376517542579688e+00 1.919747313435811731e-01 5.406234462773465976e-01 1.085034272079513258e-02
6.561872909698996637e+01 5.210942143081254401e-04 2.345133690457367859e+00 1.908274220623551731e-01 5.431147648301871689e-01 1.088276554190328177e-02
6.591973244147158084e+01 5.234014128499319199e-04 2.355890863372155586e+00 1.896942008040880256e-01 5.456060833830277401e-01 1.089687191064019067e-02
6.622073578595318111e+01 5.254782024028131640e-04 2.366648036286943757e+00 1.885662407966002818e-01 5.480974019358683114e-01 1.080903247231281179e-02
6.652173913043478137e+01 5.251219509455052042e-04 2.377405209201731484e+00 1.874335484660123452e-01 5.505887204887088826e-01 1.059430945516787702e-02
6.682274247491639585e+01 5.196733130254089887e-04 2.388162382116519655e+00 1.862859803497929623e-01 5.530800390415494538e-01 1.029022090499449003e-02
6.712374581939799612e+01 5.073096633077395223e-04 2.398919555031307382e+00 1.851141992494275690e-01 5.555713575943900251e-01 9.975510954068242744e-03
6.742474916387959638e+01 4.884979698857895829e-04 2.409676727946095554e+00 1.839103699873256836e-01 5.580626761472305963e-01 9.730616701126210133e-03
6.772575250836121086e+01 4.666610910950546188e-04 2.420433900860883725e+00 1.826684494945524373e-01 5.605539947000711676e-01 9.597541256117191055e-03
6.802675585284281112e+01 4.474159822571546806e-04 2.431191073775671452e+00 1.813840151668197898e-01 5.630453132529117388e-01 9.559782769605307609e-03
6.832775919732442560e+01 4.364212393605799013e-04 2.441948246690459623e+00 1.800536817461748651e-01 5.655366318057523101e-01 9.553397132945689110e-03
6.862876254180602587e+01 4.368123839631600589e-04 2.452705419605247350e+00 1.786742570590130752e-01 5.680279503585928813e-01 9.502560659228369982e-03
6.892976588628762613e+01 4.478449110158786513e-04 2.463462592520035521e+00 1.772418572078907351e-01 5.705192689114334526e-01 9.358494276522657390e-03
6.923076923076924061e+01 4.657381483331541282e-04 2.474219765434823248e+00 1.757512244520962330e-01 5.730105874642740238e-01 9.119373374052790540e-03
6.953177257525084087e+01 4.859415671837029869e-04 2.484976938349611419e+00 1.741954587291708878e-01 5.755019060171145950e-01 8.821686748649649676e-03
6.983277591973244114e+01 5.048825791123723230e-04 2.495734111264399147e+00 1.725662920463448269e-01 5.779932245699551663e-01 8.511270556458944495e-03
7.013377926421405562e+01 5.200706720016155674e-04 2.506491284179187318e+00 1.708549210369783578e-01 5.804845431227956265e-01 8.213028760520315816e-03
7.043478260869565588e+01 5.292974051627050060e-04 2.517248457093975045e+00 1.690532917614900321e-01 5.829758616756361977e-01 7.916355732875775611e-03
7.073578595317725615e+01 5.304340406501123831e-04 2.528005630008763216e+00 1.671556289673114537e-01 5.854671802284767690e-01 7.581954305438389115e-03
7.103678929765887062e+01 5.222857847514250206e-04 2.538762802923550943e+00 1.651599415123138070e-01 5.879584987813173402e-01 7.163627602554817342e-03
7.133779264214047089e+01 5.055701157489119737e-04 2.549519975838339114e+00 1.630692288612503593e-01 5.904498173341579115e-01 6.632513396665866423e-03
7.163879598662208537e+01 4.829661133825760436e-04 2.560277148753126841e+00 1.608921607313310853e-01 5.929411358869984827e-01 5.992538667068584776e-03
7.193979933110368563e+01 4.581946142543273995e-04 2.571034321667915012e+00 1.586430917841053778e-01 5.954324544398390540e-01 5.281771704127147422e-03
7.224080267558528590e+01 4.348765989912993252e-04 2.581791494582703184e+00 1.563413861259644044e-01 5.979237729926796252e-01 4.561005806649143235e-03
7.254180602006690037e+01 4.157725977453759453e-04 2.592548667497490911e+00 1.540101392982702044e-01 6.004150915455201964e-01 3.895622286525114025e-03
7.284280936454850064e+01 4.024383051558535736e-04 2.603305840412279082e+00 1.516744772820233789e-01 6.029064100983607677e-01 3.338306227386808687e-03
7.314381270903010090e+01 3.950554458387440745e-04 2.614063013327066809e+00 1.493596678094572527e-01 6.053977286512013389e-01 2.918446706502998353e-03
7.344481605351171538e+01 3.923649967789355681e-04 2.624820186241854980e+00 1.470892924820988990e-01 6.078890472040419102e-01 2.640123877326007278e-03
7.374581939799331565e+01 3.919619855730046339e-04 2.635577359156642707e+00 1.448837010848880447e-01 6.103803657568824814e-01 2.486588103749914555e-03
7.404682274247491591e+01 3.912607122199447413e-04 2.646334532071430878e+00 1.427589113353152084e-01 6.128716843097230527e-01 2.427275974263560024e-03
7.434782608695653039e+01 3.889044452849422487e-04 2.657091704986218605e+00 1.407260415238024975e-01 6.153630028625636239e-01 2.424466348812155062e-03
7.464882943143813065e+01 3.856659276490058842e-04 2.667848877901006777e+00 1.387912843761781589e-01 6.178543214154040841e-01 2.439266408405362744e-03
7.494983277591973092e+01 3.839344492653212347e-04 2.678606050815794504e+00 1.369563603379821137e-01 6.203456399682446554e-01 2.438181258153347426e-03
7.525083612040134540e+01 3.860063203544260822e-04 2.689363223730582675e+00 1.352193358222665009e-01 6.228369585210852266e-01 2.400529442217465108e-03
7.555183946488294566e+01 3.924780469632754777e-04 2.700120396645370402e+00 1.335756606215214304e-01 6.253282770739257979e-01 2.324357303196462280e-03
7.585284280936456014e+01 4.018475462272575339e-04 2.710877569560158573e+00 1.320192681561758175e-01 6.278195956267663691e-01 2.226948244515315409e-03
7.615384615384616041e+01 4.112776814169524721e-04 2.721634742474946300e+00 1.305435887749798185e-01 6.303109141796069403e-01 2.137547627205650756e-03
7.645484949832776067e+01 4.177658425182760745e-04 2.732391915389734471e+00 1.291423445631459943e-01 6.328022327324475116e-01 2.084029559777087360e-03
7.675585284280937515e+01 4.191862007489535334e-04 2.743149088304522198e+00 1.278100187867043935e-01 6.352935512852880828e-01 2.079183314529483694e-03
7.705685618729097541e+01 4.149865943636254291e-04 2.753906261219310370e+00 1.265419205496103872e-01 6.377848698381286541e-01 2.113275936490401682e-03
7.735785953177257568e+01 4.062174333767290925e-04 2.764663434134098541e+00 1.253337943323412917e-01 6.402761883909692253e-01 2.156745609877324700e-03
7.765886287625419016e+01 3.947027181109874256e-04 2.775420607048886268e+00 1.241809562722786114e-01 6.427675069438097966e-01 2.171918617485681623e-03
7.795986622073579042e+01 3.819261072138778468e-04 2.786177779963674439e+00 1.230769774832998348e-01 6.452588254966503678e-01 2.128305981078082963e-03
7.826086956521739069e+01 3.686298884551340448e-04 2.796934952878462166e+00 1.220119825221575721e-01 6.477501440494909390e-01 2.014538859662522337e-03
7.856187290969900516e+01 3.553196669099556362e-04 2.807692125793250337e+00 1.209706892940973222e-01 6.502414626023315103e-01 1.841924082066560787e-03
7.886287625418060543e+01 3.427257928506809376e-04 2.818449298708038064e+00 1.199303822434347189e-01 6.527327811551720815e-01 1.638806113864848570e-03
7.916387959866221991e+01 3.314044483583921752e-04 2.829206471622826236e+00 1.188590755916969777e-01 6.552240997080126528e-01 1.439217074410051268e-03
7.946488294314382017e+01 3.209780066265310590e-04 2.839963644537613963e+00 1.177141750658564356e-01 6.577154182608532240e-01 1.271514454185574197e-03
7.976588628762542044e+01 3.102042713669226530e-04 2.850720817452402134e+00 1.164419697544880755e-01 6.602067368136936842e-01 1.151825172683211898e-03
8.006688963210703491e+01 2.981077879515283899e-04 2.861477990367189861e+00 1.149782657607106712e-01 6.626980553665342555e-01 1.083853533451223589e-03
8.036789297658863518e+01 2.850265130283580954e-04 2.872235163281978032e+00 1.132503998951098073e-01 6.651893739193748267e-01 1.063019590018891933e-03
8.066889632107023544e+01 2.724532628047790527e-04 2.882992336196765759e+00 1.111807424084306495e-01 6.676806924722153980e-01 1.081081271141646908e-03
8.096989966555184992e+01 2.619623155536089827e-04 2.893749509111553930e+00 1.086916206647668692e-01 6.701720110250559692e-01 1.128213961508824689e-03
8.127090301003345019e+01 2.544833946793182084e-04 2.904506682026341657e+00 1.057113895529935010e-01 6.726633295778965405e-01 1.192128636677751950e-03
8.157190635451505045e+01 2.505363536197765151e-04 2.915263854941129829e+00 1.021811674716683743e-01 6.751546481307371117e-01 1.256322719694972492e-03
8.187290969899666493e+01 2.507223440763800071e-04 2.926021027855917556e+00 9.806158262749795074e-02 6.776459666835776829e-01 1.300325627246259018e-03
8.217391304347826519e+01 2.554870382340722551e-04 2.936778200770705727e+00 9.333876707715219045e-02 6.801372852364182542e-01 1.303422390768966274e-03
8.247491638795986546e+01 2.641942901828643760e-04 2.947535373685493898e+00 8.802882322795509140e-02 6.826286037892588254e-01 1.250832899132893689e-03
8.277591973244147994e+01 2.745374727804938898e-04 2.958292546600281625e+00 8.218008495900905319e-02 6.851199223420993967e-01 1.139401854805330641e-03
8.307692307692308020e+01 2.830732422815532777e-04 2.969049719515069796e+00 7.587270170048270035e-02 6.876112408949399679e-01 9.797782983016582736e-04
8.337792642140469468e+01 2.865099976920098494e-04 2.979806892429857523e+00 6.921536815766041184e-02 6.901025594477805392e-01 7.938395279361549301e-04
8.367892976588629494e+01 2.827228348612114209e-04 2.990564065344645694e+00 6.233936661025705345e-02 6.925938780006211104e-01 6.085476569386528631e-04
8.397993311036789521e+01 2.710655526248269428e-04 3.001321238259433422e+00 5.539043211046743020e-02 6.950851965534616816e-01 4.489889001226059998e-04
8.428093645484950969e+01 2.525083343908130287e-04 3.012078411174221593e+00 4.851923875703580830e-02 6.975765151063021419e-01 3.332146650920536136e-04
8.458193979933110995e+01 2.300211686235585694e-04 3.022835584089009320e+00 4.187148920452577611e-02 7.000678336591427131e-01 2.700362526385275850e-04
8.488294314381271022e+01 2.085586950099191275e-04 3.033592757003797491e+00 3.557863756699618935e-02 7.025591522119832844e-01 2.592683247472418458e-04
8.518394648829432469e+01 1.936552673126746692e-04 3.044349929918585218e+00 2.975017906172352719e-02 7.050504707648238556e-01 2.931269110858086835e-04
8.548494983277592496e+01 1.889057523391383432e-04 3.055107102833373389e+00 2.446821490610075894e-02 7.075417893176644268e-01 3.578361520548147511e-04
8.578595317725752523e+01 1.941577222000636456e-04 3.065864275748161116e+00 1.978468739190553452e-02 7.100331078705049981e-01 4.354107933053551161e-04
8.608695652173913970e+01 2.060936508615853781e-04 3.076621448662949287e+00 1.572133138996939170e-02 7.125244264233455693e-01 5.061688852406579951e-04
8.638795986622073997e+01 2.209052598684870807e-04 3.087378621577737015e+00 1.227206182929822635e-02 7.150157449761861406e-01 5.522664531835414078e-04
8.668896321070235444e+01 2.368841151124329361e-04 3.098135794492525186e+00 9.407261024398148527e-03 7.175070635290267118e-01 5.616361501355691390e-04
8.698996655518395471e+01 2.548109965317983325e-04 3.108892967407313357e+00 7.079277265693170729e-03 7.199983820818672831e-01 5.309068895069545728e-04
8.729096989966555498e+01 2.759197539619443764e-04 3.119650140322101084e+00 5.228407520405853846e-03 7.224897006347078543e-01 4.659018081038993997e-04
8.759197324414716945e+01 2.992094005571420759e-04 3.130407313236889255e+00 3.788702053587984439e-03 7.249810191875484255e-01 3.792862278976656914e-04
8.789297658862876972e+01 3.203545658369466500e-04 3.141164486151676982e+00 2.693070707859582680e-03 7.274723377403889968e-01 2.862855756693434670e-04
8.819397993311036998e+01 3.331871787481736858e-04 3.151921659066465153e+00 1.877354259260435951e-03 7.299636562932295680e-01 2.002553664119794113e-04
8.849498327759198446e+01 3.328190030854515850e-04 3.162678831981252880e+00 1.283213955846858106e-03 7.324549748460701393e-01 1.297563068569761852e-04
8.879598662207358473e+01 3.184148095557200859e-04 3.173436004896041052e+00 8.598585566465303219e-04 7.349462933989107105e-01 7.784869362760950923e-05
8.909698996655518499e+01 2.940478681859142449e-04 3.184193177810828779e+00 5.647518350620903864e-04 7.374376119517512818e-01 4.322983578051071984e-05
8.939799331103679947e+01 2.673730845392063133e-04 3.194950350725616950e+00 3.635170529704356509e-04 7.399289305045917420e-01 2.221104555188654385e-05
8.969899665551839973e+01 2.469415784198765907e-04 3.205707523640404677e+00 2.292809120421425201e-04 7.424202490574323132e-01 1.055516219277077143e-05
9.000000000000000000e+01 2.393156664234036659e-04 3.216464696555192848e+00 1.416875170729774125e-04 7.449115676102728845e-01 4.638124704376761467e-06
