0.000000000000000000e+00 3.558974492758777697e-02 7.541456686394609754e-04 7.942599688772699063e-01 2.335747164870158321e-04 3.733066438813002819e+00
3.010033444816053727e-01 3.557968216160497382e-02 1.153133695812740347e-02 7.939791014358908994e-01 4.902112865983134296e-03 3.715066812632567217e+00
6.020066889632107454e-01 3.555011929662469511e-02 2.230852824761534597e-02 7.931982772366036327e-01 9.570651015479252760e-03 3.666649250768247548e+00
9.030100334448161181e-01 3.550285786275821087e-02 3.308571953710329194e-02 7.918984503122916685e-01 1.423918916497537122e-02 3.593805526734488609e+00
1.204013377926421491e+00 3.544066060172413463e-02 4.386291082659123097e-02 7.900517757263553209e-01 1.890772731447148969e-02 3.504682589106599355e+00
1.505016722408026864e+00 3.536692371333956253e-02 5.464010211607917000e-02 7.876258668756044301e-01 2.357626546396760642e-02 3.407731674537108013e+00
1.806020066889632236e+00 3.528527849947251521e-02 6.541729340556712291e-02 7.845887082050003736e-01 2.824480361346372662e-02 3.310103318785113657e+00
2.107023411371237387e+00 3.519917559629925224e-02 7.619448469505506194e-02 7.809134768079812883e-01 3.291334176295984681e-02 3.216709604234512465e+00
2.408026755852842982e+00 3.511151085084018852e-02 8.697167598454300097e-02 7.765825861496972182e-01 3.758187991245596354e-02 3.130063996667130866e+00
2.709030100334448576e+00 3.502435128428467437e-02 9.774886727403094000e-02 7.715904410583502848e-01 4.225041806195208027e-02 3.050722908153868040e+00
3.010033444816053727e+00 3.493880992355981319e-02 1.085260585635188790e-01 7.659446446174430490e-01 4.691895621144819700e-02 2.978006409843826585e+00
3.311036789297658878e+00 3.485509643421155074e-02 1.193032498530068319e-01 7.596656711425441300e-01 5.158749436094432067e-02 2.910693220230356371e+00
3.612040133779264472e+00 3.477273541088585218e-02 1.300804411424947848e-01 7.527852606566958205e-01 5.625603251044043740e-02 2.847511806474920970e+00
3.913043478260870067e+00 3.469090070969535478e-02 1.408576324319827100e-01 7.453439556651336728e-01 6.092457065993655413e-02 2.787396837425253349e+00
4.214046822742474774e+00 3.460877494260774373e-02 1.516348237214706629e-01 7.373882666064074387e-01 6.559310880943267086e-02 2.729577956220609725e+00
4.515050167224080369e+00 3.452582549511130222e-02 1.624120150109585881e-01 7.289679175158821911e-01 7.026164695892878065e-02 2.673591339282511470e+00
4.816053511705685963e+00 3.444190590023239740e-02 1.731892063004465410e-01 7.201335091906652108e-01 7.493018510842491819e-02 2.619272621910708754e+00
5.117056856187291558e+00 3.435714489888375828e-02 1.839663975899344939e-01 7.109347795350382526e-01 7.959872325792102798e-02 2.566741907321906879e+00
5.418060200668897153e+00 3.427165884372120053e-02 1.947435888794224190e-01 7.014194812461352901e-01 8.426726140741713778e-02 2.516361475324571551e+00
5.719063545150501859e+00 3.418518841589035517e-02 2.055207801689103719e-01 6.916327722458143201e-01 8.893579955691327532e-02 2.468646976556111206e+00
6.020066889632107454e+00 3.409679129764171812e-02 2.162979714583982971e-01 6.816169479013234334e-01 9.360433770640938511e-02 2.424134660492827997e+00
6.321070234113713049e+00 3.400470621545227667e-02 2.270751627478862500e-01 6.714113422261750452e-01 9.827287585590549490e-02 2.383231876236678204e+00
6.622073578595317755e+00 3.390644827577475595e-02 2.378523540373742029e-01 6.610522767605957473e-01 1.029414140054016324e-01 2.346090190657854624e+00
6.923076923076923350e+00 3.379912327324561400e-02 2.486295453268621281e-01 6.505730168244746592e-01 1.076099521548977422e-01 2.312534998234467842e+00
7.224080267558528945e+00 3.367988528434587986e-02 2.594067366163501087e-01 6.400037761625464450e-01 1.122784903043938520e-01 2.282067426917573805e+00
7.525083612040134540e+00 3.354642511790593973e-02 2.701839279058380061e-01 6.293718664484188041e-01 1.169470284538899896e-01 2.253933174783059545e+00
7.826086956521740134e+00 3.339737250145562164e-02 2.809611191953259590e-01 6.187021011968504292e-01 1.216155666033860994e-01 2.227237015834070188e+00
8.127090301003345729e+00 3.323251788704480875e-02 2.917383104848139119e-01 6.080175312532548615e-01 1.262841047528822092e-01 2.201075265359673683e+00
8.428093645484949548e+00 3.305280184432871776e-02 3.025155017743018648e-01 5.973405212278531939e-01 1.309526429023783467e-01 2.174661069010713099e+00
8.729096989966555142e+00 3.286007209686795522e-02 3.132926930637898177e-01 5.866940924042720606e-01 1.356211810518744565e-01 2.147425167950092639e+00
9.030100334448160737e+00 3.265666118699878800e-02 3.240698843532777151e-01 5.761033804646146228e-01 1.402897192013705663e-01 2.119082791803536203e+00
9.331103678929766332e+00 3.244488104645643772e-02 3.348470756427656680e-01 5.655970053958212507e-01 1.449582573508667038e-01 2.089662001058629315e+00
9.632107023411371927e+00 3.222655294992054359e-02 3.456242669322536210e-01 5.552081376477435715e-01 1.496267955003628136e-01 2.059490016795156198e+00
9.933110367892977521e+00 3.200268347325324614e-02 3.564014582217415739e-01 5.449750701810026632e-01 1.542953336498589234e-01 2.029134921437712347e+00
1.023411371237458312e+01 3.177335784707658456e-02 3.671786495112295268e-01 5.349411623034722174e-01 1.589638717993550610e-01 1.999304360309519524e+00
1.053511705685618871e+01 3.153786117819244034e-02 3.779558408007174242e-01 5.251540941431775966e-01 1.636324099488511707e-01 1.970711935872411669e+00
1.083612040133779431e+01 3.129497459391633596e-02 3.887330320902053771e-01 5.156644451602402368e-01 1.683009480983472805e-01 1.943933592580140424e+00
1.113712374581939812e+01 3.104334927148734088e-02 3.995102233796933300e-01 5.065236745003404151e-01 1.729694862478434181e-01 1.919285514718398034e+00
1.143812709030100372e+01 3.078185161073795917e-02 4.102874146691812829e-01 4.977816294691055354e-01 1.776380243973395279e-01 1.896756599461213666e+00
1.173913043478260931e+01 3.050979868185060145e-02 4.210646059586692358e-01 4.894837414299267331e-01 1.823065625468356377e-01 1.876018942726493499e+00
1.204013377926421491e+01 3.022705113248704695e-02 4.318417972481571332e-01 4.816680906779339799e-01 1.869751006963317475e-01 1.856519105031337880e+00
1.234113712374582050e+01 2.993397953122095903e-02 4.426189885376450861e-01 4.743625388413520438e-01 1.916436388458278850e-01 1.837626229786293530e+00
1.264214046822742610e+01 2.963135071247317842e-02 4.533961798271330390e-01 4.675821420888944813e-01 1.963121769953239948e-01 1.818790160193224592e+00
1.294314381270903169e+01 2.932018540002881771e-02 4.641733711166209919e-01 4.613270692087668712e-01 2.009807151448201046e-01 1.799655039036446968e+00
1.324414715719063551e+01 2.900162301912218368e-02 4.749505624061089448e-01 4.555812490968746964e-01 2.056492532943162421e-01 1.780088700482615138e+00
1.354515050167224111e+01 2.867680814147882326e-02 4.857277536955968977e-01 4.503119533048724477e-01 2.103177914438123519e-01 1.760122536202593402e+00
1.384615384615384670e+01 2.834679844258127315e-02 4.965049449850847951e-01 4.454704727635568351e-01 2.149863295933084617e-01 1.739836139048109409e+00
1.414715719063545230e+01 2.801249114506053350e-02 5.072821362745727480e-01 4.409939697186547325e-01 2.196548677428045993e-01 1.719246253072260533e+00
1.444816053511705789e+01 2.767456909338424781e-02 5.180593275640608120e-01 4.368084794114011071e-01 2.243234058923007090e-01 1.698256228882963237e+00
1.474916387959866348e+01 2.733347006725839884e-02 5.288365188535486539e-01 4.328329119438205086e-01 2.289919440417968188e-01 1.676690654336904673e+00
1.505016722408026908e+01 2.698937815775509508e-02 5.396137101430364957e-01 4.289837801774910586e-01 2.336604821912929564e-01 1.654395867787834984e+00
1.535117056856187467e+01 2.664222623724663355e-02 5.503909014325245597e-01 4.251802745069762079e-01 2.383290203407890662e-01 1.631353341140693303e+00
1.565217391304348027e+01 2.629169225219311901e-02 5.611680927220124016e-01 4.213492388388850873e-01 2.429975584902851760e-01 1.607746287951941078e+00
1.595317725752508409e+01 2.593717750618515158e-02 5.719452840115004655e-01 4.174295878446165342e-01 2.476660966397813135e-01 1.583942363579464718e+00
1.625418060200669146e+01 2.557777324884882852e-02 5.827224753009883074e-01 4.133757492277245205e-01 2.523346347892773678e-01 1.560394318228332855e+00
1.655518394648829528e+01 2.521224394683754810e-02 5.934996665904763713e-01 4.091598127500613025e-01 2.570031729387735053e-01 1.537496698605101519e+00
1.685618729096989910e+01 2.483906732130379547e-02 6.042768578799642132e-01 4.047722077497566961e-01 2.616717110882696429e-01 1.515454676007229606e+00
1.715719063545150647e+01 2.445656168064983330e-02 6.150540491694522771e-01 4.002208938562168417e-01 2.663402492377657249e-01 1.494215414742419812e+00
1.745819397993311028e+01 2.406310048802412851e-02 6.258312404589401190e-01 3.955292130128011951e-01 2.710087873872618625e-01 1.473487842315141183e+00
1.775919732441471766e+01 2.365737530800890442e-02 6.366084317484279609e-01 3.907326922181073026e-01 2.756773255367580000e-01 1.452843959953008302e+00
1.806020066889632147e+01 2.323864039547638913e-02 6.473856230379160248e-01 3.858751865199465114e-01 2.803458636862540820e-01 1.431865821611351119e+00
1.836120401337792885e+01 2.280687014139864272e-02 6.581628143274038667e-01 3.810047980137346579e-01 2.850144018357502196e-01 1.410286667329759824e+00
1.866220735785953266e+01 2.236278676169263513e-02 6.689400056168919306e-01 3.761699944371221793e-01 2.896829399852463571e-01 1.388077596507441891e+00
1.896321070234114003e+01 2.190775863233966961e-02 6.797171969063797725e-01 3.714162848592008626e-01 2.943514781347424392e-01 1.365451567039833058e+00
1.926421404682274385e+01 2.144361070936159908e-02 6.904943881958678364e-01 3.667837025427618247e-01 2.990200162842385767e-01 1.342786751695617564e+00
1.956521739130434767e+01 2.097241099242199217e-02 7.012715794853556783e-01 3.623052149481424400e-01 3.036885544337347143e-01 1.320499556213735826e+00
1.986622073578595504e+01 2.049629427656268418e-02 7.120487707748437423e-01 3.580060494719746189e-01 3.083570925832307963e-01 1.298913075325929922e+00
2.016722408026755886e+01 2.001736120865831373e-02 7.228259620643315841e-01 3.539038112745968023e-01 3.130256307327269338e-01 1.278164662884775149e+00
2.046822742474916623e+01 1.953765897219309280e-02 7.336031533538196481e-01 3.500091921659120309e-01 3.176941688822230714e-01 1.258179551469236879e+00
2.076923076923077005e+01 1.905922247200051572e-02 7.443803446433074900e-01 3.463270353029935245e-01 3.223627070317191534e-01 1.238714064648375857e+00
2.107023411371237742e+01 1.858413964233839727e-02 7.551575359327953318e-01 3.428575291373515133e-01 3.270312451812152910e-01 1.219450414212299716e+00
2.137123745819398124e+01 1.811460283558903941e-02 7.659347272222833958e-01 3.395973474660304303e-01 3.316997833307114285e-01 1.200111143902893307e+00
2.167224080267558861e+01 1.765291661517692443e-02 7.767119185117712377e-01 3.365406168763035444e-01 3.363683214802075105e-01 1.180557429974027128e+00
2.197324414715719243e+01 1.720144554425252423e-02 7.874891098012593016e-01 3.336796625201351452e-01 3.410368596297036481e-01 1.160841652917700140e+00
2.227424749163879625e+01 1.676249984932227932e-02 7.982663010907471435e-01 3.310055437502179010e-01 3.457053977791997856e-01 1.141198993832599484e+00
2.257525083612040362e+01 1.633817044212931141e-02 8.090434923802352074e-01 3.285084328878815629e-01 3.503739359286958677e-01 1.121981468010112337e+00
2.287625418060200744e+01 1.593013721757733508e-02 8.198206836697230493e-01 3.261779093954442765e-01 3.550424740781920052e-01 1.103555412599213525e+00
2.317725752508361481e+01 1.553948482687351682e-02 8.305978749592111132e-01 3.240032398156267868e-01 3.597110122276881428e-01 1.086194453996526477e+00
2.347826086956521863e+01 1.516656574549731830e-02 8.413750662486989551e-01 3.219736968760830709e-01 3.643795503771842248e-01 1.070000714769907102e+00
2.377926421404682600e+01 1.481094790219012435e-02 8.521522575381870190e-01 3.200789465804335654e-01 3.690480885266803623e-01 1.054877199388460252e+00
2.408026755852842982e+01 1.447147079539621607e-02 8.629294488276748609e-01 3.183095065644490629e-01 3.737166266761764444e-01 1.040557290175256000e+00
2.438127090301003363e+01 1.414641046574603017e-02 8.737066401171627028e-01 3.166572567598634480e-01 3.783851648256725819e-01 1.026679007853978920e+00
2.468227424749164101e+01 1.383372501174502840e-02 8.844838314066507667e-01 3.151159659921902167e-01 3.830537029751687195e-01 1.012878555254920210e+00
2.498327759197324482e+01 1.353132754117336058e-02 8.952610226961386086e-01 3.136817850326356627e-01 3.877222411246648015e-01 9.988741171273136654e-01
2.528428093645485220e+01 1.323732261414073061e-02 9.060382139856266726e-01 3.123536466887331664e-01 3.923907792741609390e-01 9.845174683677345717e-01
2.558528428093645601e+01 1.295015211564938887e-02 9.168154052751145144e-01 3.111335063900292353e-01 3.970593174236570766e-01 9.698039789141004174e-01
2.588628762541806339e+01 1.266862643093932470e-02 9.275925965646025784e-01 3.100263536449995860e-01 4.017278555731531586e-01 9.548451798890800202e-01
2.618729096989966720e+01 1.239185716088622193e-02 9.383697878540904203e-01 3.090399285044018174e-01 4.063963937226492962e-01 9.398172390050275604e-01
2.648829431438127102e+01 1.211914256481115559e-02 9.491469791435784842e-01 3.081840912142803646e-01 4.110649318721454337e-01 9.249018328951764678e-01
2.678929765886287839e+01 1.184987109520068381e-02 9.599241704330663261e-01 3.074698203047982470e-01 4.157334700216415158e-01 9.102343893323031621e-01
2.709030100334448221e+01 1.158349467731012612e-02 9.707013617225543900e-01 3.069078550494331870e-01 4.204020081711376533e-01 8.958707513796251298e-01
2.739130434782608958e+01 1.131958739567146162e-02 9.814785530120422319e-01 3.065070500758719230e-01 4.250705463206337908e-01 8.817782519426257126e-01
2.769230769230769340e+01 1.105796333871566887e-02 9.922557443015300738e-01 3.062725671063040722e-01 4.297390844701298729e-01 8.678513480419531856e-01
2.799331103678930077e+01 1.079879861381386440e-02 1.003032935591018138e+00 3.062040826974027907e-01 4.344076226196260104e-01 8.539461228683660199e-01
2.829431438127090459e+01 1.054269905292273130e-02 1.013810126880506202e+00 3.062942311068403978e-01 4.390761607691221480e-01 8.399237918417284954e-01
2.859531772575251196e+01 1.029067619459654928e-02 1.024587318169994044e+00 3.065275176822454539e-01 4.437446989186182300e-01 8.256922586583630430e-01
2.889632107023411578e+01 1.004402791076837616e-02 1.035364509459482107e+00 3.068799220281714923e-01 4.484132370681143676e-01 8.112364936788973857e-01
2.919732441471571960e+01 9.804151133479932501e-03 1.046141700748969949e+00 3.073193571652333422e-01 4.530817752176105051e-01 7.966313433940994670e-01
2.949832775919732697e+01 9.572331897932421022e-03 1.056918892038457791e+00 3.078070621366139625e-01 4.577503133671065871e-01 7.820330632511660607e-01
2.979933110367893079e+01 9.349560364363069045e-03 1.067696083327945855e+00 3.082998889894178474e-01 4.624188515166027247e-01 7.676489779407731362e-01
3.010033444816053816e+01 9.136409983571689222e-03 1.078473274617433697e+00 3.087533154648641753e-01 4.670873896660988622e-01 7.536896992475298207e-01
3.040133779264214198e+01 8.933005746329651664e-03 1.089250465906921761e+00 3.091248920583060111e-01 4.717559278155949443e-01 7.403151155535562244e-01
3.070234113712374935e+01 8.739088704917815850e-03 1.100027657196409603e+00 3.093777386071252522e-01 4.764244659650910818e-01 7.275907452625726135e-01
3.100334448160535317e+01 8.554162582060778619e-03 1.110804848485897667e+00 3.094836615151069226e-01 4.810930041145872194e-01 7.154705837157402382e-01
3.130434782608696054e+01 8.377684974919629227e-03 1.121582039775385509e+00 3.094254818079519298e-01 4.857615422640833014e-01 7.038142697221480004e-01
3.160535117056856436e+01 8.209247061517344415e-03 1.132359231064873573e+00 3.091982496077353981e-01 4.904300804135794389e-01 6.924331015447162674e-01
3.190635451505016817e+01 8.048681985678341269e-03 1.143136422354361414e+00 3.088091629539805316e-01 4.950986185630755765e-01 6.811476427189303573e-01
3.220735785953177555e+01 7.896060806987029168e-03 1.153913613643849256e+00 3.082761869758633977e-01 4.997671567125716585e-01 6.698354923758182977e-01
3.250836120401338292e+01 7.751574179942364619e-03 1.164690804933337320e+00 3.076255537171821430e-01 5.044356948620677406e-01 6.584531881748353355e-01
3.280936454849498318e+01 7.615344072720233934e-03 1.175467996222825162e+00 3.068884813748188334e-01 5.091042330115639336e-01 6.470280177416773970e-01
3.311036789297659055e+01 7.487242223078828703e-03 1.186245187512313226e+00 3.060975564092620615e-01 5.137727711610600156e-01 6.356277519893904770e-01
3.341137123745819792e+01 7.366793410371666288e-03 1.197022378801801068e+00 3.052832550837702441e-01 5.184413093105560977e-01 6.243236123072095634e-01
3.371237458193979819e+01 7.253208177513535693e-03 1.207799570091289132e+00 3.044710384587014373e-01 5.231098474600522907e-01 6.131618267646070652e-01
3.401337792642140556e+01 7.145534610649179053e-03 1.218576761380776974e+00 3.036793470729572397e-01 5.277783856095483728e-01 6.021530816435251010e-01
3.431438127090301293e+01 7.042866956303997852e-03 1.229353952670265038e+00 3.029186705936847135e-01 5.324469237590444548e-01 5.912805032887863410e-01
3.461538461538462030e+01 6.944524352335769597e-03 1.240131143959752880e+00 3.021917023405222280e-01 5.371154619085406479e-01 5.805194608210477725e-01
3.491638795986622057e+01 6.850126968548607420e-03 1.250908335249240944e+00 3.014944379001212038e-01 5.417840000580367299e-01 5.698591897282737628e-01
3.521739130434782794e+01 6.759542126761366489e-03 1.261685526538728785e+00 3.008179646892498726e-01 5.464525382075328119e-01 5.593174683026961302e-01
3.551839464882943531e+01 6.672727966993422660e-03 1.272462717828216627e+00 3.001506293693203542e-01 5.511210763570290050e-01 5.489436223621474431e-01
3.581939799331104268e+01 6.589542478587107760e-03 1.283239909117704691e+00 2.994802652981737867e-01 5.557896145065250870e-01 5.388093937579873094e-01
3.612040133779264295e+01 6.509595696295745852e-03 1.294017100407192533e+00 2.987962052184910955e-01 5.604581526560211691e-01 5.289900144779521307e-01
3.642140468227425032e+01 6.432202014179579097e-03 1.304794291696680597e+00 2.980908801679277853e-01 5.651266908055173621e-01 5.195394048907131523e-01
3.672240802675585769e+01 6.356450085720125910e-03 1.315571482986168439e+00 2.973608957281353993e-01 5.697952289550134441e-01 5.104650867006454984e-01
3.702341137123745796e+01 6.281366747936658820e-03 1.326348674275656503e+00 2.966075633721456106e-01 5.744637671045095262e-01 5.017106251721084043e-01
3.732441471571906533e+01 6.206122667434186592e-03 1.337125865565144345e+00 2.958369338547803817e-01 5.791323052540057192e-01 4.931545278078478534e-01
3.762541806020067270e+01 6.130217347996241503e-03 1.347903056854632409e+00 2.950594231939843159e-01 5.838008434035018013e-01 4.846317346618974620e-01
3.792642140468228007e+01 6.053589249862325120e-03 1.358680248144120251e+00 2.942891380489507380e-01 5.884693815529978833e-01 4.759759609615838438e-01
3.822742474916388034e+01 5.976618597185625117e-03 1.369457439433608315e+00 2.935430000497298297e-01 5.931379197024940764e-01 4.670707693195970123e-01
3.852842809364548771e+01 5.900020057337876378e-03 1.380234630723096156e+00 2.928397456490221540e-01 5.978064578519901584e-01 4.578899993693724135e-01
3.882943143812709508e+01 5.824653190292047693e-03 1.391011822012583998e+00 2.921988489741765282e-01 6.024749960014862404e-01 4.485093244093479314e-01
3.913043478260869534e+01 5.751302942491817033e-03 1.401789013302072062e+00 2.916393893359990885e-01 6.071435341509824335e-01 4.390813208485429553e-01
3.943143812709030271e+01 5.680493130649182446e-03 1.412566204591559904e+00 2.911788698809054665e-01 6.118120723004785155e-01 4.297821499607261120e-01
3.973244147157191009e+01 5.612387893163271572e-03 1.423343395881047968e+00 2.908319935267738021e-01 6.164806104499745976e-01 4.207510991209915119e-01
4.003344481605351746e+01 5.546809789507543310e-03 1.434120587170535810e+00 2.906094172011989274e-01 6.211491485994707906e-01 4.120480175982280668e-01
4.033444816053511772e+01 5.483365536347905786e-03 1.444897778460023874e+00 2.905165322141547990e-01 6.258176867489668727e-01 4.036457928745536550e-01
4.063545150501672509e+01 5.421633478228630662e-03 1.455674969749511716e+00 2.905523510308450907e-01 6.304862248984629547e-01 3.954588591189179270e-01
4.093645484949833246e+01 5.361344239039673130e-03 1.466452161038999780e+00 2.907086105653609032e-01 6.351547630479591477e-01 3.873919779758003834e-01
4.123745819397993273e+01 5.302487058804022241e-03 1.477229352328487622e+00 2.909692207761443439e-01 6.398233011974552298e-01 3.793845979664056123e-01
4.153846153846154010e+01 5.245300298504166313e-03 1.488006543617975685e+00 2.913101873948931164e-01 6.444918393469513118e-01 3.714299066458559562e-01
4.183946488294314747e+01 5.190147021681145584e-03 1.498783734907463527e+00 2.917001143922378081e-01 6.491603774964475049e-01 3.635625826363430013e-01
4.214046822742475484e+01 5.137319778365332691e-03 1.509560926196951369e+00 2.921013445825634269e-01 6.538289156459435869e-01 3.558271021060679384e-01
4.244147157190635511e+01 5.086845832656933415e-03 1.520338117486439433e+00 2.924717295392942340e-01 6.584974537954396689e-01 3.482488120913230789e-01
4.274247491638796248e+01 5.038364174399241613e-03 1.531115308775927275e+00 2.927669411865285176e-01 6.631659919449358620e-01 3.408264987729520135e-01
4.304347826086956985e+01 4.991118960861139035e-03 1.541892500065415339e+00 2.929431589961453142e-01 6.678345300944319440e-01 3.335500952919712714e-01
4.334448160535117722e+01 4.944072142490531403e-03 1.552669691354903181e+00 2.929599021933645409e-01 6.725030682439280261e-01 3.264302771030982986e-01
4.364548494983277749e+01 4.896098581517484977e-03 1.563446882644391245e+00 2.927827383915742043e-01 6.771716063934242191e-01 3.195188498239182606e-01
4.394648829431438486e+01 4.846205222828445930e-03 1.574224073933879087e+00 2.923855976850801563e-01 6.818401445429203012e-01 3.129046086008867578e-01
4.424749163879599223e+01 4.793717594958176766e-03 1.585001265223367151e+00 2.917524576241065648e-01 6.865086826924163832e-01 3.066842015103330432e-01
4.454849498327759250e+01 4.738396605884676385e-03 1.595778456512854993e+00 2.908782357891597781e-01 6.911772208419125763e-01 3.009215807633953688e-01
4.484949832775919987e+01 4.680473847324492787e-03 1.606555647802343056e+00 2.897688221218510107e-01 6.958457589914086583e-01 2.956147712272830796e-01
4.515050167224080724e+01 4.620612778083775865e-03 1.617332839091830898e+00 2.884402869768040167e-01 7.005142971409047403e-01 2.906835697172460153e-01
4.545150501672241461e+01 4.559811468367347062e-03 1.628110030381318740e+00 2.869173953717541470e-01 7.051828352904009334e-01 2.859813769200243438e-01
4.575250836120401488e+01 4.499263227642616436e-03 1.638887221670806804e+00 2.852316273661722468e-01 7.098513734398970154e-01 2.813253881240633802e-01
4.605351170568562225e+01 4.440191329578015503e-03 1.649664412960294646e+00 2.834189385107154235e-01 7.145199115893930975e-01 2.765356508320925277e-01
4.635451505016722962e+01 4.383677806531652982e-03 1.660441604249782710e+00 2.815174901347897163e-01 7.191884497388892905e-01 2.714743745177118917e-01
4.665551839464882988e+01 4.330512650937831318e-03 1.671218795539270552e+00 2.795655421456691436e-01 7.238569878883853725e-01 2.660790441852294852e-01
4.695652173913043725e+01 4.281092798840407249e-03 1.681995986828758616e+00 2.775996426406330264e-01 7.285255260378814546e-01 2.603836150085319656e-01
4.725752508361204463e+01 4.235394187127671829e-03 1.692773178118246458e+00 2.756531837767822735e-01 7.331940641873776476e-01 2.545213647997406903e-01
4.755852842809365200e+01 4.193024079527723005e-03 1.703550369407734522e+00 2.737553360599591090e-01 7.378626023368737297e-01 2.487034395721745839e-01
4.785953177257525226e+01 4.153340075003406420e-03 1.714327560697222363e+00 2.719303333862861383e-01 7.425311404863698117e-01 2.431716651878532975e-01
4.816053511705685963e+01 4.115605344325738539e-03 1.725104751986710205e+00 2.701970624737899951e-01 7.471996786358658937e-01 2.381332759848480141e-01
4.846153846153846700e+01 4.079143498917350494e-03 1.735881943276198269e+00 2.685689101270952173e-01 7.518682167853620868e-01 2.336954246158632620e-01
4.876254180602006727e+01 4.043462363804127720e-03 1.746659134565686111e+00 2.670538328749627044e-01 7.565367549348581688e-01 2.298226996161233382e-01
4.906354515050167464e+01 4.008329393537498307e-03 1.757436325855174175e+00 2.656546270072454030e-01 7.612052930843542509e-01 2.263364354145708801e-01
4.936454849498328201e+01 3.973795573282559897e-03 1.768213517144662017e+00 2.643693853766570512e-01 7.658738312338504439e-01 2.229602107265692412e-01
4.966555183946488938e+01 3.940173984349933968e-03 1.778990708434150081e+00 2.631921265816473676e-01 7.705423693833465260e-01 2.193974515422630611e-01
4.996655518394648965e+01 3.907982427124674120e-03 1.789767899723637923e+00 2.621135727386036951e-01 7.752109075328426080e-01 2.154136165754725052e-01
5.026755852842809702e+01 3.877858957685188183e-03 1.800545091013125987e+00 2.611220379831958316e-01 7.798794456823388010e-01 2.108941832652714010e-01
5.056856187290970439e+01 3.850458632953759463e-03 1.811322282302613829e+00 2.602043767453347534e-01 7.845479838318348831e-01 2.058612633179738860e-01
5.086956521739130466e+01 3.826341617177396459e-03 1.822099473592101893e+00 2.593469337044670420e-01 7.892165219813309651e-01 2.004498367692343908e-01
5.117056856187291203e+01 3.805866889753272992e-03 1.832876664881589734e+00 2.585364386948144633e-01 7.938850601308271582e-01 1.948597739838024701e-01
5.147157190635451940e+01 3.789109644773096600e-03 1.843653856171077576e+00 2.577607990852052167e-01 7.985535982803232402e-01 1.893049605341434460e-01
5.177257525083612677e+01 3.775820829967833654e-03 1.854431047460565640e+00 2.570097560696640304e-01 8.032221364298193222e-01 1.839751994285795944e-01
5.207357859531772704e+01 3.765441788238286288e-03 1.865208238750053482e+00 2.562753854623987526e-01 8.078906745793155153e-01 1.790153606638600625e-01
5.237458193979933441e+01 3.757175454344471952e-03 1.875985430039541546e+00 2.555524341719533910e-01 8.125592127288115973e-01 1.745167857252784560e-01
5.267558528428094178e+01 3.750100534221824898e-03 1.886762621329029388e+00 2.548384886977828612e-01 8.172277508783076794e-01 1.705130374134185833e-01
5.297658862876254204e+01 3.743301410730603702e-03 1.897539812618517452e+00 2.541339724458940852e-01 8.218962890278038724e-01 1.669756692983686841e-01
5.327759197324414941e+01 3.735979985887775447e-03 1.908317003908005294e+00 2.534419671962405141e-01 8.265648271772999545e-01 1.638118515175340795e-01
5.357859531772575679e+01 3.727520702777046852e-03 1.919094195197493358e+00 2.527678543910683029e-01 8.312333653267960365e-01 1.608697106634264795e-01
5.387959866220736416e+01 3.717497035302522353e-03 1.929871386486981200e+00 2.521187772425659834e-01 8.359019034762922296e-01 1.579565230285461808e-01
5.418060200668896442e+01 3.705631789790186405e-03 1.940648577776469264e+00 2.515029364609540075e-01 8.405704416257883116e-01 1.548700376699484738e-01
5.448160535117057179e+01 3.691745122826908115e-03 1.951425769065957105e+00 2.509287499014015710e-01 8.452389797752843936e-01 1.514370439025176096e-01
5.478260869565217916e+01 3.675732857392969254e-03 1.962202960355444947e+00 2.504039267799951229e-01 8.499075179247805867e-01 1.475490424659454403e-01
5.508361204013378654e+01 3.657607175476849850e-03 1.972980151644933011e+00 2.499345262089370523e-01 8.545760560742766687e-01 1.431845355720107460e-01
5.538461538461538680e+01 3.637603698039658297e-03 1.983757342934420853e+00 2.495240833440267869e-01 8.592445942237727508e-01 1.384112049544672929e-01
5.568561872909699417e+01 3.616323291298740184e-03 1.994534534223908917e+00 2.491728909167374162e-01 8.639131323732689438e-01 1.333676503598957841e-01
5.598662207357860154e+01 3.594848361658465642e-03 2.005311725513396759e+00 2.488775173166793975e-01 8.685816705227650258e-01 1.282309379500408963e-01
5.628762541806020181e+01 3.574765252325139229e-03 2.016088916802884601e+00 2.486306244536531651e-01 8.732502086722611079e-01 1.231803295046890734e-01
5.658862876254180918e+01 3.558042817530724950e-03 2.026866108092372887e+00 2.484211208565841600e-01 8.779187468217573009e-01 1.183675286599846360e-01
5.688963210702341655e+01 3.546758502597495422e-03 2.037643299381860729e+00 2.482346508455903489e-01 8.825872849712533830e-01 1.138997518249469515e-01
5.719063545150502392e+01 3.542714581461052677e-03 2.048420490671348571e+00 2.480543832686537276e-01 8.872558231207494650e-01 1.098360482402353788e-01
5.749163879598662419e+01 3.547031335526759557e-03 2.059197681960836412e+00 2.478620280675278009e-01 8.919243612702456581e-01 1.061925858746417123e-01
5.779264214046823156e+01 3.559824896894335771e-03 2.069974873250324698e+00 2.476389808647667945e-01 8.965928994197417401e-01 1.029512258496462079e-01
5.809364548494983893e+01 3.580065876886739766e-03 2.080752064539812540e+00 2.473674794165831303e-01 9.012614375692378221e-01 1.000676072447837239e-01
5.839464882943143920e+01 3.605671619328569295e-03 2.091529255829300382e+00 2.470316544823418226e-01 9.059299757187340152e-01 9.747817848046103073e-02
5.869565217391304657e+01 3.633821719747398152e-03 2.102306447118788224e+00 2.466183727193003439e-01 9.105985138682300972e-01 9.510771635152148740e-02
5.899665551839465394e+01 3.661423144391278903e-03 2.113083638408276066e+00 2.461177992975469853e-01 9.152670520177261793e-01 9.287865105262868570e-02
5.929765886287626131e+01 3.685609418083272710e-03 2.123860829697764352e+00 2.455236489267703381e-01 9.199355901672223723e-01 9.072156314623475160e-02
5.959866220735786158e+01 3.704153072304405478e-03 2.134638020987252194e+00 2.448331393908525500e-01 9.246041283167184544e-01 8.858424687209091875e-02
5.989966555183946895e+01 3.715703807232554126e-03 2.145415212276740036e+00 2.440467036332119311e-01 9.292726664662145364e-01 8.643626392575688711e-02
6.020066889632107632e+01 3.719823585290206198e-03 2.156192403566227878e+00 2.431675471841220071e-01 9.339412046157107294e-01 8.426734413554147485e-02
6.050167224080267658e+01 3.716851122888635648e-03 2.166969594855716164e+00 2.422011513027153562e-01 9.386097427652068115e-01 8.208053110021862331e-02
6.080267558528428395e+01 3.707669111251444497e-03 2.177746786145204005e+00 2.411548158514445483e-01 9.432782809147028935e-01 7.988323272317668367e-02
6.110367892976589133e+01 3.693455560754367855e-03 2.188523977434691847e+00 2.400373108894501006e-01 9.479468190641990866e-01 7.768011802485708106e-02
6.140468227424749870e+01 3.675478937725452228e-03 2.199301168724179689e+00 2.388586675327827868e-01 9.526153572136951686e-01 7.547066130820193064e-02
6.170568561872909896e+01 3.654960633972680409e-03 2.210078360013667531e+00 2.376300951218754953e-01 9.572838953631912506e-01 7.325157708705457016e-02
6.200668896321070633e+01 3.632996446907952801e-03 2.220855551303155817e+00 2.363639728565222475e-01 9.619524335126874437e-01 7.102165585406526593e-02
6.230769230769231370e+01 3.610513459595063486e-03 2.231632742592643659e+00 2.350738387274158570e-01 9.666209716621835257e-01 6.878504906363987204e-02
6.260869565217392108e+01 3.588241192122008233e-03 2.242409933882131501e+00 2.337742928588356361e-01 9.712895098116796078e-01 6.654981306682357378e-02
6.290969899665552134e+01 3.566688361125125179e-03 2.253187125171619343e+00 2.324807479719179226e-01 9.759580479611758008e-01 6.432136292610304840e-02
6.321070234113712871e+01 3.546128810752978595e-03 2.263964316461107629e+00 2.312089933425273691e-01 9.806265861106718829e-01 6.209403115587052574e-02
6.351170568561873608e+01 3.526605683322814495e-03 2.274741507750595471e+00 2.299745827974736256e-01 9.852951242601679649e-01 5.984613222877336464e-02
6.381270903010033635e+01 3.507961083199329349e-03 2.285518699040083312e+00 2.287921017688359926e-01 9.899636624096641579e-01 5.754323083064222244e-02
6.411371237458195083e+01 3.489892525252835664e-03 2.296295890329571154e+00 2.276744027806202608e-01 9.946322005591602400e-01 5.515067306940876768e-02
6.441471571906355109e+01 3.472030672983727854e-03 2.307073081619058996e+00 2.266319148525052785e-01 9.993007387086563220e-01 5.265161010666855740e-02
6.471571906354515136e+01 3.454026776258473964e-03 2.317850272908547282e+00 2.256721263595785898e-01 1.003969276858152515e+00 5.006331621274481142e-02
6.501672240802676583e+01 3.435633278506725931e-03 2.328627464198035124e+00 2.247993143060169341e-01 1.008637815007648486e+00 4.744446889931897005e-02
6.531772575250836610e+01 3.416758587549943802e-03 2.339404655487522966e+00 2.240145519795061491e-01 1.013306353157144679e+00 4.488928194714409542e-02
6.561872909698996637e+01 3.397479681718045420e-03 2.350181846777010808e+00 2.233159808999725937e-01 1.017974891306640872e+00 4.250927869633400885e-02
6.591973244147158084e+01 3.378006231074615843e-03 2.360959038066499094e+00 2.226992918713084357e-01 1.022643429456136843e+00 4.040778732488074787e-02
6.622073578595318111e+01 3.358606005321306855e-03 2.371736229355986936e+00 2.221583319249473831e-01 1.027311967605633036e+00 3.865439280444270265e-02
6.652173913043478137e+01 3.339517632132855789e-03 2.382513420645474778e+00 2.216857433894957041e-01 1.031980505755129229e+00 3.726635107984024864e-02
6.682274247491639585e+01 3.320884953385534657e-03 2.393290611934962620e+00 2.212735481427865192e-01 1.036649043904625200e+00 3.620200030200974861e-02
6.712374581939799612e+01 3.302741318743329137e-03 2.404067803224450905e+00 2.209136103446139865e-01 1.041317582054121393e+00 3.536822536134164724e-02
6.742474916387959638e+01 3.285052749370782552e-03 2.414844994513938747e+00 2.205979384128961274e-01 1.045986120203617586e+00 3.464051667793198452e-02
6.772575250836121086e+01 3.267803870430728477e-03 2.425622185803426589e+00 2.203188153117182912e-01 1.050654658353113557e+00 3.389062312808951982e-02
6.802675585284281112e+01 3.251091329097880248e-03 2.436399377092914431e+00 2.200687705746881828e-01 1.055323196502609751e+00 3.301420744847007038e-02
6.832775919732442560e+01 3.235185177447993596e-03 2.447176568382402273e+00 2.198404256177273197e-01 1.059991734652105944e+00 3.195054789191957567e-02
6.862876254180602587e+01 3.220531337802145198e-03 2.457953759671890559e+00 2.196262559088132671e-01 1.064660272801601915e+00 3.068891944076105466e-02
6.892976588628762613e+01 3.207691713036635306e-03 2.468730950961378401e+00 2.194183209285297254e-01 1.069328810951098108e+00 2.926115102616068733e-02
6.923076923076924061e+01 3.197242029774589357e-03 2.479508142250866243e+00 2.192080170221926139e-01 1.073997349100594301e+00 2.772490156465017702e-02
6.953177257525084087e+01 3.189661115040449708e-03 2.490285333540354085e+00 2.189859095082370699e-01 1.078665887250090272e+00 2.614499772947956324e-02
6.983277591973244114e+01 3.185244216950661698e-03 2.501062524829842371e+00 2.187416975372356576e-01 1.083334425399586465e+00 2.457943418357917340e-02
7.013377926421405562e+01 3.184059135661671935e-03 2.511839716119330213e+00 2.184643559756414555e-01 1.088002963549082658e+00 2.307302457545168731e-02
7.043478260869565588e+01 3.185944424885021713e-03 2.522616907408818054e+00 2.181424810580585016e-01 1.092671501698578629e+00 2.165743925817623788e-02
7.073578595317725615e+01 3.190532537255417935e-03 2.533394098698305896e+00 2.177648404195849652e-01 1.097340039848074822e+00 2.035386504433415664e-02
7.103678929765887062e+01 3.197274368953657939e-03 2.544171289987793738e+00 2.173210957279266275e-01 1.102008577997571015e+00 1.917486119337710043e-02
7.133779264214047089e+01 3.205447636301087498e-03 2.554948481277282024e+00 2.168026325144292443e-01 1.106677116147066986e+00 1.812437000737300921e-02
7.163879598662208537e+01 3.214147125281427691e-03 2.565725672566769866e+00 2.162034036891769817e-01 1.111345654296563179e+00 1.719726783898195555e-02
7.193979933110368563e+01 3.222273177734666719e-03 2.576502863856257708e+00 2.155206773061068559e-01 1.116014192446059372e+00 1.638055573295684950e-02
7.224080267558528590e+01 3.228547294517949539e-03 2.587280055145745550e+00 2.147555801142587983e-01 1.120682730595555343e+00 1.565698614958044993e-02
7.254180602006690037e+01 3.231583678803371697e-03 2.598057246435233836e+00 2.139133475107060922e-01 1.125351268745051536e+00 1.500985772707915528e-02
7.284280936454850064e+01 3.230030921275354669e-03 2.608834437724721678e+00 2.130032249365403363e-01 1.130019806894547729e+00 1.442662966688286127e-02
7.314381270903010090e+01 3.222772988678256501e-03 2.619611629014209520e+00 2.120380094170828122e-01 1.134688345044043700e+00 1.389975317769747212e-02
7.344481605351171538e+01 3.209152300643714623e-03 2.630388820303697361e+00 2.110332649323889420e-01 1.139356883193539893e+00 1.342500683004188393e-02
7.374581939799331565e+01 3.189160429952947722e-03 2.641166011593185647e+00 2.100062838622002992e-01 1.144025421343036086e+00 1.299908169266297819e-02
7.404682274247491591e+01 3.163541234121774667e-03 2.651943202882673489e+00 2.089748930223797874e-01 1.148693959492532057e+00 1.261806352427942424e-02
7.434782608695653039e+01 3.133768146556412722e-03 2.662720394172161331e+00 2.079562138593681053e-01 1.153362497642028250e+00 1.227704124807843349e-02
7.464882943143813065e+01 3.101886460377451752e-03 2.673497585461649173e+00 2.069654822890163171e-01 1.158031035791524443e+00 1.196968685493198306e-02
7.494983277591973092e+01 3.070243366599372664e-03 2.684274776751137015e+00 2.060150169019898392e-01 1.162699573941020414e+00 1.168659646834761118e-02
7.525083612040134540e+01 3.041154142502268572e-03 2.695051968040625301e+00 2.051133985074695965e-01 1.167368112090516608e+00 1.141259394084781845e-02
7.555183946488294566e+01 3.016566629605915185e-03 2.705829159330113143e+00 2.042648931317665728e-01 1.172036650240012801e+00 1.112493100283188339e-02
7.585284280936456014e+01 2.997786753207944046e-03 2.716606350619600985e+00 2.034691180174874325e-01 1.176705188389508772e+00 1.079484903178669006e-02
7.615384615384616041e+01 2.985316966116259053e-03 2.727383541909088827e+00 2.027209186375092120e-01 1.181373726539004965e+00 1.039359084057935034e-02
7.645484949832776067e+01 2.978839575743739629e-03 2.738160733198577113e+00 2.020103966734251300e-01 1.186042264688501158e+00 9.901342991843154959e-03
7.675585284280937515e+01 2.977350226319684916e-03 2.748937924488064954e+00 2.013230068972978182e-01 1.190710802837997129e+00 9.315372587552796929e-03
7.705685618729097541e+01 2.979416371256119085e-03 2.759715115777552796e+00 2.006396280413480782e-01 1.195379340987493322e+00 8.653288241700345801e-03
7.735785953177257568e+01 2.983506641865981291e-03 2.770492307067040638e+00 1.999365126350338695e-01 1.200047879136989515e+00 7.949293744239836063e-03
7.765886287625419016e+01 2.988317342347086326e-03 2.781269498356528480e+00 1.991850369982615943e-01 1.204716417286485486e+00 7.244547875831432171e-03
7.795986622073579042e+01 2.993019909677165601e-03 2.792046689646016766e+00 1.983512076895723175e-01 1.209384955435981679e+00 6.575541370314144651e-03
7.826086956521739069e+01 2.997372383954521272e-03 2.802823880935504608e+00 1.973949351292948740e-01 1.214053493585477872e+00 5.965239522372324001e-03
7.856187290969900516e+01 3.001675736961238218e-03 2.813601072224992450e+00 1.962691559186441337e-01 1.218722031734973843e+00 5.420214930101679290e-03
7.886287625418060543e+01 3.006601259321464280e-03 2.824378263514480292e+00 1.949189654617546896e-01 1.223390569884470036e+00 4.934020916784720087e-03
7.916387959866221991e+01 3.012952314521376990e-03 2.835155454803968578e+00 1.932810004356743383e-01 1.228059108033966229e+00 4.494277832913676045e-03
7.946488294314382017e+01 3.021438409102346605e-03 2.845932646093456420e+00 1.912833714012265596e-01 1.232727646183462200e+00 4.089752163349774129e-03
7.976588628762542044e+01 3.032525625433186902e-03 2.856709837382944261e+00 1.888464725425383350e-01 1.237396184332958393e+00 3.714471323027023538e-03
8.006688963210703491e+01 3.046390631126655226e-03 2.867487028672432103e+00 1.858849723141348664e-01 1.242064722482454586e+00 3.367907878824258870e-03
8.036789297658863518e+01 3.062961406737460448e-03 2.878264219961919945e+00 1.823112044349770866e-01 1.246733260631950557e+00 3.052254163386559395e-03
8.066889632107023544e+01 3.081995712241880625e-03 2.889041411251408231e+00 1.780400304195423888e-01 1.251401798781446750e+00 2.768843516428720532e-03
8.096989966555184992e+01 3.103142038511010059e-03 2.899818602540896073e+00 1.729950415283926790e-01 1.256070336930942943e+00 2.515637354031814536e-03
8.127090301003345019e+01 3.125949117656650744e-03 2.910595793830383915e+00 1.671157316679383886e-01 1.260738875080438914e+00 2.286794305865774528e-03
8.157190635451505045e+01 3.149827358137040866e-03 2.921372985119871757e+00 1.603650374999263939e-01 1.265407413229935107e+00 2.074273088604932595e-03
8.187290969899666493e+01 3.173999239521582954e-03 2.932150176409360043e+00 1.527364499311147095e-01 1.270075951379431300e+00 1.870625375601618493e-03
8.217391304347826519e+01 3.197488009371175343e-03 2.942927367698847885e+00 1.442597952338549872e-01 1.274744489528927271e+00 1.671769312059329148e-03
8.247491638795986546e+01 3.219178337983174491e-03 2.953704558988335727e+00 1.350047992394857732e-01 1.279413027678423465e+00 1.478597984817304209e-03
8.277591973244147994e+01 3.237947089529276054e-03 2.964481750277823568e+00 1.250817022590037519e-01 1.284081565827919658e+00 1.296717215503395476e-03
8.307692307692308020e+01 3.252825923505095300e-03 2.975258941567311854e+00 1.146384797623321572e-01 1.288750103977415629e+00 1.134313746072606330e-03
8.337792642140469468e+01 3.263139544738144320e-03 2.986036132856799696e+00 1.038546123904214025e-01 1.293418642126911822e+00 9.989067297633000622e-04
8.367892976588629494e+01 3.268573618080522838e-03 2.996813324146287538e+00 9.293178373540256221e-02 1.298087180276408015e+00 8.942248509755650748e-04
8.397993311036789521e+01 3.269159015873321535e-03 3.007590515435775380e+00 8.208229671964062391e-02 1.302755718425903986e+00 8.184301244959125846e-04
8.428093645484950969e+01 3.265196476946310728e-03 3.018367706725263222e+00 7.151631958352984431e-02 1.307424256575400179e+00 7.643550916390253434e-04
8.458193979933110995e+01 3.257167953499996455e-03 3.029144898014751508e+00 6.142924393444649384e-02 1.312092794724896372e+00 7.215831895388279170e-04
8.488294314381271022e+01 3.245676598530259933e-03 3.039922089304239350e+00 5.199042877469047669e-02 1.316761332874392343e+00 6.794801478376309104e-04
8.518394648829432469e+01 3.231429876577117822e-03 3.050699280593727192e+00 4.333441682962425184e-02 1.321429871023888536e+00 6.300024574366362620e-04
8.548494983277592496e+01 3.215245644248954354e-03 3.061476471883215034e+00 3.555537582975817901e-02 1.326098409173384729e+00 5.693496233350052753e-04
8.578595317725752523e+01 3.198039055527075736e-03 3.072253663172703320e+00 2.870509567566614448e-02 1.330766947322880700e+00 4.981102937437457577e-04
8.608695652173913970e+01 3.180751916843338120e-03 3.083030854462191162e+00 2.279443340848703176e-02 1.335435485472376893e+00 4.201639668064436955e-04
8.638795986622073997e+01 3.164215322986761638e-03 3.093808045751679003e+00 1.779771073838623541e-02 1.340104023621873086e+00 3.409718659879197459e-04
8.668896321070235444e+01 3.148977470718264567e-03 3.104585237041166845e+00 1.365928787458309604e-02 1.344772561771369057e+00 2.659251427701020279e-04
8.698996655518395471e+01 3.135161228382150889e-03 3.115362428330654687e+00 1.030139315506971992e-02 1.349441099920865250e+00 1.991963704046868843e-04
8.729096989966555498e+01 3.122422903557810735e-03 3.126139619620142973e+00 7.632284270740300434e-03 1.354109638070361443e+00 1.432326766944661412e-04
8.759197324414716945e+01 3.110058045927800805e-03 3.136916810909630815e+00 5.553933454980345547e-03 1.358778176219857414e+00 9.878747400955785669e-05
8.789297658862876972e+01 3.097249372821191723e-03 3.147694002199118657e+00 3.968628847090675468e-03 1.363446714369353607e+00 6.527878753782819833e-05
8.819397993311036998e+01 3.083394694689464092e-03 3.158471193488606499e+00 2.784123084138721057e-03 1.368115252518849800e+00 4.126790428594915742e-05
8.849498327759198446e+01 3.068411906832864064e-03 3.169248384778094785e+00 1.917195864185611753e-03 1.372783790668345771e+00 2.491507608124938139e-05
8.879598662207358473e+01 3.052911770427914340e-03 3.180025576067582627e+00 1.295696812967926962e-03 1.377452328817841964e+00 1.433801513068114771e-05
8.909698996655518499e+01 3.038163195709546200e-03 3.190802767357070469e+00 8.592786252693294718e-04 1.382120866967338157e+00 7.849467246491715291e-06
8.939799331103679947e+01 3.025840694862570821e-03 3.201579958646558310e+00 5.591118532985057954e-04 1.386789405116834129e+00 4.080254659428735558e-06
8.969899665551839973e+01 3.017617699527708110e-03 3.212357149936046596e+00 3.568969105082600351e-04 1.391457943266330322e+00 2.010289980342234044e-06
9.000000000000000000e+01 3.014725850864575629e-03 3.223134341225534438e+00 2.234683803902709270e-04 1.396126481415826293e+00 9.372584785620013322e-07
