0.000000000000000000e+00 2.035917665305091005e-155 4.651185470557547275e-01 5.630718152294909692e-06 4.570591619421817686e-01 1.670200066222356545e-05
3.010033444816053727e-01 2.424441094462451136e-151 4.694638959228555897e-01 1.557893705783007206e-05 4.581933286834157792e-01 4.477319570273090987e-05
6.020066889632107454e-01 4.970603684459231729e-147 4.738092447899564519e-01 3.865602871920185242e-05 4.593274954246498454e-01 1.080458383760950008e-04
9.030100334448161181e-01 8.772486711943109626e-143 4.781545936570573696e-01 8.639975936904966682e-05 4.604616621658838560e-01 2.350087191474493377e-04
1.204013377926421491e+00 1.332761323133730807e-138 4.824999425241582318e-01 1.750812366921291935e-04 4.615958289071178666e-01 4.614973651852129102e-04
1.505016722408026864e+00 1.743002954251416435e-134 4.868452913912590940e-01 3.246901879401580481e-04 4.627299956483519328e-01 8.199918624164715189e-04
1.806020066889632236e+00 1.962275338382405907e-130 4.911906402583599562e-01 5.582048539114552958e-04 4.638641623895859434e-01 1.321975661211155246e-03
2.107023411371237387e+00 1.901681793190048647e-126 4.955359891254608184e-01 9.040445840205253063e-04 4.649983291308199540e-01 1.940721861494722417e-03
2.408026755852842982e+00 1.586469881728573400e-122 4.998813379925617362e-01 1.403014042155055876e-03 4.661324958720540201e-01 2.606207953919800497e-03
2.709030100334448576e+00 1.139309962695184695e-118 5.042266868596625429e-01 2.115632049229635228e-03 4.672666626132880308e-01 3.220773738692479272e-03
3.010033444816053727e+00 7.043167855610422258e-115 5.085720357267634606e-01 3.120911415793122673e-03 4.684008293545220414e-01 3.693770705500364591e-03
3.311036789297658878e+00 3.748092175590391975e-111 5.129173845938643783e-01 4.500705455966758084e-03 4.695349960957561075e-01 3.982490997860069736e-03
3.612040133779264472e+00 1.716993168130887451e-107 5.172627334609651850e-01 6.315868659403480259e-03 4.706691628369901181e-01 4.122014732161716905e-03
3.913043478260870067e+00 6.770846244209641164e-104 5.216080823280661027e-01 8.591285380594339618e-03 4.718033295782241288e-01 4.229229187957149992e-03
4.214046822742474774e+00 2.298441299409337636e-100 5.259534311951669094e-01 1.132300714242344582e-02 4.729374963194581949e-01 4.473458988294521342e-03
4.515050167224080369e+00 6.716452719476165479e-97 5.302987800622678272e-01 1.450272405579189176e-02 4.740716630606922055e-01 5.017633903808186788e-03
4.816053511705685963e+00 1.689517083239044095e-93 5.346441289293687449e-01 1.813992863455231308e-02 4.752058298019262161e-01 5.950178289760801702e-03
5.117056856187291558e+00 3.658485122588308214e-90 5.389894777964695516e-01 2.226676594736827497e-02 4.763399965431602823e-01 7.241860527769286744e-03
5.418060200668897153e+00 6.819555677913041524e-87 5.433348266635704693e-01 2.693124497557037103e-02 4.774741632843942929e-01 8.759408387825092998e-03
5.719063545150501859e+00 1.094276181019789619e-83 5.476801755306712760e-01 3.220042602688883565e-02 4.786083300256283035e-01 1.034121090230597992e-02
6.020066889632107454e+00 1.511519982803939448e-80 5.520255243977721937e-01 3.818796734635998558e-02 4.797424967668623697e-01 1.190178509811190555e-02
6.321070234113713049e+00 1.797284879042547526e-77 5.563708732648731115e-01 4.509146987366253329e-02 4.808766635080963803e-01 1.350667854022371932e-02
6.622073578595317755e+00 1.839653489130779644e-74 5.607162221319739182e-01 5.319901454568001786e-02 4.820108302493304464e-01 1.536779089804217804e-02
6.923076923076923350e+00 1.620955965651046712e-71 5.650615709990748359e-01 6.283259760153213358e-02 4.831449969905644570e-01 1.774946305236119876e-02
7.224080267558528945e+00 1.229482882297251698e-68 5.694069198661757536e-01 7.424514238161766810e-02 4.842791637317984677e-01 2.082728596099586715e-02
7.525083612040134540e+00 8.027676023212586890e-66 5.737522687332765603e-01 8.753916972161579491e-02 4.854133304730324783e-01 2.457541958885043828e-02
7.826086956521740134e+00 4.512043409015988235e-63 5.780976176003774780e-01 1.026730982834393319e-01 4.865474972142665444e-01 2.875048085472843573e-02
8.127090301003345729e+00 2.183095746159120830e-60 5.824429664674782847e-01 1.195521111304115869e-01 4.876816639555005550e-01 3.298805660564704811e-02
8.428093645484949548e+00 9.092606166192559802e-58 5.867883153345792024e-01 1.381229884889693948e-01 4.888158306967346212e-01 3.696147079252423695e-02
8.729096989966555142e+00 3.260018482159435470e-55 5.911336642016800091e-01 1.583879674476895150e-01 4.899499974379686318e-01 4.051903905909633868e-02
9.030100334448160737e+00 1.006161812633960875e-52 5.954790130687809269e-01 1.803372239947513000e-01 4.910841641792026424e-01 4.373795534014609382e-02
9.331103678929766332e+00 2.673201449277524117e-50 5.998243619358818446e-01 2.038916838693730360e-01 4.922183309204366530e-01 4.688298754456319412e-02
9.632107023411371927e+00 6.113805800846345901e-48 6.041697108029826513e-01 2.289484218060277576e-01 4.933524976616707192e-01 5.029374413660563786e-02
9.933110367892977521e+00 1.203670709849275148e-45 6.085150596700835690e-01 2.555239355789332145e-01 4.944866644029047298e-01 5.423917352100374178e-02
1.023411371237458312e+01 2.039951569246703466e-43 6.128604085371844867e-01 2.838919620756439888e-01 4.956208311441387959e-01 5.879490226330537361e-02
1.053511705685618871e+01 2.976104307588645210e-41 6.172057574042852934e-01 3.146014549969274876e-01 4.967549978853728065e-01 6.381380910177358867e-02
1.083612040133779431e+01 3.737598016577200949e-39 6.215511062713862112e-01 3.483315690632365347e-01 4.978891646266068172e-01 6.903193678086128049e-02
1.113712374581939812e+01 4.040668468985254386e-37 6.258964551384870179e-01 3.856287968963096335e-01 4.990233313678408833e-01 7.426739278744026729e-02
1.143812709030100372e+01 3.760365724296265860e-35 6.302418040055879356e-01 4.266343636346229262e-01 5.001574981090748384e-01 7.958854610813323460e-02
1.173913043478260931e+01 3.012473743262116611e-33 6.345871528726887423e-01 4.709377528635765864e-01 5.012916648503089601e-01 8.532977753640481888e-02
1.204013377926421491e+01 2.077461060959581910e-31 6.389325017397896600e-01 5.176650009156938959e-01 5.024258315915429707e-01 9.193144422866314502e-02
1.234113712374582050e+01 1.233272734799079238e-29 6.432778506068905777e-01 5.658075090427198139e-01 5.035599983327769813e-01 9.970349742272845150e-02
1.264214046822742610e+01 6.302346144406778011e-28 6.476231994739913844e-01 6.146552934805595836e-01 5.046941650740109919e-01 1.086661896556158080e-01
1.294314381270903169e+01 2.772443223969573497e-26 6.519685483410923021e-01 6.641131246942409971e-01 5.058283318152450025e-01 1.185673314226250857e-01
1.324414715719063551e+01 1.049883138799495704e-24 6.563138972081932199e-01 7.147199979797705938e-01 5.069624985564791242e-01 1.290561713786578246e-01
1.354515050167224111e+01 3.422457460406687325e-23 6.606592460752940266e-01 7.673437787698377255e-01 5.080966652977131348e-01 1.399007705982281413e-01
1.384615384615384670e+01 9.604069974938161780e-22 6.650045949423949443e-01 8.226994538535349344e-01 5.092308320389471454e-01 1.511338244243763118e-01
1.414715719063545230e+01 2.320036271386842635e-20 6.693499438094957510e-01 8.809472897977729255e-01 5.103649987801811561e-01 1.630807321137892618e-01
1.444816053511705789e+01 4.824579891305082499e-19 6.736952926765966687e-01 9.415959091038597073e-01 5.114991655214151667e-01 1.762845263685668407e-01
1.474916387959866348e+01 8.636824633173770582e-18 6.780406415436974754e-01 1.003756991126855125e+00 5.126333322626491773e-01 1.913532244424188677e-01
1.505016722408026908e+01 1.331022758441630553e-16 6.823859904107983931e-01 1.066574186646592537e+00 5.137674990038831879e-01 2.087557847491560148e-01
1.535117056856187467e+01 1.765891488752802738e-15 6.867313392778993109e-01 1.129550099658679141e+00 5.149016657451173096e-01 2.286324545327824698e-01
1.565217391304348027e+01 2.016997074042801356e-14 6.910766881450001176e-01 1.192611906158143276e+00 5.160358324863513202e-01 2.507319530495207838e-01
1.595317725752508409e+01 1.983501912192394959e-13 6.954220370121010353e-01 1.255984678332805249e+00 5.171699992275853308e-01 2.745534463504063494e-01
1.625418060200669146e+01 1.679504542365469352e-12 6.997673858792019530e-01 1.320066973035588287e+00 5.183041659688193414e-01 2.996347493343569646e-01
1.655518394648829528e+01 1.224626535336793758e-11 7.041127347463027597e-01 1.385417244889472377e+00 5.194383327100533521e-01 3.257989949343524372e-01
1.685618729096989910e+01 7.690937175924364972e-11 7.084580836134036774e-01 1.452774177057712723e+00 5.205724994512874737e-01 3.531898692385968541e-01
1.715719063545150647e+01 4.161280260085397864e-10 7.128034324805044841e-01 1.522951805832820416e+00 5.217066661925214843e-01 3.820938270512481139e-01
1.745819397993311028e+01 1.940553490528059199e-09 7.171487813476054018e-01 1.596541930590555047e+00 5.228408329337554949e-01 4.127054964503241719e-01
1.775919732441471766e+01 7.804483191795122821e-09 7.214941302147062085e-01 1.673517370493073031e+00 5.239749996749895056e-01 4.449904506005480931e-01
1.806020066889632147e+01 2.709487650923519767e-08 7.258394790818071263e-01 1.752938788738658493e+00 5.251091664162235162e-01 4.786771611239313828e-01
1.836120401337792885e+01 8.131373294319861278e-08 7.301848279489080440e-01 1.832987802677014111e+00 5.262433331574575268e-01 5.133298751978576657e-01
1.866220735785953266e+01 2.113938676805028163e-07 7.345301768160088507e-01 1.911456119212475491e+00 5.273774998986915374e-01 5.484709548412946001e-01
1.896321070234114003e+01 4.775926146465613019e-07 7.388755256831097684e-01 1.986573424277460420e+00 5.285116666399256591e-01 5.837255836380007556e-01
1.926421404682274385e+01 9.422164163921335835e-07 7.432208745502106861e-01 2.057740453828262872e+00 5.296458333811596697e-01 6.188959695357586499e-01
1.956521739130434767e+01 1.635036248585611055e-06 7.475662234173114928e-01 2.125629696105435062e+00 5.307800001223936803e-01 6.538671932249030538e-01
1.986622073578595504e+01 2.523054956108287348e-06 7.519115722844122995e-01 2.191454152472385175e+00 5.319141668636276910e-01 6.884136420787352328e-01
2.016722408026755886e+01 3.518394835086406742e-06 7.562569211515133283e-01 2.255819454626762699e+00 5.330483336048617016e-01 7.221517122810722222e-01
2.046822742474916623e+01 4.535835754413450063e-06 7.606022700186141350e-01 2.317947468643378528e+00 5.341825003460958232e-01 7.547965196974908419e-01
2.076923076923077005e+01 5.565202113990434811e-06 7.649476188857149417e-01 2.375809853106005676e+00 5.353166670873298338e-01 7.865583694582551910e-01
2.107023411371237742e+01 6.698632095143075484e-06 7.692929677528158594e-01 2.427023631306287843e+00 5.364508338285638445e-01 8.183355550296035341e-01
2.137123745819398124e+01 8.076904126808004687e-06 7.736383166199167771e-01 2.469842626475863057e+00 5.375850005697978551e-01 8.515602256625133260e-01
2.167224080267558861e+01 9.772631323332006900e-06 7.779836654870175838e-01 2.503654934918277952e+00 5.387191673110318657e-01 8.878809332108744679e-01
2.197324414715719243e+01 1.167515136998021080e-05 7.823290143541185016e-01 2.528906942299150806e+00 5.398533340522658763e-01 9.289086187809886264e-01
2.227424749163879625e+01 1.345993853920193500e-05 7.866743632212194193e-01 2.546783668406738865e+00 5.409875007934999980e-01 9.760165716990190088e-01
2.257525083612040362e+01 1.469529871971916808e-05 7.910197120883202260e-01 2.558949138005563118e+00 5.421216675347340086e-01 1.030071057549362123e+00
2.287625418060200744e+01 1.505456624946387643e-05 7.953650609554210327e-01 2.567352065591669952e+00 5.432558342759680192e-01 1.091178975442825605e+00
2.317725752508361481e+01 1.451267102063756116e-05 7.997104098225220614e-01 2.573922891938573709e+00 5.443900010172020298e-01 1.158757414966757882e+00
2.347826086956521863e+01 1.339783934741309667e-05 8.040557586896228681e-01 2.580095151791038877e+00 5.455241677584360405e-01 1.232058901209760915e+00
2.377926421404682600e+01 1.226045340195786257e-05 8.084011075567236748e-01 2.586317964431634753e+00 5.466583344996700511e-01 1.310823371352195954e+00
2.408026755852842982e+01 1.162872823489855952e-05 8.127464564238245925e-01 2.591858823243966103e+00 5.477925012409041727e-01 1.395496783955175957e+00
2.438127090301003363e+01 1.177496039298977433e-05 8.170918052909255103e-01 2.595131223585578351e+00 5.489266679821381834e-01 1.486772110237294164e+00
2.468227424749164101e+01 1.263052255458377754e-05 8.214371541580263170e-01 2.594535973709825694e+00 5.500608347233721940e-01 1.584789915826920303e+00
2.498327759197324482e+01 1.396350831688963310e-05 8.257825030251272347e-01 2.589477319688104462e+00 5.511950014646062046e-01 1.688618330646494581e+00
2.528428093645485220e+01 1.581168486505999640e-05 8.301278518922281524e-01 2.581019678035633813e+00 5.523291682058402152e-01 1.796376537984117006e+00
2.558528428093645601e+01 1.896847853022589394e-05 8.344732007593289591e-01 2.571795973472828845e+00 5.534633349470743369e-01 1.905859426952242863e+00
2.588628762541806339e+01 2.521498491395475161e-05 8.388185496264297658e-01 2.565212314643569247e+00 5.545975016883083475e-01 2.015218032681784788e+00
2.618729096989966720e+01 3.709408005746033643e-05 8.431638984935307946e-01 2.564387234104082758e+00 5.557316684295423581e-01 2.123332221066156489e+00
2.648829431438127102e+01 5.725891244048095225e-05 8.475092473606316013e-01 2.571331302727257739e+00 5.568658351707763687e-01 2.229821447337429596e+00
2.678929765886287839e+01 8.763256031810706117e-05 8.518545962277324080e-01 2.586629985728721604e+00 5.580000019120103794e-01 2.334911041835361800e+00
2.709030100334448221e+01 1.286992584039497360e-04 8.561999450948333257e-01 2.609567997598968958e+00 5.591341686532443900e-01 2.439421503767970290e+00
2.739130434782608958e+01 1.792373835473113481e-04 8.605452939619342434e-01 2.638438592560278906e+00 5.602683353944784006e-01 2.544937731565535710e+00
2.769230769230769340e+01 2.367332308468360705e-04 8.648906428290350501e-01 2.670801634985363382e+00 5.614025021357125222e-01 2.653901458040990313e+00
2.799331103678930077e+01 2.984800454661228931e-04 8.692359916961359678e-01 2.703642958655612105e+00 5.625366688769465329e-01 2.769272037972764000e+00
2.829431438127090459e+01 3.629197138452632952e-04 8.735813405632368855e-01 2.733582920203520672e+00 5.636708356181805435e-01 2.893714590512217910e+00
2.859531772575251196e+01 4.305311261013612342e-04 8.779266894303376922e-01 2.757304089160375504e+00 5.648050023594145541e-01 3.028762547068757804e+00
2.889632107023411578e+01 5.039812561188532561e-04 8.822720382974386100e-01 2.772185211658734438e+00 5.659391691006485647e-01 3.174533838125566110e+00
2.919732441471571960e+01 5.878606394427154111e-04 8.866173871645395277e-01 2.776913868152311782e+00 5.670733358418826864e-01 3.330128295092961821e+00
2.949832775919732697e+01 6.881863166739771078e-04 8.909627360316403344e-01 2.771805536370523626e+00 5.682075025831166970e-01 3.494222262696741410e+00
2.979933110367893079e+01 8.113820529582168369e-04 8.953080848987411411e-01 2.758685988240110465e+00 5.693416693243507076e-01 3.665257144493314190e+00
3.010033444816053816e+01 9.629736733333753816e-04 8.996534337658420588e-01 2.740331307909064762e+00 5.704758360655847182e-01 3.841121242917884260e+00
3.040133779264214198e+01 1.147297427078257989e-03 9.039987826329429765e-01 2.719539249007842940e+00 5.716100028068187289e-01 4.018805955043087685e+00
3.070234113712374935e+01 1.368962938774624704e-03 9.083441315000437832e-01 2.698058720062164184e+00 5.727441695480527395e-01 4.194600343742052928e+00
3.100334448160535317e+01 1.634619632609106074e-03 9.126894803671447010e-01 2.675866409936023427e+00 5.738783362892867501e-01 4.364972483345971987e+00
3.130434782608696054e+01 1.952848254778744626e-03 9.170348292342456187e-01 2.651341907825610189e+00 5.750125030305208718e-01 4.527824563736268182e+00
3.160535117056856436e+01 2.332444221212629735e-03 9.213801781013464254e-01 2.622423750821701205e+00 5.761466697717548824e-01 4.683628735655832820e+00
3.190635451505016817e+01 2.781944530682307730e-03 9.257255269684473431e-01 2.588055419492361064e+00 5.772808365129888930e-01 4.835997259630592460e+00
3.220735785953177555e+01 3.311880771153636292e-03 9.300708758355482608e-01 2.548894547430926139e+00 5.784150032542229036e-01 4.991341276212895472e+00
3.250836120401338292e+01 3.936892536170685970e-03 9.344162247026490675e-01 2.506807850529843673e+00 5.795491699954569143e-01 5.157433113280897707e+00
3.280936454849498318e+01 4.673114688946021673e-03 9.387615735697498742e-01 2.463657540935036749e+00 5.806833367366910359e-01 5.341026934938050807e+00
3.311036789297659055e+01 5.530231851807343446e-03 9.431069224368507919e-01 2.420379927369256112e+00 5.818175034779250465e-01 5.545185587503805635e+00
3.341137123745819792e+01 6.503547392506621103e-03 9.474522713039517097e-01 2.376957754191281857e+00 5.829516702191590571e-01 5.767350810675512918e+00
3.371237458193979819e+01 7.573055824852042116e-03 9.517976201710525164e-01 2.333084658961271707e+00 5.840858369603930678e-01 5.999172070860545602e+00
3.401337792642140556e+01 8.711847762157989492e-03 9.561429690381534341e-01 2.288880277504192318e+00 5.852200037016270784e-01 6.228562203061609459e+00
3.431438127090301293e+01 9.899056631913569909e-03 9.604883179052543518e-01 2.245177799351810055e+00 5.863541704428610890e-01 6.443552288898691138e+00
3.461538461538462030e+01 1.112877096929288517e-02 9.648336667723551585e-01 2.203315425864284194e+00 5.874883371840950996e-01 6.636647063010830294e+00
3.491638795986622057e+01 1.240913693904044206e-02 9.691790156394560762e-01 2.164632597674470471e+00 5.886225039253292213e-01 6.807927093219949377e+00
3.521739130434782794e+01 1.375356617562609358e-02 9.735243645065568829e-01 2.129947824139495793e+00 5.897566706665632319e-01 6.965378411950145399e+00
3.551839464882943531e+01 1.517225724115964409e-02 9.778697133736578007e-01 2.099266718467583726e+00 5.908908374077972425e-01 7.121925887183468085e+00
3.581939799331104268e+01 1.667086740454868168e-02 9.822150622407587184e-01 2.071829000325598358e+00 5.920250041490312531e-01 7.290153178815219626e+00
3.612040133779264295e+01 1.825494885471214135e-02 9.865604111078595251e-01 2.046370602754120416e+00 5.931591708902652638e-01 7.477032632143294499e+00
3.642140468227425032e+01 1.993226187804734290e-02 9.909057599749604428e-01 2.021349045732985683e+00 5.942933376314993854e-01 7.681265848701351651e+00
3.672240802675585769e+01 2.170721590656906133e-02 9.952511088420612495e-01 1.995021732880542409e+00 5.954275043727333960e-01 7.894590458531061117e+00
3.702341137123745796e+01 2.357003007566666614e-02 9.995964577091621672e-01 1.965527682381562391e+00 5.965616711139674067e-01 8.106235396916504854e+00
3.732441471571906533e+01 2.548970893990150366e-02 1.003941806576263085e+00 1.931179729829940683e+00 5.976958378552014173e-01 8.308031540901874124e+00
3.762541806020067270e+01 2.741862993997170803e-02 1.008287155443363892e+00 1.890945034267780045e+00 5.988300045964354279e-01 8.497628034640300143e+00
3.792642140468228007e+01 2.930738441482377485e-02 1.012632504310464920e+00 1.844842791214260869e+00 5.999641713376695495e-01 8.678647506093286168e+00
3.822742474916388034e+01 3.111901245899447582e-02 1.016977853177565727e+00 1.793989587827071075e+00 6.010983380789034491e-01 8.858214878960252392e+00
3.852842809364548771e+01 3.283247780246320580e-02 1.021323202044666534e+00 1.740241706704465319e+00 6.022325048201375708e-01 9.043128797060445478e+00
3.882943143812709508e+01 3.443669150203614027e-02 1.025668550911767340e+00 1.685593029952122901e+00 6.033666715613715814e-01 9.236080346631181826e+00
3.913043478260869534e+01 3.592526423647469935e-02 1.030013899778868147e+00 1.631567362300269552e+00 6.045008383026055920e-01 9.433318776732226851e+00
3.943143812709030271e+01 3.729817350096218537e-02 1.034359248645969176e+00 1.578841241728513367e+00 6.056350050438396027e-01 9.624996894410676518e+00
3.973244147157191009e+01 3.856672074345170870e-02 1.038704597513069983e+00 1.527273705799596426e+00 6.067691717850736133e-01 9.798509303815977844e+00
4.003344481605351746e+01 3.975524891646603498e-02 1.043049946380171011e+00 1.476341377343412420e+00 6.079033385263077349e-01 9.943455147459868471e+00
4.033444816053511772e+01 4.089714934487641285e-02 1.047395295247271818e+00 1.425706969010487768e+00 6.090375052675417455e-01 1.005558277499869924e+01
4.063545150501672509e+01 4.202521725253520468e-02 1.051740644114372625e+00 1.375512011398460022e+00 6.101716720087757562e-01 1.013750351453264820e+01
4.093645484949833246e+01 4.315678344772985731e-02 1.056085992981473431e+00 1.326191776837390757e+00 6.113058387500097668e-01 1.019599340383877184e+01
4.123745819397993273e+01 4.427872524839027157e-02 1.060431341848574238e+00 1.278042946552570225e+00 6.124400054912437774e-01 1.023777532908806442e+01
4.153846153846154010e+01 4.534438470271183463e-02 1.064776690715675267e+00 1.231013275885888936e+00 6.135741722324778991e-01 1.026628844836844756e+01
4.183946488294314747e+01 4.629167175369359316e-02 1.069122039582776296e+00 1.184948736059760144e+00 6.147083389737117987e-01 1.028097205064551289e+01
4.214046822742475484e+01 4.707577942600704030e-02 1.073467388449877102e+00 1.140041425538243169e+00 6.158425057149459203e-01 1.027902826212504372e+01
4.244147157190635511e+01 4.769515563171157491e-02 1.077812737316977909e+00 1.096979464283020622e+00 6.169766724561799309e-01 1.025849111093797106e+01
4.274247491638796248e+01 4.819198675586862379e-02 1.082158086184078716e+00 1.056567330456116949e+00 6.181108391974139415e-01 1.022104714978579842e+01
4.304347826086956985e+01 4.862805570890770673e-02 1.086503435051179522e+00 1.019105270740752189e+00 6.192450059386479522e-01 1.017328867029763906e+01
4.334448160535117722e+01 4.905545017201180108e-02 1.090848783918280551e+00 9.840875726391140610e-01 6.203791726798819628e-01 1.012575497972043870e+01
4.364548494983277749e+01 4.950055332206766689e-02 1.095194132785381358e+00 9.505329951133899558e-01 6.215133394211160844e-01 1.009005438183489467e+01
4.394648829431438486e+01 4.996145792509427280e-02 1.099539481652482387e+00 9.177035638634968295e-01 6.226475061623500951e-01 1.007522998934151914e+01
4.424749163879599223e+01 5.040771131217158807e-02 1.103884830519583193e+00 8.856092290521678789e-01 6.237816729035841057e-01 1.008490058332820460e+01
4.454849498327759250e+01 5.078132297767121162e-02 1.108230179386684000e+00 8.548820550272281382e-01 6.249158396448181163e-01 1.011632261556956536e+01
4.484949832775919987e+01 5.101055820192730572e-02 1.112575528253784807e+00 8.261579510216994215e-01 6.260500063860521269e-01 1.016156974644356659e+01
4.515050167224080724e+01 5.103957663007075568e-02 1.116920877120885613e+00 7.994841361340804253e-01 6.271841731272862486e-01 1.021008651552988589e+01
4.545150501672241461e+01 5.085655832369764817e-02 1.121266225987986642e+00 7.741492781653401822e-01 6.283183398685202592e-01 1.025149893883812879e+01
4.575250836120401488e+01 5.049852930911143817e-02 1.125611574855087449e+00 7.489336082241084824e-01 6.294525066097542698e-01 1.027783937995669561e+01
4.605351170568562225e+01 5.002887901809639770e-02 1.129956923722188478e+00 7.225396716747402026e-01 6.305866733509882804e-01 1.028483637496673531e+01
4.635451505016722962e+01 4.950334713627643074e-02 1.134302272589289284e+00 6.940093690558386541e-01 6.317208400922222911e-01 1.027217312992467768e+01
4.665551839464882988e+01 4.894430383928666944e-02 1.138647621456390091e+00 6.630270015095196534e-01 6.328550068334563017e-01 1.024263112510777063e+01
4.695652173913043725e+01 4.833378942814097606e-02 1.142992970323490898e+00 6.300027576565367937e-01 6.339891735746903123e-01 1.020018664160453348e+01
4.725752508361204463e+01 4.762594739929016524e-02 1.147338319190591704e+00 5.958624599283457446e-01 6.351233403159244340e-01 1.014762665905401207e+01
4.755852842809365200e+01 4.677447402029186879e-02 1.151683668057692733e+00 5.616550488637633842e-01 6.362575070571584446e-01 1.008478113315392122e+01
4.785953177257525226e+01 4.576495032181054912e-02 1.156029016924793762e+00 5.282545884394035385e-01 6.373916737983924552e-01 1.000844862078553454e+01
4.816053511705685963e+01 4.463443628440397215e-02 1.160374365791894569e+00 4.963308297399398050e-01 6.385258405396264658e-01 9.914260562223210727e+00
4.846153846153846700e+01 4.346277198703223793e-02 1.164719714658995375e+00 4.664616835821684404e-01 6.396600072808604764e-01 9.799493691994975109e+00
4.876254180602006727e+01 4.233773022956063142e-02 1.169065063526096182e+00 4.391135201009834788e-01 6.407941740220945981e-01 9.665080838602118973e+00
4.906354515050167464e+01 4.131575037339679790e-02 1.173410412393196989e+00 4.144104407614073726e-01 6.419283407633286087e-01 9.515500860200356570e+00
4.936454849498328201e+01 4.040306286865417290e-02 1.177755761260298017e+00 3.919260411822987900e-01 6.430625075045626193e-01 9.356705673375417476e+00
4.966555183946488938e+01 3.956706017766874889e-02 1.182101110127398824e+00 3.707880183790997486e-01 6.441966742457966300e-01 9.193655659381670731e+00
4.996655518394648965e+01 3.876761798142667331e-02 1.186446458994499853e+00 3.501089110989887287e-01 6.453308409870306406e-01 9.029154495608626263e+00
5.026755852842809702e+01 3.798556600072817285e-02 1.190791807861600660e+00 3.294404839139290497e-01 6.464650077282647622e-01 8.864368929143457976e+00
5.056856187290970439e+01 3.722828506136898613e-02 1.195137156728701466e+00 3.089175802942509819e-01 6.475991744694986618e-01 8.699919873085860900e+00
5.086956521739130466e+01 3.651068233206459374e-02 1.199482505595802273e+00 2.890203592999513460e-01 6.487333412107327835e-01 8.536148855985560502e+00
5.117056856187291203e+01 3.583104592012548162e-02 1.203827854462903080e+00 2.701749030061504353e-01 6.498675079519667941e-01 8.372259527636266796e+00
5.147157190635451940e+01 3.516572421683580862e-02 1.208173203330004108e+00 2.524910351737731373e-01 6.510016746932008047e-01 8.205327456629950333e+00
5.177257525083612677e+01 3.448738533678961937e-02 1.212518552197104915e+00 2.357896111712734222e-01 6.521358414344348153e-01 8.030415631480734007e+00
5.207357859531772704e+01 3.378667881862006117e-02 1.216863901064205944e+00 2.198502679748428612e-01 6.532700081756688260e-01 7.842107728049147575e+00
5.237458193979933441e+01 3.307321866411021966e-02 1.221209249931306751e+00 2.046677811865477148e-01 6.544041749169029476e-01 7.636640739781333842e+00
5.267558528428094178e+01 3.235485673192717987e-02 1.225554598798407557e+00 1.905151768973419868e-01 6.555383416581369582e-01 7.413487620371506992e+00
5.297658862876254204e+01 3.161951387050473267e-02 1.229899947665508364e+00 1.777603327441199532e-01 6.566725083993709688e-01 7.175820446701509425e+00
5.327759197324414941e+01 3.084223845646378442e-02 1.234245296532609171e+00 1.665700834059400948e-01 6.578066751406049795e-01 6.930032409523187553e+00
5.357859531772575679e+01 3.001306016725329914e-02 1.238590645399710199e+00 1.567231476656158751e-01 6.589408418818389901e-01 6.684708495267764228e+00
5.387959866220736416e+01 2.915924088576337878e-02 1.242935994266811228e+00 1.476708979465616023e-01 6.600750086230731117e-01 6.449191608477719662e+00
5.418060200668896442e+01 2.834070134972906801e-02 1.247281343133912035e+00 1.388032710114405488e-01 6.612091753643070113e-01 6.231806944559999728e+00
5.448160535117057179e+01 2.762013719998913583e-02 1.251626692001012842e+00 1.297441108815501620e-01 6.623433421055411330e-01 6.038129601012535375e+00
5.478260869565217916e+01 2.702708871968615909e-02 1.255972040868113648e+00 1.205050072152254320e-01 6.634775088467751436e-01 5.869949205158473404e+00
5.508361204013378654e+01 2.653781999822730359e-02 1.260317389735214455e+00 1.114346623246802587e-01 6.646116755880091542e-01 5.725310206695584547e+00
5.538461538461538680e+01 2.608301172856245312e-02 1.264662738602315484e+00 1.030154142800182859e-01 6.657458423292431648e-01 5.599392760651296541e+00
5.568561872909699417e+01 2.557941897590004093e-02 1.269008087469416290e+00 9.561803130503326864e-02 6.668800090704771755e-01 5.485689326107912933e+00
5.598662207357860154e+01 2.496830996324682708e-02 1.273353436336517319e+00 8.932889543833559542e-02 6.680141758117112971e-01 5.377139809687121463e+00
5.628762541806020181e+01 2.424049031784165226e-02 1.277698785203618126e+00 8.392617283485488688e-02 6.691483425529453077e-01 5.267167626888537235e+00
5.658862876254180918e+01 2.343568659803351231e-02 1.282044134070718933e+00 7.900902531024961428e-02 6.702825092941793184e-01 5.150511510185048714e+00
5.688963210702341655e+01 2.261768374047350497e-02 1.286389482937819739e+00 7.419753831956250878e-02 6.714166760354133290e-01 5.023596811849877497e+00
5.719063545150502392e+01 2.184008895945470374e-02 1.290734831804920546e+00 6.927868794932605379e-02 6.725508427766473396e-01 4.884376786843093399e+00
5.749163879598662419e+01 2.112398440163628863e-02 1.295080180672021575e+00 6.422278984137227975e-02 6.736850095178814612e-01 4.731998752354524385e+00
5.779264214046823156e+01 2.046080321658151624e-02 1.299425529539122603e+00 5.910236923617110533e-02 6.748191762591153608e-01 4.566729752105885609e+00
5.809364548494983893e+01 1.983430309329331856e-02 1.303770878406223410e+00 5.401153029104033970e-02 6.759533430003494825e-01 4.390095856894445703e+00
5.839464882943143920e+01 1.924091825471101191e-02 1.308116227273324217e+00 4.904856152288399052e-02 6.770875097415834931e-01 4.204716691499307935e+00
5.869565217391304657e+01 1.869198758837187224e-02 1.312461576140425024e+00 4.433810265061235295e-02 6.782216764828175037e-01 4.013526258189709317e+00
5.899665551839465394e+01 1.819919699937896929e-02 1.316806925007525830e+00 4.003157361972173311e-02 6.793558432240515144e-01 3.818826536010495154e+00
5.929765886287626131e+01 1.775808394130816079e-02 1.321152273874626859e+00 3.626648200853284376e-02 6.804900099652855250e-01 3.622040677511477735e+00
5.959866220735786158e+01 1.734313695987325585e-02 1.325497622741727666e+00 3.312199987220800640e-02 6.816241767065196466e-01 3.424513281286898359e+00
5.989966555183946895e+01 1.691671396491002677e-02 1.329842971608828694e+00 3.061020267393737074e-02 6.827583434477536573e-01 3.228681845900408742e+00
6.020066889632107632e+01 1.644369086200896807e-02 1.334188320475929501e+00 2.869760524023536041e-02 6.838925101889876679e-01 3.038481938895770007e+00
6.050167224080267658e+01 1.590146939185225344e-02 1.338533669343030308e+00 2.732135403246407218e-02 6.850266769302216785e-01 2.858482426155331435e+00
6.080267558528428395e+01 1.528103424781932645e-02 1.342879018210131115e+00 2.638079162471034314e-02 6.861608436714556891e-01 2.692353754905099983e+00
6.110367892976589133e+01 1.458348031013854962e-02 1.347224367077231921e+00 2.572149680086064857e-02 6.872950104126898108e-01 2.541736950902920178e+00
6.140468227424749870e+01 1.381966314428677983e-02 1.351569715944332950e+00 2.514372978560122998e-02 6.884291771539238214e-01 2.406039538282700896e+00
6.170568561872909896e+01 1.301504748078257875e-02 1.355915064811433757e+00 2.444925681235838796e-02 6.895633438951578320e-01 2.282881007994524758e+00
6.200668896321070633e+01 1.221334797144154119e-02 1.360260413678534785e+00 2.350825167409664740e-02 6.906975106363918426e-01 2.168725812905921035e+00
6.230769230769231370e+01 1.147057143001752565e-02 1.364605762545635592e+00 2.230616721597056956e-02 6.918316773776258533e-01 2.059634968578807346e+00
6.260869565217392108e+01 1.083809229786411414e-02 1.368951111412736399e+00 2.093561318634451496e-02 6.929658441188598639e-01 1.952275544713641287e+00
6.290969899665552134e+01 1.034262836226802762e-02 1.373296460279837206e+00 1.953077470080031436e-02 6.941000108600938745e-01 1.844975194095825444e+00
6.321070234113712871e+01 9.974403693087521144e-03 1.377641809146938012e+00 1.818173461391832738e-02 6.952341776013279961e-01 1.738195870447731384e+00
6.351170568561873608e+01 9.690730943403001382e-03 1.381987158014039041e+00 1.688340442658404356e-02 6.963683443425620068e-01 1.633982138074328017e+00
6.381270903010033635e+01 9.434370574835907255e-03 1.386332506881140070e+00 1.555270347034059912e-02 6.975025110837960174e-01 1.534649825491320563e+00
6.411371237458195083e+01 9.158535105363831141e-03 1.390677855748240876e+00 1.410080464237197830e-02 6.986366778250300280e-01 1.441530232707731507e+00
6.441471571906355109e+01 8.846472801653395765e-03 1.395023204615341683e+00 1.250815166616378420e-02 6.997708445662640386e-01 1.354479562588542185e+00
6.471571906354515136e+01 8.515446668798710289e-03 1.399368553482442490e+00 1.084891253260764944e-02 7.009050113074981603e-01 1.272275576712300627e+00
6.501672240802676583e+01 8.202649179581448027e-03 1.403713902349543297e+00 9.250934803292686429e-03 7.020391780487321709e-01 1.193480555674875099e+00
6.531772575250836610e+01 7.940661085464159955e-03 1.408059251216644325e+00 7.825613339752981318e-03 7.031733447899661815e-01 1.117186611577060562e+00
6.561872909698996637e+01 7.736467853196302147e-03 1.412404600083745132e+00 6.619494185741679054e-03 7.043075115312001921e-01 1.043254919324112739e+00
6.591973244147158084e+01 7.566015367242683899e-03 1.416749948950846161e+00 5.614795646435945253e-03 7.054416782724342028e-01 9.720214754973920401e-01
6.622073578595318111e+01 7.386640136899259163e-03 1.421095297817946967e+00 4.765802078719703037e-03 7.065758450136683244e-01 9.037672068466966468e-01
6.652173913043478137e+01 7.158974678286950284e-03 1.425440646685047774e+00 4.037081235715389571e-03 7.077100117549022240e-01 8.383654555458771584e-01
6.682274247491639585e+01 6.865022603471626975e-03 1.429785995552148581e+00 3.418503380810360495e-03 7.088441784961363457e-01 7.753467526791636422e-01
6.712374581939799612e+01 6.512600923346046657e-03 1.434131344419249388e+00 2.915646838371660759e-03 7.099783452373703563e-01 7.142855902220583975e-01
6.742474916387959638e+01 6.125814113183449851e-03 1.438476693286350416e+00 2.531399296818250249e-03 7.111125119786043669e-01 6.551888588215533105e-01
6.772575250836121086e+01 5.730222023565992133e-03 1.442822042153451223e+00 2.255668037903407579e-03 7.122466787198383775e-01 5.986172722317901762e-01
6.802675585284281112e+01 5.343017029215336132e-03 1.447167391020552252e+00 2.068614296833848169e-03 7.133808454610723881e-01 5.455033328283451777e-01
6.832775919732442560e+01 4.972102767166391123e-03 1.451512739887653058e+00 1.949805949879953541e-03 7.145150122023065098e-01 4.968165766711379328e-01
6.862876254180602587e+01 4.620465753037142007e-03 1.455858088754753865e+00 1.881976375914421167e-03 7.156491789435404094e-01 4.532529691606086431e-01
6.892976588628762613e+01 4.290430878955905913e-03 1.460203437621854672e+00 1.846065602188364744e-03 7.167833456847745310e-01 4.150484459871242038e-01
6.923076923076924061e+01 3.985557248420672737e-03 1.464548786488955479e+00 1.815161778994451008e-03 7.179175124260085417e-01 3.819450448511103047e-01
6.953177257525084087e+01 3.710750971971896271e-03 1.468894135356056285e+00 1.757193464259289642e-03 7.190516791672425523e-01 3.533064260754599228e-01
6.983277591973244114e+01 3.471143081332144463e-03 1.473239484223157536e+00 1.647437652047869334e-03 7.201858459084766739e-01 3.283468120984413541e-01
7.013377926421405562e+01 3.269457100127111816e-03 1.477584833090258343e+00 1.481579981172887091e-03 7.213200126497105735e-01 3.063758886340348653e-01
7.043478260869565588e+01 3.102513928885522639e-03 1.481930181957359149e+00 1.278774043389382465e-03 7.224541793909446952e-01 2.869218255480937563e-01
7.073578595317725615e+01 2.959553264009410871e-03 1.486275530824459956e+00 1.072379624066865716e-03 7.235883461321787058e-01 2.696528328291328824e-01
7.103678929765887062e+01 2.825033468060370208e-03 1.490620879691560763e+00 8.951146454422120695e-04 7.247225128734127164e-01 2.541658097181939691e-01
7.133779264214047089e+01 2.685094799914396289e-03 1.494966228558661570e+00 7.676166738179858277e-04 7.258566796146468381e-01 2.398291622077252938e-01
7.163879598662208537e+01 2.533163513564258996e-03 1.499311577425762820e+00 6.950443278269254586e-04 7.269908463558807377e-01 2.258418695977493229e-01
7.193979933110368563e+01 2.370762777796802442e-03 1.503656926292863627e+00 6.705407045384683242e-04 7.281250130971148593e-01 2.115128281128049736e-01
7.224080267558528590e+01 2.204095880685309067e-03 1.508002275159964434e+00 6.812652446024498572e-04 7.292591798383488699e-01 1.965936645488852164e-01
7.254180602006690037e+01 2.040163485464758890e-03 1.512347624027065240e+00 7.131137018998475168e-04 7.303933465795828806e-01 1.814374567622929757e-01
7.284280936454850064e+01 1.884928167210908438e-03 1.516692972894166047e+00 7.528957965104600804e-04 7.315275133208168912e-01 1.668490846854609744e-01
7.314381270903010090e+01 1.742912041000640490e-03 1.521038321761266854e+00 7.893982332297826750e-04 7.326616800620509018e-01 1.536866970033658741e-01
7.344481605351171538e+01 1.616623029287311050e-03 1.525383670628367661e+00 8.152957794810762084e-04 7.337958468032850234e-01 1.424419973911373039e-01
7.374581939799331565e+01 1.505786283896932498e-03 1.529729019495468911e+00 8.299444737598603294e-04 7.349300135445189230e-01 1.330445627731829394e-01
7.404682274247491591e+01 1.407808245407740980e-03 1.534074368362569718e+00 8.407104866419580057e-04 7.360641802857530447e-01 1.249802829660800613e-01
7.434782608695653039e+01 1.320082678675698956e-03 1.538419717229670525e+00 8.600783291399055576e-04 7.371983470269870553e-01 1.176043790956560475e-01
7.464882943143813065e+01 1.242453010466971824e-03 1.542765066096771331e+00 8.980207997282240980e-04 7.383325137682210659e-01 1.104278806556725917e-01
7.494983277591973092e+01 1.177251950226370497e-03 1.547110414963872138e+00 9.528411238562513796e-04 7.394666805094551876e-01 1.032241255078590048e-01
7.525083612040134540e+01 1.126456149679996117e-03 1.551455763830972945e+00 1.006630873434718543e-03 7.406008472506890872e-01 9.595665994135393895e-02
7.555183946488294566e+01 1.088564270946753079e-03 1.555801112698073752e+00 1.030662880247226352e-03 7.417350139919232088e-01 8.864243013534063576e-02
7.585284280936456014e+01 1.058212231794626026e-03 1.560146461565175002e+00 9.999726859536935998e-04 7.428691807331572194e-01 8.127145027310693493e-02
7.615384615384616041e+01 1.028704279547966666e-03 1.564491810432275809e+00 9.085268820035613275e-04 7.440033474743912301e-01 7.383112229580141017e-02
7.645484949832776067e+01 9.949589027012271329e-04 1.568837159299376616e+00 7.741008509252145188e-04 7.451375142156252407e-01 6.639288444454106985e-02
7.675585284280937515e+01 9.547993925351611587e-04 1.573182508166477422e+00 6.289911515227651151e-04 7.462716809568592513e-01 5.916887957532854930e-02
7.705685618729097541e+01 9.087922255144691413e-04 1.577527857033578229e+00 5.034030914131350145e-04 7.474058476980933730e-01 5.247031434459151211e-02
7.735785953177257568e+01 8.596625699445546286e-04 1.581873205900679036e+00 4.129855474600585053e-04 7.485400144393272726e-01 4.658288685921737476e-02
7.765886287625419016e+01 8.112341026933819884e-04 1.586218554767780287e+00 3.570274516023293123e-04 7.496741811805613942e-01 4.164950819897494938e-02
7.795986622073579042e+01 7.664323231952195527e-04 1.590563903634881093e+00 3.251176365081911903e-04 7.508083479217954048e-01 3.764555677537321371e-02
7.826086956521739069e+01 7.253068680416932101e-04 1.594909252501981900e+00 3.054430427469447874e-04 7.519425146630294154e-01 3.444943549031031366e-02
7.856187290969900516e+01 6.850410128991870923e-04 1.599254601369082707e+00 2.895053353705635281e-04 7.530766814042635371e-01 3.193206441054396300e-02
7.886287625418060543e+01 6.424622705740324746e-04 1.603599950236183513e+00 2.724321170022631533e-04 7.542108481454974367e-01 2.998782826194955689e-02
7.916387959866221991e+01 5.970770757524092309e-04 1.607945299103284320e+00 2.512233909066625796e-04 7.553450148867315583e-01 2.849816031459092083e-02
7.946488294314382017e+01 5.521402556744522136e-04 1.612290647970385127e+00 2.236679561025954361e-04 7.564791816279655690e-01 2.728448642395630772e-02
7.976588628762542044e+01 5.132292779993700808e-04 1.616635996837486378e+00 1.889420569042516774e-04 7.576133483691995796e-01 2.611276262941041384e-02
8.006688963210703491e+01 4.857558583109475845e-04 1.620981345704587184e+00 1.488049002475653440e-04 7.587475151104335902e-01 2.476344611778436358e-02
8.036789297658863518e+01 4.728584938745881354e-04 1.625326694571687991e+00 1.076247351417382401e-04 7.598816818516676008e-01 2.312547994256183501e-02
8.066889632107023544e+01 4.740534524768820761e-04 1.629672043438788798e+00 7.067404992699353712e-05 7.610158485929017225e-01 2.125185983779517493e-02
8.096989966555184992e+01 4.847542483528520106e-04 1.634017392305889604e+00 4.184333905795705681e-05 7.621500153341356221e-01 1.933827402764705036e-02
8.127090301003345019e+01 4.972589165780853370e-04 1.638362741172990411e+00 2.239299103693596530e-05 7.632841820753697437e-01 1.763622648516069077e-02
8.157190635451505045e+01 5.034645997079531272e-04 1.642708090040091662e+00 1.136265074354301102e-05 7.644183488166037543e-01 1.635197688242152544e-02
8.187290969899666493e+01 4.981323752975039916e-04 1.647053438907192469e+00 7.015822912228227014e-06 7.655525155578377650e-01 1.558234295030573764e-02
8.217391304347826519e+01 4.807372031380547869e-04 1.651398787774293275e+00 8.274313466465223589e-06 7.666866822990718866e-01 1.530034627680277627e-02
8.247491638795986546e+01 4.549414765396016637e-04 1.655744136641394082e+00 1.542696424449504857e-05 7.678208490403057862e-01 1.536679251964064019e-02
8.277591973244147994e+01 4.263726195425409705e-04 1.660089485508494889e+00 2.985509800304136262e-05 7.689550157815399078e-01 1.554687405248304094e-02
8.307692307692308020e+01 4.000420815518839824e-04 1.664434834375595695e+00 5.284741340121090498e-05 7.700891825227739185e-01 1.554572719538645752e-02
8.337792642140469468e+01 3.784516647536113410e-04 1.668780183242696502e+00 8.398639831186774688e-05 7.712233492640079291e-01 1.509120188326712464e-02
8.367892976588629494e+01 3.610870227872249138e-04 1.673125532109797753e+00 1.200943707511497032e-04 7.723575160052419397e-01 1.405178026090607955e-02
8.397993311036789521e+01 3.455987551144989447e-04 1.677470880976898560e+00 1.557618104242173196e-04 7.734916827464759503e-01 1.251895394994037916e-02
8.428093645484950969e+01 3.300251319341345824e-04 1.681816229843999366e+00 1.854955146240168070e-04 7.746258494877100720e-01 1.078018917446829823e-02
8.458193979933110995e+01 3.144284178173846998e-04 1.686161578711100173e+00 2.060610595223161983e-04 7.757600162289439716e-01 9.182204815880900400e-03
8.488294314381271022e+01 3.005737171641849684e-04 1.690506927578200980e+00 2.172118796546142097e-04 7.768941829701780932e-01 7.969264819963677027e-03
8.518394648829432469e+01 2.899736996318659065e-04 1.694852276445301786e+00 2.204827563566583561e-04 7.780283497114121039e-01 7.195976603829476632e-03
8.548494983277592496e+01 2.821619849680996064e-04 1.699197625312402593e+00 2.176452837844688321e-04 7.791625164526461145e-01 6.750251388908093744e-03
8.578595317725752523e+01 2.747451227657982456e-04 1.703542974179503844e+00 2.104703633969903244e-04 7.802966831938802361e-01 6.445151467842393823e-03
8.608695652173913970e+01 2.649394986869387002e-04 1.707888323046604651e+00 2.014394504670625574e-04 7.814308499351141357e-01 6.110976992808797581e-03
8.638795986622073997e+01 2.510118217740773205e-04 1.712233671913705457e+00 1.935272084380720923e-04 7.825650166763482574e-01 5.645040965254686550e-03
8.668896321070235444e+01 2.326072883472186784e-04 1.716579020780806264e+00 1.882621691511017568e-04 7.836991834175822680e-01 5.017550392704112246e-03
8.698996655518395471e+01 2.103393905143756176e-04 1.720924369647907071e+00 1.837674602707175262e-04 7.848333501588162786e-01 4.254355458204650033e-03
8.729096989966555498e+01 1.854651302475643349e-04 1.725269718515007877e+00 1.752310296058310279e-04 7.859675169000504003e-01 3.415634327134548908e-03
8.759197324414716945e+01 1.598117430136685954e-04 1.729615067382109128e+00 1.580922241457700906e-04 7.871016836412842999e-01 2.577346009843929382e-03
8.789297658862876972e+01 1.355694776874512698e-04 1.733960416249209935e+00 1.314778283675153308e-04 7.882358503825184215e-01 1.814025310335466669e-03
8.819397993311036998e+01 1.147681534462836569e-04 1.738305765116310742e+00 9.907982346138984682e-05 7.893700171237524321e-01 1.182229943360254415e-03
8.849498327759198446e+01 9.869767571267634427e-05 1.742651113983411548e+00 6.698155279400698177e-05 7.905041838649864427e-01 7.087261138632669228e-04
8.879598662207358473e+01 8.761903007532336493e-05 1.746996462850512355e+00 4.039977739717784465e-05 7.916383506062204534e-01 3.886283119438630677e-04
8.909698996655518499e+01 8.088163073587222301e-05 1.751341811717613162e+00 2.167679921995957520e-05 7.927725173474544640e-01 1.940409193497784942e-04
8.939799331103679947e+01 7.732696124159365789e-05 1.755687160584713968e+00 1.033112934278207483e-05 7.939066840886885856e-01 8.790349884776756616e-05
8.969899665551839973e+01 7.576450007338825872e-05 1.760032509451815219e+00 4.370174436406653862e-06 7.950408508299224852e-01 3.603185186363339271e-05
9.000000000000000000e+01 7.534477075971478927e-05 1.764377858318916026e+00 1.640115931228280946e-06 7.961750175711566069e-01 1.333639773887181709e-05
