0.000000000000000000e+00 0.000000000000000000e+00 2.377352716809991939e+00 1.082056316952960895e-05 2.302301575142240875e+00 3.858803355039229277e-06
3.010033444816053727e-01 0.000000000000000000e+00 2.379511168856689007e+00 2.462344290618048918e-05 2.304684748490260837e+00 9.197404395111181735e-06
6.020066889632107454e-01 0.000000000000000000e+00 2.381669620903385631e+00 5.167613277159651043e-05 2.307067921838280800e+00 1.997423401309295990e-05
9.030100334448161181e-01 0.000000000000000000e+00 2.383828072950082699e+00 1.000180980857015112e-04 2.309451095186300318e+00 3.952457439141631004e-05
1.204013377926421491e+00 0.000000000000000000e+00 2.385986524996779767e+00 1.785351003656582053e-04 2.311834268534320280e+00 7.126175070996780287e-05
1.505016722408026864e+00 0.000000000000000000e+00 2.388144977043476835e+00 2.939289675998915902e-04 2.314217441882340243e+00 1.170679440773812079e-04
1.806020066889632236e+00 0.000000000000000000e+00 2.390303429090173459e+00 4.463434155121340100e-04 2.316600615230360205e+00 1.752313145969080978e-04
2.107023411371237387e+00 0.000000000000000000e+00 2.392461881136870527e+00 6.252773628632476250e-04 2.318983788578380167e+00 2.389888814204612591e-04
2.408026755852842982e+00 0.000000000000000000e+00 2.394620333183567595e+00 8.083386518569895271e-04 2.321366961926399686e+00 2.969860478434618368e-04
2.709030100334448576e+00 0.000000000000000000e+00 2.396778785230264663e+00 9.649812245523586504e-04 2.323750135274419648e+00 3.362694038117701434e-04
3.010033444816053727e+00 0.000000000000000000e+00 2.398937237276961287e+00 1.065229789239067765e-03 2.326133308622439611e+00 3.469240326993809913e-04
3.311036789297658878e+00 0.000000000000000000e+00 2.401095689323658355e+00 1.090426467953637454e-03 2.328516481970459573e+00 3.261296636878141596e-04
3.612040133779264472e+00 0.000000000000000000e+00 2.403254141370355423e+00 1.041154714124478166e-03 2.330899655318479535e+00 2.793944258763648015e-04
3.913043478260870067e+00 0.000000000000000000e+00 2.405412593417052491e+00 9.382932319227418449e-04 2.333282828666499054e+00 2.182805774194982330e-04
4.214046822742474774e+00 0.000000000000000000e+00 2.407571045463749115e+00 8.164680715659228824e-04 2.335666002014519016e+00 1.560275875458642990e-04
4.515050167224080369e+00 0.000000000000000000e+00 2.409729497510446183e+00 7.129835818020189295e-04 2.338049175362538978e+00 1.036146394618359822e-04
4.816053511705685963e+00 0.000000000000000000e+00 2.411887949557143251e+00 6.571925240358471787e-04 2.340432348710558941e+00 6.830926645737702264e-05
5.117056856187291558e+00 0.000000000000000000e+00 2.414046401603840319e+00 6.642016806278773066e-04 2.342815522058578903e+00 5.518409033291265766e-05
5.418060200668897153e+00 0.000000000000000000e+00 2.416204853650536943e+00 7.338694962489582165e-04 2.345198695406598421e+00 7.052067186657064776e-05
5.719063545150501859e+00 0.000000000000000000e+00 2.418363305697234011e+00 8.534188122161172731e-04 2.347581868754618384e+00 1.250726787713146249e-04
6.020066889632107454e+00 0.000000000000000000e+00 2.420521757743931079e+00 1.001270387224235600e-03 2.349965042102638346e+00 2.348282655767868485e-04
6.321070234113713049e+00 0.000000000000000000e+00 2.422680209790628147e+00 1.150850407881367924e-03 2.352348215450658309e+00 4.172183352950922710e-04
6.622073578595317755e+00 0.000000000000000000e+00 2.424838661837324771e+00 1.274658318583903526e-03 2.354731388798678271e+00 6.821721611417231072e-04
6.923076923076923350e+00 0.000000000000000000e+00 2.426997113884021839e+00 1.349208893631101804e-03 2.357114562146697789e+00 1.020428576425186319e-03
7.224080267558528945e+00 0.000000000000000000e+00 2.429155565930718907e+00 1.360275672691976107e-03 2.359497735494717752e+00 1.395077989364483127e-03
7.525083612040134540e+00 0.000000000000000000e+00 2.431314017977415531e+00 1.306440200729467845e-03 2.361880908842737714e+00 1.743648807135089003e-03
7.826086956521740134e+00 0.000000000000000000e+00 2.433472470024112599e+00 1.198981182103032528e-03 2.364264082190757676e+00 1.994417458933479825e-03
8.127090301003345729e+00 0.000000000000000000e+00 2.435630922070809667e+00 1.058029571961122389e-03 2.366647255538777639e+00 2.092497464386374861e-03
8.428093645484949548e+00 0.000000000000000000e+00 2.437789374117506735e+00 9.072493005567154210e-04 2.369030428886797157e+00 2.023605347104311374e-03
8.729096989966555142e+00 0.000000000000000000e+00 2.439947826164203359e+00 7.700654597670058329e-04 2.371413602234817120e+00 1.822470576755786222e-03
9.030100334448160737e+00 0.000000000000000000e+00 2.442106278210900427e+00 6.689040588594074785e-04 2.373796775582837082e+00 1.560608796063637539e-03
9.331103678929766332e+00 0.000000000000000000e+00 2.444264730257597495e+00 6.262093649245106071e-04 2.376179948930857044e+00 1.319703673632930882e-03
9.632107023411371927e+00 0.000000000000000000e+00 2.446423182304294563e+00 6.642144586494455648e-04 2.378563122278877007e+00 1.164083915452231166e-03
9.933110367892977521e+00 0.000000000000000000e+00 2.448581634350991187e+00 8.008702897435532276e-04 2.380946295626896525e+00 1.124296851799424504e-03
1.023411371237458312e+01 0.000000000000000000e+00 2.450740086397688255e+00 1.041820465123119432e-03 2.383329468974916487e+00 1.196008813095374807e-03
1.053511705685618871e+01 0.000000000000000000e+00 2.452898538444385323e+00 1.371526702686985504e-03 2.385712642322936450e+00 1.350691570601897764e-03
1.083612040133779431e+01 0.000000000000000000e+00 2.455056990491082392e+00 1.748835506045450568e-03 2.388095815670956412e+00 1.551219124767903856e-03
1.113712374581939812e+01 0.000000000000000000e+00 2.457215442537779015e+00 2.111855134320789022e-03 2.390478989018976375e+00 1.766417231558919552e-03
1.143812709030100372e+01 0.000000000000000000e+00 2.459373894584476083e+00 2.393386413713584175e-03 2.392862162366995893e+00 1.980866284549007150e-03
1.173913043478260931e+01 0.000000000000000000e+00 2.461532346631173152e+00 2.542544553951206834e-03 2.395245335715015855e+00 2.197803993027332582e-03
1.204013377926421491e+01 0.000000000000000000e+00 2.463690798677870220e+00 2.543656352963934164e-03 2.397628509063035818e+00 2.434164199770903758e-03
1.234113712374582050e+01 0.000000000000000000e+00 2.465849250724566843e+00 2.423239757645084466e-03 2.400011682411055780e+00 2.708996381300488986e-03
1.264214046822742610e+01 0.000000000000000000e+00 2.468007702771263912e+00 2.240827607281364008e-03 2.402394855759075742e+00 3.029808016355617101e-03
1.294314381270903169e+01 0.000000000000000000e+00 2.470166154817960980e+00 2.067109641352018069e-03 2.404778029107095261e+00 3.383718735085191904e-03
1.324414715719063551e+01 0.000000000000000000e+00 2.472324606864658048e+00 1.958904590586429181e-03 2.407161202455115223e+00 3.739052042992839411e-03
1.354515050167224111e+01 0.000000000000000000e+00 2.474483058911354671e+00 1.941514612348026539e-03 2.409544375803135186e+00 4.057462699582532056e-03
1.384615384615384670e+01 0.000000000000000000e+00 2.476641510958051740e+00 2.004928420199737424e-03 2.411927549151155148e+00 4.309784409289347737e-03
1.414715719063545230e+01 0.000000000000000000e+00 2.478799963004748808e+00 2.113765778791699187e-03 2.414310722499175110e+00 4.485542829697069210e-03
1.444816053511705789e+01 0.000000000000000000e+00 2.480958415051445876e+00 2.225125374580772756e-03 2.416693895847194629e+00 4.589854118010629029e-03
1.474916387959866348e+01 0.000000000000000000e+00 2.483116867098142500e+00 2.305884482853361259e-03 2.419077069195214591e+00 4.630386869202914729e-03
1.505016722408026908e+01 0.000000000000000000e+00 2.485275319144839568e+00 2.342227682063006012e-03 2.421460242543234553e+00 4.604700975198635152e-03
1.535117056856187467e+01 0.000000000000000000e+00 2.487433771191536636e+00 2.338593903185662033e-03 2.423843415891254516e+00 4.498342388758745473e-03
1.565217391304348027e+01 0.000000000000000000e+00 2.489592223238233260e+00 2.308878815877443182e-03 2.426226589239274478e+00 4.296063769418517753e-03
1.595317725752508409e+01 0.000000000000000000e+00 2.491750675284930328e+00 2.266730684040014088e-03 2.428609762587293996e+00 3.998598779685239024e-03
1.625418060200669146e+01 0.000000000000000000e+00 2.493909127331627396e+00 2.221647056659192734e-03 2.430992935935313959e+00 3.633262195975276755e-03
1.655518394648829528e+01 0.000000000000000000e+00 2.496067579378324464e+00 2.183126569199866137e-03 2.433376109283333921e+00 3.250961976565712539e-03
1.685618729096989910e+01 0.000000000000000000e+00 2.498226031425021088e+00 2.169190965362837505e-03 2.435759282631353884e+00 2.910820419700256914e-03
1.715719063545150647e+01 0.000000000000000000e+00 2.500384483471718156e+00 2.212315285663442408e-03 2.438142455979373846e+00 2.660052754358739960e-03
1.745819397993311028e+01 0.000000000000000000e+00 2.502542935518415224e+00 2.357467371526988670e-03 2.440525629327393364e+00 2.518077820266300271e-03
1.775919732441471766e+01 0.000000000000000000e+00 2.504701387565112292e+00 2.652081496129264550e-03 2.442908802675413327e+00 2.471484081069373791e-03
1.806020066889632147e+01 0.000000000000000000e+00 2.506859839611808916e+00 3.132423390921504867e-03 2.445291976023433289e+00 2.482609858232906388e-03
1.836120401337792885e+01 0.000000000000000000e+00 2.509018291658505984e+00 3.811898577037868639e-03 2.447675149371453251e+00 2.509427057101238073e-03
1.866220735785953266e+01 0.000000000000000000e+00 2.511176743705203052e+00 4.674600537089361810e-03 2.450058322719473214e+00 2.528463028472780882e-03
1.896321070234114003e+01 0.000000000000000000e+00 2.513335195751900120e+00 5.674451360555035108e-03 2.452441496067492732e+00 2.548788131927963527e-03
1.926421404682274385e+01 0.000000000000000000e+00 2.515493647798596744e+00 6.739015733329618493e-03 2.454824669415512695e+00 2.608016370879785543e-03
1.956521739130434767e+01 0.000000000000000000e+00 2.517652099845293812e+00 7.777612455919070446e-03 2.457207842763532657e+00 2.751158684655503374e-03
1.986622073578595504e+01 0.000000000000000000e+00 2.519810551891990880e+00 8.694120369051729774e-03 2.459591016111552619e+00 3.003862633861088989e-03
2.016722408026755886e+01 0.000000000000000000e+00 2.521969003938687948e+00 9.404364700586269679e-03 2.461974189459572582e+00 3.354918637490687545e-03
2.046822742474916623e+01 0.000000000000000000e+00 2.524127455985384572e+00 9.855892521086427258e-03 2.464357362807592100e+00 3.756366926504025542e-03
2.076923076923077005e+01 0.000000000000000000e+00 2.526285908032081640e+00 1.004523740692057909e-02 2.466740536155612062e+00 4.138706652543694235e-03
2.107023411371237742e+01 0.000000000000000000e+00 2.528444360078778708e+00 1.002615947954642837e-02 2.469123709503632025e+00 4.431985933053147163e-03
2.137123745819398124e+01 0.000000000000000000e+00 2.530602812125475332e+00 9.903718428902546014e-03 2.471506882851651987e+00 4.584519544250573002e-03
2.167224080267558861e+01 0.000000000000000000e+00 2.532761264172172400e+00 9.814074242777272999e-03 2.473890056199671950e+00 4.576188038442285944e-03
2.197324414715719243e+01 0.000000000000000000e+00 2.534919716218869468e+00 9.896502203298048264e-03 2.476273229547691468e+00 4.426762748660602147e-03
2.227424749163879625e+01 0.000000000000000000e+00 2.537078168265566536e+00 1.026775091832498286e-02 2.478656402895711430e+00 4.198865368263902421e-03
2.257525083612040362e+01 0.000000000000000000e+00 2.539236620312263160e+00 1.100613146521172911e-02 2.481039576243731393e+00 3.992389698396635496e-03
2.287625418060200744e+01 0.000000000000000000e+00 2.541395072358960228e+00 1.214512730639958141e-02 2.483422749591751355e+00 3.926863890447291477e-03
2.317725752508361481e+01 0.000000000000000000e+00 2.543553524405657296e+00 1.367020048125556358e-02 2.485805922939771317e+00 4.112510183268957079e-03
2.347826086956521863e+01 0.000000000000000000e+00 2.545711976452354364e+00 1.551374129903250292e-02 2.488189096287790836e+00 4.617652361212497281e-03
2.377926421404682600e+01 0.000000000000000000e+00 2.547870428499050988e+00 1.755131223075831817e-02 2.490572269635810798e+00 5.444729255569407365e-03
2.408026755852842982e+01 0.000000000000000000e+00 2.550028880545748056e+00 1.961004336246378529e-02 2.492955442983830761e+00 6.525459054885661067e-03
2.438127090301003363e+01 0.000000000000000000e+00 2.552187332592445124e+00 2.149883111978230857e-02 2.495338616331850723e+00 7.737932442157094241e-03
2.468227424749164101e+01 0.000000000000000000e+00 2.554345784639142192e+00 2.305810649915653390e-02 2.497721789679870685e+00 8.939243115559939584e-03
2.498327759197324482e+01 0.000000000000000000e+00 2.556504236685838816e+00 2.421178925149698388e-02 2.500104963027890204e+00 1.000204596368282212e-02
2.528428093645485220e+01 0.000000000000000000e+00 2.558662688732535884e+00 2.499712555869615035e-02 2.502488136375910166e+00 1.084416888490176249e-02
2.558528428093645601e+01 0.000000000000000000e+00 2.560821140779232952e+00 2.555605345657235156e-02 2.504871309723930128e+00 1.144508552796217118e-02
2.588628762541806339e+01 0.000000000000000000e+00 2.562979592825930020e+00 2.609061505779591492e-02 2.507254483071950091e+00 1.184828000153258579e-02
2.618729096989966720e+01 0.000000000000000000e+00 2.565138044872626644e+00 2.680253478051792052e-02 2.509637656419970053e+00 1.215197416235334719e-02
2.648829431438127102e+01 0.000000000000000000e+00 2.567296496919323712e+00 2.784188601568225729e-02 2.512020829767989571e+00 1.249143500322844914e-02
2.678929765886287839e+01 0.000000000000000000e+00 2.569454948966020780e+00 2.927968457855776793e-02 2.514404003116009534e+00 1.301440926981417556e-02
2.709030100334448221e+01 0.000000000000000000e+00 2.571613401012717848e+00 3.110312611732666752e-02 2.516787176464029496e+00 1.384936257752198384e-02
2.739130434782608958e+01 0.000000000000000000e+00 2.573771853059414472e+00 3.322267505646924607e-02 2.519170349812049459e+00 1.506815341284816270e-02
2.769230769230769340e+01 0.000000000000000000e+00 2.575930305106111540e+00 3.548359407264969900e-02 2.521553523160069421e+00 1.665265880454844249e-02
2.799331103678930077e+01 0.000000000000000000e+00 2.578088757152808608e+00 3.768565252923095077e-02 2.523936696508088939e+00 1.848387465111358055e-02
2.829431438127090459e+01 0.000000000000000000e+00 2.580247209199505676e+00 3.962138946090208030e-02 2.526319869856108902e+00 2.037118368061561005e-02
2.859531772575251196e+01 0.000000000000000000e+00 2.582405661246202300e+00 4.113637023503927820e-02 2.528703043204128864e+00 2.212161025712828383e-02
2.889632107023411578e+01 0.000000000000000000e+00 2.584564113292899368e+00 4.219686984187004386e-02 2.531086216552148827e+00 2.362164064821267034e-02
2.919732441471571960e+01 0.000000000000000000e+00 2.586722565339596436e+00 4.293468112098466904e-02 2.533469389900168789e+00 2.488881170052643921e-02
2.949832775919732697e+01 0.000000000000000000e+00 2.588881017386293060e+00 4.363951329563315468e-02 2.535852563248188307e+00 2.606401118872708755e-02
2.979933110367893079e+01 0.000000000000000000e+00 2.591039469432990128e+00 4.469023408354601268e-02 2.538235736596208270e+00 2.735259199518153342e-02
3.010033444816053816e+01 0.000000000000000000e+00 2.593197921479687196e+00 4.644607551638392506e-02 2.540618909944228232e+00 2.895479686995626814e-02
3.040133779264214198e+01 0.000000000000000000e+00 2.595356373526384264e+00 4.913986985356982168e-02 2.543002083292248194e+00 3.102657970746628899e-02
3.070234113712374935e+01 0.000000000000000000e+00 2.597514825573080888e+00 5.281499958438164860e-02 2.545385256640268157e+00 3.368052313818695187e-02
3.100334448160535317e+01 0.000000000000000000e+00 2.599673277619777956e+00 5.732722043756630081e-02 2.547768429988287675e+00 3.700156578607221441e-02
3.130434782608696054e+01 0.000000000000000000e+00 2.601831729666475024e+00 6.240455036934933197e-02 2.550151603336307637e+00 4.104470191508435145e-02
3.160535117056856436e+01 0.000000000000000000e+00 2.603990181713172092e+00 6.773787459838391534e-02 2.552534776684327600e+00 4.580648910414314434e-02
3.190635451505016817e+01 0.000000000000000000e+00 2.606148633759868716e+00 7.306974259298260055e-02 2.554917950032347562e+00 5.119399825473217036e-02
3.220735785953177555e+01 0.000000000000000000e+00 2.608307085806565784e+00 7.825708997703025027e-02 2.557301123380367525e+00 5.702353724270781132e-02
3.250836120401338292e+01 0.000000000000000000e+00 2.610465537853262852e+00 8.329714650500584516e-02 2.559684296728387043e+00 6.305991267100012621e-02
3.280936454849498318e+01 0.000000000000000000e+00 2.612623989899959920e+00 8.831672813274898948e-02 2.562067470076407005e+00 6.907579534924163100e-02
3.311036789297659055e+01 0.000000000000000000e+00 2.614782441946656544e+00 9.353067973346038122e-02 2.564450643424426968e+00 7.489747997260978729e-02
3.341137123745819792e+01 0.000000000000000000e+00 2.616940893993353612e+00 9.917814787977015378e-02 2.566833816772446930e+00 8.041793899181155780e-02
3.371237458193979819e+01 0.000000000000000000e+00 2.619099346040050680e+00 1.054500166328204841e-01 2.569216990120466892e+00 8.558650876151910336e-02
3.401337792642140556e+01 0.000000000000000000e+00 2.621257798086747748e+00 1.124279370036684045e-01 2.571600163468486411e+00 9.040255033913523197e-02
3.431438127090301293e+01 0.000000000000000000e+00 2.623416250133444372e+00 1.200591408141616079e-01 2.573983336816506373e+00 9.493323992947889922e-02
3.461538461538462030e+01 0.000000000000000000e+00 2.625574702180141440e+00 1.281827195087835436e-01 2.576366510164526336e+00 9.934851430124362615e-02
3.491638795986622057e+01 0.000000000000000000e+00 2.627733154226838508e+00 1.365990800360606661e-01 2.578749683512546298e+00 1.039400162653792981e-01
3.521739130434782794e+01 0.000000000000000000e+00 2.629891606273535132e+00 1.451451653833023270e-01 2.581132856860566260e+00 1.090871977507576751e-01
3.551839464882943531e+01 0.000000000000000000e+00 2.632050058320232200e+00 1.537250918934495447e-01 2.583516030208585779e+00 1.151593217354341947e-01
3.581939799331104268e+01 0.000000000000000000e+00 2.634208510366929268e+00 1.622664821968366755e-01 2.585899203556605741e+00 1.223834208879323593e-01
3.612040133779264295e+01 0.000000000000000000e+00 2.636366962413626336e+00 1.706227023494532036e-01 2.588282376904625703e+00 1.307394368450275068e-01
3.642140468227425032e+01 0.000000000000000000e+00 2.638525414460323404e+00 1.784904240412590326e-01 2.590665550252645666e+00 1.399425524819546962e-01
3.672240802675585769e+01 0.000000000000000000e+00 2.640683866507020028e+00 1.854219551725961590e-01 2.593048723600665628e+00 1.495346599894126494e-01
3.702341137123745796e+01 0.000000000000000000e+00 2.642842318553717096e+00 1.909646781894747958e-01 2.595431896948685146e+00 1.590498143651504770e-01
3.732441471571906533e+01 0.000000000000000000e+00 2.645000770600414164e+00 1.948771851714674597e-01 2.597815070296705109e+00 1.681748243552570465e-01
3.762541806020067270e+01 0.000000000000000000e+00 2.647159222647110788e+00 1.973058305998423856e-01 2.600198243644725071e+00 1.768248014757599351e-01
3.792642140468228007e+01 0.000000000000000000e+00 2.649317674693807856e+00 1.988062327559817211e-01 2.602581416992745034e+00 1.851001327271527830e-01
3.822742474916388034e+01 0.000000000000000000e+00 2.651476126740504924e+00 2.001714862366026915e-01 2.604964590340764996e+00 1.931604908564353573e-01
3.852842809364548771e+01 0.000000000000000000e+00 2.653634578787201992e+00 2.021394149461801792e-01 2.607347763688784514e+00 2.011004752529990114e-01
3.882943143812709508e+01 0.000000000000000000e+00 2.655793030833898616e+00 2.051244246985642061e-01 2.609730937036804477e+00 2.089084224160189240e-01
3.913043478260869534e+01 0.000000000000000000e+00 2.657951482880595684e+00 2.091059525489067927e-01 2.612114110384824439e+00 2.165351900485524284e-01
3.943143812709030271e+01 0.000000000000000000e+00 2.660109934927292752e+00 2.137138323362827996e-01 2.614497283732844402e+00 2.240259376119029533e-01
3.973244147157191009e+01 0.000000000000000000e+00 2.662268386973989820e+00 2.184428663576995222e-01 2.616880457080864364e+00 2.316210054885199099e-01
4.003344481605351746e+01 0.000000000000000000e+00 2.664426839020686444e+00 2.228740771455483827e-01 2.619263630428883882e+00 2.397443309129956290e-01
4.033444816053511772e+01 0.000000000000000000e+00 2.666585291067383512e+00 2.268055425933525049e-01 2.621646803776903845e+00 2.488658791604596854e-01
4.063545150501672509e+01 0.000000000000000000e+00 2.668743743114080580e+00 2.302705625206263873e-01 2.624029977124923807e+00 2.593057119650771236e-01
4.093645484949833246e+01 0.000000000000000000e+00 2.670902195160777204e+00 2.334862108017157767e-01 2.626413150472943769e+00 2.710866210454940806e-01
4.123745819397993273e+01 0.000000000000000000e+00 2.673060647207474272e+00 2.367909906260931008e-01 2.628796323820963732e+00 2.839138807866218861e-01
4.153846153846154010e+01 0.000000000000000000e+00 2.675219099254171340e+00 2.406003820569542484e-01 2.631179497168983250e+00 2.972866318687834575e-01
4.183946488294314747e+01 0.000000000000000000e+00 2.677377551300868408e+00 2.453695476597869130e-01 2.633562670517003212e+00 3.106739134855516227e-01
4.214046822742475484e+01 0.000000000000000000e+00 2.679536003347565476e+00 2.515378936981871316e-01 2.635945843865023175e+00 3.236582870524469802e-01
4.244147157190635511e+01 0.000000000000000000e+00 2.681694455394262100e+00 2.594481404090792087e-01 2.638329017213043137e+00 3.359750442048449748e-01
4.274247491638796248e+01 0.000000000000000000e+00 2.683852907440959168e+00 2.692630088015561252e-01 2.640712190561063100e+00 3.474444570028027979e-01
4.304347826086956985e+01 0.000000000000000000e+00 2.686011359487656236e+00 2.809180201987444558e-01 2.643095363909082618e+00 3.578718001891548206e-01
4.334448160535117722e+01 0.000000000000000000e+00 2.688169811534352860e+00 2.941366682198319205e-01 2.645478537257102580e+00 3.670201498223020220e-01
4.364548494983277749e+01 0.000000000000000000e+00 2.690328263581049928e+00 3.085043658276435119e-01 2.647861710605122543e+00 3.747100772231207189e-01
4.394648829431438486e+01 0.000000000000000000e+00 2.692486715627746996e+00 3.235713145932406776e-01 2.650244883953142505e+00 3.809981486264372164e-01
4.424749163879599223e+01 0.000000000000000000e+00 2.694645167674444064e+00 3.389461632772016175e-01 2.652628057301162467e+00 3.863140703864575976e-01
4.454849498327759250e+01 0.000000000000000000e+00 2.696803619721140688e+00 3.543514656581702726e-01 2.655011230649181986e+00 3.914546025238828664e-01
4.484949832775919987e+01 0.000000000000000000e+00 2.698962071767837756e+00 3.696295515365854989e-01 2.657394403997201948e+00 3.974229596957720156e-01
4.515050167224080724e+01 0.000000000000000000e+00 2.701120523814534824e+00 3.847061591817316217e-01 2.659777577345221911e+00 4.051916175083394300e-01
4.545150501672241461e+01 0.000000000000000000e+00 2.703278975861231892e+00 3.995348936242424376e-01 2.662160750693241873e+00 4.154954431254131997e-01
4.575250836120401488e+01 0.000000000000000000e+00 2.705437427907928516e+00 4.140525728928892701e-01 2.664543924041261835e+00 4.287264312243037612e-01
4.605351170568562225e+01 0.000000000000000000e+00 2.707595879954625584e+00 4.281674125801949171e-01 2.666927097389281354e+00 4.449350394354968374e-01
4.635451505016722962e+01 0.000000000000000000e+00 2.709754332001322652e+00 4.417809962305376259e-01 2.669310270737301316e+00 4.638878692322760400e-01
4.665551839464882988e+01 0.000000000000000000e+00 2.711912784048019720e+00 4.548266076682656589e-01 2.671693444085321278e+00 4.851205231362019088e-01
4.695652173913043725e+01 0.000000000000000000e+00 2.714071236094716344e+00 4.673075565604689618e-01 2.674076617433341241e+00 5.079678323887364400e-01
4.725752508361204463e+01 0.000000000000000000e+00 2.716229688141413412e+00 4.793375667712267973e-01 2.676459790781361203e+00 5.316183810903494233e-01
4.755852842809365200e+01 0.000000000000000000e+00 2.718388140188110480e+00 4.911963069966385209e-01 2.678842964129380722e+00 5.552601810502056923e-01
4.785953177257525226e+01 0.000000000000000000e+00 2.720546592234807548e+00 5.033928629604657035e-01 2.681226137477400684e+00 5.783187817759146698e-01
4.816053511705685963e+01 0.000000000000000000e+00 2.722705044281504172e+00 5.166866171776802741e-01 2.683609310825420646e+00 6.006806910343898132e-01
4.846153846153846700e+01 0.000000000000000000e+00 2.724863496328201240e+00 5.319921083817030771e-01 2.685992484173440609e+00 6.227491763578343331e-01
4.876254180602006727e+01 0.000000000000000000e+00 2.727021948374898308e+00 5.501338160946301903e-01 2.688375657521460571e+00 6.452635998090527902e-01
4.906354515050167464e+01 0.000000000000000000e+00 2.729180400421594932e+00 5.715122407580073283e-01 2.690758830869480089e+00 6.689747857837845535e-01
4.936454849498328201e+01 0.000000000000000000e+00 2.731338852468292000e+00 5.958318393754526987e-01 2.693142004217500052e+00 6.943702283708841350e-01
4.966555183946488938e+01 0.000000000000000000e+00 2.733497304514989068e+00 6.220519179790200415e-01 2.695525177565520014e+00 7.215916332819388712e-01
4.996655518394648965e+01 0.000000000000000000e+00 2.735655756561686136e+00 6.486325942563583302e-01 2.697908350913539977e+00 7.505284951951965988e-01
5.026755852842809702e+01 0.000000000000000000e+00 2.737814208608383204e+00 6.740098571286711193e-01 2.700291524261559939e+00 7.809466906649432660e-01
5.056856187290970439e+01 0.000000000000000000e+00 2.739972660655079828e+00 6.971280514847497667e-01 2.702674697609579457e+00 8.125255135048152777e-01
5.086956521739130466e+01 0.000000000000000000e+00 2.742131112701776896e+00 7.178369708364727986e-01 2.705057870957599420e+00 8.448067057112687017e-01
5.117056856187291203e+01 1.546854039044492893e-310 2.744289564748473964e+00 7.370204754089337840e-01 2.707441044305619382e+00 8.771810523050630470e-01
5.147157190635451940e+01 1.866275897465341823e-297 2.746448016795170588e+00 7.564243431095953873e-01 2.709824217653639344e+00 9.090378361792781359e-01
5.177257525083612677e+01 1.162714240306873366e-284 2.748606468841867656e+00 7.782503064232102474e-01 2.712207391001659307e+00 9.400703607700333642e-01
5.207357859531772704e+01 3.740595683197462724e-272 2.750764920888564724e+00 8.046511597371769353e-01 2.714590564349678825e+00 9.705730926170084150e-01
5.237458193979933441e+01 6.214113448908932162e-260 2.752923372935261792e+00 8.372810148852749546e-01 2.716973737697698787e+00 1.001522769621463027e+00
5.267558528428094178e+01 5.330748824055224808e-248 2.755081824981958416e+00 8.770212710756559726e-01 2.719356911045718750e+00 1.034359925159092253e+00
5.297658862876254204e+01 2.361390949592857194e-236 2.757240277028655484e+00 9.239310707889732965e-01 2.721740084393738712e+00 1.070586391732015530e+00
5.327759197324414941e+01 5.401547526082394856e-225 2.759398729075352552e+00 9.773902516434397336e-01 2.724123257741758675e+00 1.111406430233574882e+00
5.357859531772575679e+01 6.380271232422395392e-214 2.761557181122049620e+00 1.036343036786511629e+00 2.726506431089778193e+00 1.157583022624018465e+00
5.387959866220736416e+01 3.891622573603562338e-203 2.763715633168746244e+00 1.099530510377314307e+00 2.728889604437798155e+00 1.209526490172430302e+00
5.418060200668896442e+01 1.225724646666274875e-192 2.765874085215443312e+00 1.165624667134897319e+00 2.731272777785818118e+00 1.267513514504951866e+00
5.448160535117057179e+01 1.993543683306457035e-182 2.768032537262140380e+00 1.233239344385544722e+00 2.733655951133838080e+00 1.331909114935283966e+00
5.478260869565217916e+01 1.674284384599775331e-172 2.770190989308837004e+00 1.300870124943722672e+00 2.736039124481858043e+00 1.403286810780417504e+00
5.508361204013378654e+01 7.261115242606101985e-163 2.772349441355534072e+00 1.366867440494739183e+00 2.738422297829877561e+00 1.482360138079390488e+00
5.538461538461538680e+01 1.626103052296626708e-153 2.774507893402231140e+00 1.429539010914329333e+00 2.740805471177897523e+00 1.569671119081958333e+00
5.568561872909699417e+01 1.880457112948692579e-144 2.776666345448928208e+00 1.487405578680446094e+00 2.743188644525917486e+00 1.665080211764955020e+00
5.598662207357860154e+01 1.122921594482957298e-135 2.778824797495625276e+00 1.539536290862114409e+00 2.745571817873937448e+00 1.767254282985575964e+00
5.628762541806020181e+01 3.462629836463142335e-127 2.780983249542321900e+00 1.585825088160512264e+00 2.747954991221957410e+00 1.873448704904331130e+00
5.658862876254180918e+01 5.513575586001960271e-119 2.783141701589018968e+00 1.627074887675955983e+00 2.750338164569976929e+00 1.979812710857104863e+00
5.688963210702341655e+01 4.533475062783565892e-111 2.785300153635716036e+00 1.664827783799649019e+00 2.752721337917996891e+00 2.082203830404306899e+00
5.719063545150502392e+01 1.924862723765457285e-103 2.787458605682412660e+00 1.700980559065564446e+00 2.755104511266016853e+00 2.177209459836092265e+00
5.749163879598662419e+01 4.220257261724452648e-96 2.789617057729109728e+00 1.737312828479120830e+00 2.757487684614036816e+00 2.262936804026000726e+00
5.779264214046823156e+01 4.778028348013442620e-89 2.791775509775806796e+00 1.775098560960770566e+00 2.759870857962056334e+00 2.339257191951054971e+00
5.809364548494983893e+01 2.793374414623119816e-82 2.793933961822503864e+00 1.814954144495280364e+00 2.762254031310076297e+00 2.407498101809362634e+00
5.839464882943143920e+01 8.432963344912439629e-76 2.796092413869200488e+00 1.856997598641604741e+00 2.764637204658096259e+00 2.469844385801937658e+00
5.869565217391304657e+01 1.314625061088802057e-69 2.798250865915897556e+00 1.901274341163005754e+00 2.767020378006116221e+00 2.528759762358161467e+00
5.899665551839465394e+01 1.058264517481668186e-63 2.800409317962594624e+00 1.948286157233429128e+00 2.769403551354136184e+00 2.586588756620009644e+00
5.929765886287626131e+01 4.399032769371768375e-58 2.802567770009291692e+00 1.999392022797122692e+00 2.771786724702155702e+00 2.645325398183038246e+00
5.959866220735786158e+01 9.442582686122076047e-53 2.804726222055988316e+00 2.056868975822945256e+00 2.774169898050175664e+00 2.706484184345821831e+00
5.989966555183946895e+01 1.046634484948327177e-47 2.806884674102685384e+00 2.123529411156364954e+00 2.776553071398195627e+00 2.771064550399283899e+00
6.020066889632107632e+01 5.990594796317404632e-43 2.809043126149382452e+00 2.201949237840604479e+00 2.778936244746215589e+00 2.839641811764413770e+00
6.050167224080267658e+01 1.770580004744204672e-38 2.811201578196079520e+00 2.293511486739095773e+00 2.781319418094235552e+00 2.912571534823461317e+00
6.080267558528428395e+01 2.702290175806724854e-34 2.813360030242776144e+00 2.397565029241646606e+00 2.783702591442255070e+00 2.990199761325869066e+00
6.110367892976589133e+01 2.129705269848138960e-30 2.815518482289473212e+00 2.511013248329357239e+00 2.786085764790275032e+00 3.072921472396020093e+00
6.140468227424749870e+01 8.667200240815831727e-27 2.817676934336170280e+00 2.628569941824701051e+00 2.788468938138294995e+00 3.160982748131936138e+00
6.170568561872909896e+01 1.821426853841337320e-23 2.819835386382867348e+00 2.743743872432670372e+00 2.790852111486314957e+00 3.254064607304296697e+00
6.200668896321070633e+01 1.976617811858093543e-20 2.821993838429563972e+00 2.850363273575009959e+00 2.793235284834334919e+00 3.350844069441982320e+00
6.230769230769231370e+01 1.107702266554671290e-17 2.824152290476261040e+00 2.944206809283291815e+00 2.795618458182354438e+00 3.448804231943947141e+00
6.260869565217392108e+01 3.205835655459591584e-15 2.826310742522958108e+00 3.024186214472632805e+00 2.798001631530374400e+00 3.544497809468107885e+00
6.290969899665552134e+01 4.792356901253356763e-13 2.828469194569654732e+00 3.092618530425184975e+00 2.800384804878394363e+00 3.634274278348979426e+00
6.321070234113712871e+01 3.701924387538150061e-11 2.830627646616351800e+00 3.154428596537282026e+00 2.802767978226414325e+00 3.715250071277692800e+00
6.351170568561873608e+01 1.479212343746945765e-09 2.832786098663048868e+00 3.215524908208439836e+00 2.805151151574434287e+00 3.786147401379723387e+00
6.381270903010033635e+01 3.065432851825939484e-08 2.834944550709745936e+00 3.280924892609812016e+00 2.807534324922453806e+00 3.847633518137044017e+00
6.411371237458195083e+01 3.315889474953856957e-07 2.837103002756443004e+00 3.353314547214168773e+00 2.809917498270473768e+00 3.901980379695875190e+00
6.441471571906355109e+01 1.900932925808048453e-06 2.839261454803139628e+00 3.432542272252932847e+00 2.812300671618493730e+00 3.952171486344201679e+00
6.471571906354515136e+01 5.969545366832618783e-06 2.841419906849836696e+00 3.516131288842122782e+00 2.814683844966513693e+00 4.000856335216388615e+00
6.501672240802676583e+01 1.088929859389222507e-05 2.843578358896533764e+00 3.600444914302450616e+00 2.817067018314533655e+00 4.049623155700999177e+00
6.531772575250836610e+01 1.235898797077106505e-05 2.845736810943230388e+00 3.681896045670904893e+00 2.819450191662553173e+00 4.098869085134146495e+00
6.561872909698996637e+01 9.160025183453865608e-06 2.847895262989927456e+00 3.757695916840876560e+00 2.821833365010573136e+00 4.148216273520222153e+00
6.591973244147158084e+01 5.578061448716443257e-06 2.850053715036624524e+00 3.826013317494484589e+00 2.824216538358593098e+00 4.197161284482634258e+00
6.622073578595318111e+01 6.082417593899551706e-06 2.852212167083321592e+00 3.885807741715146868e+00 2.826599711706613061e+00 4.245577492781140272e+00
6.652173913043478137e+01 8.725331567636951808e-06 2.854370619130018216e+00 3.936743624148733467e+00 2.828982885054633023e+00 4.293796333895287809e+00
6.682274247491639585e+01 1.015748234483473578e-05 2.856529071176715284e+00 3.979404065241494592e+00 2.831366058402652541e+00 4.342201001398984239e+00
6.712374581939799612e+01 1.200415646390895987e-05 2.858687523223412352e+00 4.015657942772449474e+00 2.833749231750672504e+00 4.390527687197630868e+00
6.742474916387959638e+01 1.649741601440017953e-05 2.860845975270109420e+00 4.048777805048615619e+00 2.836132405098692466e+00 4.437311217339903635e+00
6.772575250836121086e+01 2.321597849396066237e-05 2.863004427316806044e+00 4.082965382255394182e+00 2.838515578446712428e+00 4.479974587185213686e+00
6.802675585284281112e+01 2.844595672623758003e-05 2.865162879363503112e+00 4.122297454512424686e+00 2.840898751794732391e+00 4.515798583041237713e+00
6.832775919732442560e+01 3.628979724305429955e-05 2.867321331410200180e+00 4.169514915393706112e+00 2.843281925142751909e+00 4.543480289165332309e+00
6.862876254180602587e+01 5.631983479515689084e-05 2.869479783456896804e+00 4.225243521963937710e+00 2.845665098490771872e+00 4.564514783201803816e+00
6.892976588628762613e+01 8.785414261728385725e-05 2.871638235503593872e+00 4.288020591612414556e+00 2.848048271838791834e+00 4.583569189530422250e+00
6.923076923076924061e+01 1.406399440081141576e-04 2.873796687550290940e+00 4.355044947567514591e+00 2.850431445186811796e+00 4.607464918248645347e+00
6.953177257525084087e+01 2.200368245846340319e-04 2.875955139596988008e+00 4.423181302585421193e+00 2.852814618534831759e+00 4.643092627128832639e+00
6.983277591973244114e+01 3.109593670215501709e-04 2.878113591643685076e+00 4.489689597225048345e+00 2.855197791882851277e+00 4.695127707211008250e+00
7.013377926421405562e+01 4.386238669636829913e-04 2.880272043690381700e+00 4.552422845166544718e+00 2.857580965230871239e+00 4.764478104755776044e+00
7.043478260869565588e+01 5.979653195267466397e-04 2.882430495737078768e+00 4.609616438989481146e+00 2.859964138578891202e+00 4.847976644449934369e+00
7.073578595317725615e+01 7.310099092346139440e-04 2.884588947783775836e+00 4.659605683399578702e+00 2.862347311926911164e+00 4.939215235412415694e+00
7.103678929765887062e+01 8.603088411298415086e-04 2.886747399830472460e+00 4.700746549666746432e+00 2.864730485274931127e+00 5.029984556806205376e+00
7.133779264214047089e+01 1.047245034585169614e-03 2.888905851877169528e+00 4.731586649198209926e+00 2.867113658622950645e+00 5.111740518472849715e+00
7.163879598662208537e+01 1.284268241785715883e-03 2.891064303923866596e+00 4.751147351575460753e+00 2.869496831970970607e+00 5.176789889605620587e+00
7.193979933110368563e+01 1.509219795704117625e-03 2.893222755970563664e+00 4.759160193515065806e+00 2.871880005318990570e+00 5.219198246220760673e+00
7.224080267558528590e+01 1.728971775967849157e-03 2.895381208017260732e+00 4.756209092762141211e+00 2.874263178667010532e+00 5.235530719604438055e+00
7.254180602006690037e+01 2.074208335772740903e-03 2.897539660063957356e+00 4.743820307665678193e+00 2.876646352015030494e+00 5.225406689307777519e+00
7.284280936454850064e+01 2.606212629956304681e-03 2.899698112110654424e+00 4.724514483608334814e+00 2.879029525363050013e+00 5.191662449116065225e+00
7.314381270903010090e+01 3.211968950573437613e-03 2.901856564157351492e+00 4.701726420281874042e+00 2.881412698711069975e+00 5.139897128029308426e+00
7.344481605351171538e+01 3.822918687455992975e-03 2.904015016204048116e+00 4.679445461136726436e+00 2.883795872059089938e+00 5.077398462157523440e+00
7.374581939799331565e+01 4.462805426309270247e-03 2.906173468250745184e+00 4.661538172843857630e+00 2.886179045407109900e+00 5.011749482140851697e+00
7.404682274247491591e+01 5.094565969679075434e-03 2.908331920297442252e+00 4.650945737352711440e+00 2.888562218755129862e+00 4.949552313443032148e+00
7.434782608695653039e+01 5.683519612950506915e-03 2.910490372344138876e+00 4.649124457534541399e+00 2.890945392103149381e+00 4.895562217507128722e+00
7.464882943143813065e+01 6.334107909540593294e-03 2.912648824390835944e+00 4.656043548510143459e+00 2.893328565451169343e+00 4.852251095968278527e+00
7.494983277591973092e+01 7.169032184719392221e-03 2.914807276437533012e+00 4.670759270273398656e+00 2.895711738799189305e+00 4.819669293090664830e+00
7.525083612040134540e+01 8.264948424915683628e-03 2.916965728484230080e+00 4.692242234034885939e+00 2.898094912147209268e+00 4.795544996733009491e+00
7.555183946488294566e+01 9.581354100505411545e-03 2.919124180530927148e+00 4.720001161043059668e+00 2.900478085495229230e+00 4.775705935149597181e+00
7.585284280936456014e+01 1.101761185493161689e-02 2.921282632577623772e+00 4.754222374848749766e+00 2.902861258843248748e+00 4.754920314397581116e+00
7.615384615384616041e+01 1.255160379802763154e-02 2.923441084624320840e+00 4.795480298187880130e+00 2.905244432191268711e+00 4.728086458068591291e+00
7.645484949832776067e+01 1.409582287962194043e-02 2.925599536671017908e+00 4.844296157820204840e+00 2.907627605539288673e+00 4.691486833968899539e+00
7.675585284280937515e+01 1.582872698428150829e-02 2.927757988717714532e+00 4.900773638448235658e+00 2.910010778887308636e+00 4.643716320380162799e+00
7.705685618729097541e+01 1.799661868846264348e-02 2.929916440764411600e+00 4.964318855215537063e+00 2.912393952235328598e+00 4.585949979087067696e+00
7.735785953177257568e+01 2.016810296659964433e-02 2.932074892811108668e+00 5.033310798533935149e+00 2.914777125583348116e+00 4.521402614727296765e+00
7.765886287625419016e+01 2.200649791802303940e-02 2.934233344857805736e+00 5.104693567507803564e+00 2.917160298931368079e+00 4.454101867260081171e+00
7.795986622073579042e+01 2.391235986559627977e-02 2.936391796904502804e+00 5.173729142482408783e+00 2.919543472279388041e+00 4.387382898803377174e+00
7.826086956521739069e+01 2.610536796217755376e-02 2.938550248951199428e+00 5.234309124218644804e+00 2.921926645627408003e+00 4.322700772325418939e+00
7.856187290969900516e+01 2.848530743508534413e-02 2.940708700997896496e+00 5.280057408954640152e+00 2.924309818975427966e+00 4.259303418542547348e+00
7.886287625418060543e+01 3.128260081231917095e-02 2.942867153044593564e+00 5.306003862679357752e+00 2.926692992323447484e+00 4.194947562889482562e+00
7.916387959866221991e+01 3.460281207446683216e-02 2.945025605091290188e+00 5.310169956242341449e+00 2.929076165671467447e+00 4.127295522877887812e+00
7.946488294314382017e+01 3.778435803770377466e-02 2.947184057137987256e+00 5.294316472191670897e+00 2.931459339019487409e+00 4.055211937296451019e+00
7.976588628762542044e+01 4.024367302655759010e-02 2.949342509184684324e+00 5.263465481698964332e+00 2.933842512367507371e+00 3.979199664392704339e+00
8.006688963210703491e+01 4.210374413027274249e-02 2.951500961231381392e+00 5.224404707906289858e+00 2.936225685715527334e+00 3.900728802975280463e+00
8.036789297658863518e+01 4.378419855836394869e-02 2.953659413278078461e+00 5.183836889806125114e+00 2.938608859063546852e+00 3.820911108236032749e+00
8.066889632107023544e+01 4.583135017153802671e-02 2.955817865324775084e+00 5.146905115139657205e+00 2.940992032411566814e+00 3.739375044996597452e+00
8.096989966555184992e+01 4.863416366291697934e-02 2.957976317371472152e+00 5.116547689818156108e+00 2.943375205759586777e+00 3.654032753204306871e+00
8.127090301003345019e+01 5.184785230911879289e-02 2.960134769418169221e+00 5.093742299200054724e+00 2.945758379107606739e+00 3.561849233020011329e+00
8.157190635451505045e+01 5.474385120897180129e-02 2.962293221464865844e+00 5.078389867661398327e+00 2.948141552455626702e+00 3.460146350390021830e+00
8.187290969899666493e+01 5.730485839949527038e-02 2.964451673511562912e+00 5.070423067061788913e+00 2.950524725803646220e+00 3.347737069579924896e+00
8.217391304347826519e+01 5.997084516545236194e-02 2.966610125558259980e+00 5.070683270840976142e+00 2.952907899151666182e+00 3.225338021026409763e+00
8.247491638795986546e+01 6.289032340278913336e-02 2.968768577604956604e+00 5.081194706515520743e+00 2.955291072499686145e+00 3.095093978611440644e+00
8.277591973244147994e+01 6.648265061814005727e-02 2.970927029651653672e+00 5.104688722932587019e+00 2.957674245847706107e+00 2.959476615676666533e+00
8.307692307692308020e+01 7.065389853046101509e-02 2.973085481698350740e+00 5.143527648265144414e+00 2.960057419195726069e+00 2.820123005495217772e+00
8.337792642140469468e+01 7.440341484459701837e-02 2.975243933745047809e+00 5.198382042531706659e+00 2.962440592543745588e+00 2.677194421715812123e+00
8.367892976588629494e+01 7.707690883279046112e-02 2.977402385791744877e+00 5.266988565983587556e+00 2.964823765891765550e+00 2.529501822072808714e+00
8.397993311036789521e+01 7.906949505385429955e-02 2.979560837838441500e+00 5.343097001938414969e+00 2.967206939239785513e+00 2.375149451383960830e+00
8.428093645484950969e+01 8.164849359975252796e-02 2.981719289885138569e+00 5.415530843856200427e+00 2.969590112587805475e+00 2.212172585579161410e+00
8.458193979933110995e+01 8.504674425809527483e-02 2.983877741931835637e+00 5.467381402860092443e+00 2.971973285935825437e+00 2.038832976883594661e+00
8.488294314381271022e+01 8.831385700654101334e-02 2.986036193978532260e+00 5.475772692346450476e+00 2.974356459283844956e+00 1.853714062642851879e+00
8.518394648829432469e+01 9.145803655305716207e-02 2.988194646025229329e+00 5.413109573387325568e+00 2.976739632631864918e+00 1.656061002626313394e+00
8.548494983277592496e+01 9.467117672245010940e-02 2.990353098071926397e+00 5.250788590063418582e+00 2.979122805979884880e+00 1.446620373468010090e+00
8.578595317725752523e+01 9.736195820810286672e-02 2.992511550118623465e+00 4.965626813108928062e+00 2.981505979327904843e+00 1.228696720460214609e+00
8.608695652173913970e+01 1.000332193380967516e-01 2.994670002165320533e+00 4.547796827978868528e+00 2.983889152675924805e+00 1.008733118764886916e+00
8.638795986622073997e+01 1.039635127600029157e-01 2.996828454212017157e+00 4.007513179269631465e+00 2.986272326023944323e+00 7.958102950805269193e-01
8.668896321070235444e+01 1.085652177671459634e-01 2.998986906258714225e+00 3.377161169903873716e+00 2.988655499371964286e+00 6.000022255193826481e-01
8.698996655518395471e+01 1.123248948448117290e-01 3.001145358305411293e+00 2.706773422133687657e+00 2.991038672719984248e+00 4.301459791037861580e-01
8.729096989966555498e+01 1.153695003759466625e-01 3.003303810352107917e+00 2.053499498342902907e+00 2.993421846068004211e+00 2.918865074026138484e-01
8.759197324414716945e+01 1.178861254325122288e-01 3.005462262398804985e+00 1.468585541683327778e+00 2.995805019416024173e+00 1.867019952889260037e-01
8.789297658862876972e+01 1.191891798739958958e-01 3.007620714445502053e+00 9.866543910501398562e-01 2.998188192764043691e+00 1.121462169059673358e-01
8.819397993311036998e+01 1.191266475493210353e-01 3.009779166492198677e+00 6.209259391633960012e-01 3.000571366112063654e+00 6.304188305466772169e-02
8.849498327759198446e+01 1.187832601714365194e-01 3.011937618538895745e+00 3.651614699461981917e-01 3.002954539460083616e+00 3.306166250717203214e-02
8.879598662207358473e+01 1.188074828249650328e-01 3.014096070585592813e+00 2.002818223689252775e-01 3.005337712808103579e+00 1.613029690235529348e-02
8.909698996655518499e+01 1.184587797504911694e-01 3.016254522632289881e+00 1.022820372040267184e-01 3.007720886156123541e+00 7.302637030775709082e-03
8.939799331103679947e+01 1.174402866497241266e-01 3.018412974678986949e+00 4.857024685517970924e-02 3.010104059504143059e+00 3.060956130640722292e-03
8.969899665551839973e+01 1.169065790569616542e-01 3.020571426725683573e+00 2.142228687069976448e-02 3.012487232852163022e+00 1.185529046362238971e-03
9.000000000000000000e+01 1.169743946077288765e-01 3.022729878772380641e+00 8.767555194195612508e-03 3.014870406200182984e+00 4.235378279998171821e-04
