0.000000000000000000e+00 4.517892016710026294e-256 7.465936422156135843e-03 3.025312656792427091e-06 1.316807276199136179e-02 3.305047176716194883e-06
3.010033444816053727e-01 1.511183042092936941e-250 1.643471178448075928e-02 1.238154011425743406e-05 2.146119935874130080e-02 1.522960762082270696e-05
6.020066889632107454e-01 8.633131712083203603e-245 2.540348714680538272e-02 3.990766664483321070e-05 2.975432595549123982e-02 5.121304749370203123e-05
9.030100334448161181e-01 4.211722384198539905e-239 3.437226250913000269e-02 9.711514866732009381e-05 3.804745255224117884e-02 1.256356596397206120e-04
1.204013377926421491e+00 1.754652751664354951e-233 4.334103787145462960e-02 1.786737237136252034e-04 4.634057914899111785e-02 2.255038073664081299e-04
1.505016722408026864e+00 6.242559657677186204e-228 5.230981323377925651e-02 2.512191334740204187e-04 5.463370574574105687e-02 3.004369426572682240e-04
1.806020066889632236e+00 1.896593665943801908e-222 6.127858859610387648e-02 2.821390388527754249e-04 6.292683234249099589e-02 3.176121108789927219e-04
2.107023411371237387e+00 4.920689538949645579e-217 7.024736395842849646e-02 2.928951293837551680e-04 7.121995893924093490e-02 3.352345692733876077e-04
2.408026755852842982e+00 1.090228946832117823e-211 7.921613932075312337e-02 3.595682049651394217e-04 7.951308553599087392e-02 4.746850873510356111e-04
2.709030100334448576e+00 2.062763924799748457e-206 8.818491468307775027e-02 5.257954264319855513e-04 8.780621213274081294e-02 7.748373086465762958e-04
3.010033444816053727e+00 3.332893381850411117e-201 9.715369004540237718e-02 7.167574110653122639e-04 9.609933872949075195e-02 1.081577420201441583e-03
3.311036789297658878e+00 4.598682106792901008e-196 1.061224654077269902e-01 7.828684470222561659e-04 1.043924653262406910e-01 1.152423066159165678e-03
3.612040133779264472e+00 5.418579281129753724e-191 1.150912407700516171e-01 6.539844899473995238e-04 1.126855919229906300e-01 9.123814795570371790e-04
3.913043478260870067e+00 5.452272454589798739e-186 1.240600161323762440e-01 4.131014332876877123e-04 1.209787185197405690e-01 5.330835124703949554e-04
4.214046822742474774e+00 4.685001585698445680e-181 1.330287914947008709e-01 1.967944753247768258e-04 1.292718451164905080e-01 2.292229052619313703e-04
4.515050167224080369e+00 3.437811099443003396e-176 1.419975668570254701e-01 7.066686480456418657e-05 1.375649717132404470e-01 7.240675643778586069e-05
4.816053511705685963e+00 2.154241318343415525e-171 1.509663422193501248e-01 1.919575749080612193e-05 1.458580983099903861e-01 1.684198717794780555e-05
5.117056856187291558e+00 1.152780889198254185e-166 1.599351175816747239e-01 4.513666200771065822e-06 1.541512249067403251e-01 3.483650374950143932e-06
5.418060200668897153e+00 5.267921074570428480e-162 1.689038929439993786e-01 4.372127109808462465e-06 1.624443515034902641e-01 4.636222074831240017e-06
5.719063545150501859e+00 2.055757227824006700e-157 1.778726683063239777e-01 1.770416669950294132e-05 1.707374781002402031e-01 2.111103634357398530e-05
6.020066889632107454e+00 6.850850128835764826e-153 1.868414436686486324e-01 6.294584348300348293e-05 1.790306046969901421e-01 7.602607889774809654e-05
6.321070234113713049e+00 1.949652372839299940e-148 1.958102190309732316e-01 1.720016907355962656e-04 1.873237312937400811e-01 2.009824280705614955e-04
6.622073578595317755e+00 4.738162739525892542e-144 2.047789943932978307e-01 3.609874091073852348e-04 1.956168578904900202e-01 3.896224674517350934e-04
6.923076923076923350e+00 9.833380365146074967e-140 2.137477697556224854e-01 5.836513382106682654e-04 2.039099844872399592e-01 5.545349652596228557e-04
7.224080267558528945e+00 1.742752757094753674e-135 2.227165451179470845e-01 7.290790919092183988e-04 2.122031110839898982e-01 5.827611524251073661e-04
7.525083612040134540e+00 2.637599144516410154e-131 2.316853204802717392e-01 7.052703669933481747e-04 2.204962376807398372e-01 4.655020804239813474e-04
7.826086956521740134e+00 3.408959823308641966e-127 2.406540958425963384e-01 5.290175393117981352e-04 2.287893642774897762e-01 3.212898863333629252e-04
8.127090301003345729e+00 3.762487338725538751e-123 2.496228712049209930e-01 3.077164466022032775e-04 2.370824908742397152e-01 2.645562461865332829e-04
8.428093645484949548e+00 3.546241323417921565e-119 2.585916465672455922e-01 1.386344565104772079e-04 2.453756174709896543e-01 2.952047491676628842e-04
8.729096989966555142e+00 2.854313029765064876e-115 2.675604219295702468e-01 4.826556523024120562e-05 2.536687440677395933e-01 3.348178842767404306e-04
9.030100334448160737e+00 1.961891513791458591e-111 2.765291972918948460e-01 1.295459831304729974e-05 2.619618706644895045e-01 3.394979626955052553e-04
9.331103678929766332e+00 1.151564987469191689e-107 2.854979726542195007e-01 2.755007602434582676e-06 2.702549972612394713e-01 3.368029247432663691e-04
9.632107023411371927e+00 5.772208235262095237e-104 2.944667480165440998e-01 1.066695402411145914e-06 2.785481238579894381e-01 3.521604405326016251e-04
9.933110367892977521e+00 2.470788680118313365e-100 3.034355233788686990e-01 3.591605957614396576e-06 2.868412504547394049e-01 3.639192582643188765e-04
1.023411371237458312e+01 9.031695572378924955e-97 3.124042987411933536e-01 1.462094667367628240e-05 2.951343770514892606e-01 3.575832889577752641e-04
1.053511705685618871e+01 2.819311435882232231e-93 3.213730741035179528e-01 4.546466563084950829e-05 3.034275036482392274e-01 3.530523132343244041e-04
1.083612040133779431e+01 7.515482884668803037e-90 3.303418494658426074e-01 1.065712945492598403e-04 3.117206302449891941e-01 3.483258834922129516e-04
1.113712374581939812e+01 1.710845540111779604e-86 3.393106248281672066e-01 1.882735184363719622e-04 3.200137568417391609e-01 3.095696150260112290e-04
1.143812709030100372e+01 3.325866315942208652e-83 3.482794001904918613e-01 2.508353263551981621e-04 3.283068834384890167e-01 2.454191125762967846e-04
1.173913043478260931e+01 5.521268279041067295e-80 3.572481755528164604e-01 2.529988956574274485e-04 3.366000100352389834e-01 2.314289307297444083e-04
1.204013377926421491e+01 7.827318144330836361e-77 3.662169509151411151e-01 1.977799326166625041e-04 3.448931366319889502e-01 3.294840832231181265e-04
1.234113712374582050e+01 9.476046805221894908e-74 3.751857262774657142e-01 1.358765063170061960e-04 3.531862632287389170e-01 4.963617812446284106e-04
1.264214046822742610e+01 9.796737757664993015e-71 3.841545016397903134e-01 1.204674752140074919e-04 3.614793898254887727e-01 5.950101095949687172e-04
1.294314381270903169e+01 8.649198081542211339e-68 3.931232770021149681e-01 1.643260114372201066e-04 3.697725164222387395e-01 5.280807849371920663e-04
1.324414715719063551e+01 6.520941115523541480e-65 4.020920523644395672e-01 2.306624564874411852e-04 3.780656430189887063e-01 3.425382719327472406e-04
1.354515050167224111e+01 4.198409426728243481e-62 4.110608277267642219e-01 2.610838480440623357e-04 3.863587696157386731e-01 1.620358292983354231e-04
1.384615384615384670e+01 2.308337852227609767e-59 4.200296030890888210e-01 2.272835821341840094e-04 3.946518962124885288e-01 5.587930152446879596e-05
1.414715719063545230e+01 1.083812193324437034e-56 4.289983784514134757e-01 1.594008690923054991e-04 4.029450228092384956e-01 1.404768969794241011e-05
1.444816053511705789e+01 4.345590180692821099e-54 4.379671538137380749e-01 1.206287274900571117e-04 4.112381494059884623e-01 2.575415532874197248e-06
1.474916387959866348e+01 1.487933685520565424e-51 4.469359291760626740e-01 1.621071064409719336e-04 4.195312760027384291e-01 3.594016405204057887e-07
1.505016722408026908e+01 4.350693206778819668e-49 4.559047045383873287e-01 2.913486304051908613e-04 4.278244025994882849e-01 1.942636027854956700e-07
1.535117056856187467e+01 1.086359128966203309e-46 4.648734799007119278e-01 4.547642193502333691e-04 4.361175291962382516e-01 1.218061029265538493e-06
1.565217391304348027e+01 2.316479448103829415e-44 4.738422552630365825e-01 5.621423746118701286e-04 4.444106557929882184e-01 6.704378784424687749e-06
1.595317725752508409e+01 4.218164958041285713e-42 4.828110306253611816e-01 5.660742279302606724e-04 4.527037823897381852e-01 2.698971361308696260e-05
1.625418060200669146e+01 6.559318845954633345e-40 4.917798059876858363e-01 5.061548249225707695e-04 4.609969089864880409e-01 7.951542939531174730e-05
1.655518394648829528e+01 8.710317782316817496e-38 5.007485813500104355e-01 4.500254990517867136e-04 4.692900355832380077e-01 1.726222338254861967e-04
1.685618729096989910e+01 9.877552169958383020e-36 5.097173567123349791e-01 4.214894929665167177e-04 4.775831621799879745e-01 2.812350360651935969e-04
1.715719063545150647e+01 9.565435315700290960e-34 5.186861320746596338e-01 4.038645452670308351e-04 4.858762887767379413e-01 3.594934885869748692e-04
1.745819397993311028e+01 7.910432354488388746e-32 5.276549074369842884e-01 3.731500206154982307e-04 4.941694153734877970e-01 3.934511062006213335e-04
1.775919732441471766e+01 5.586448219051570678e-30 5.366236827993088321e-01 3.184976941934101633e-04 5.024625419702377638e-01 4.105028843713137373e-04
1.806020066889632147e+01 3.369080662451116170e-28 5.455924581616334867e-01 2.638893290293535207e-04 5.107556685669877306e-01 4.292712566383755394e-04
1.836120401337792885e+01 1.735110408709750842e-26 5.545612335239581414e-01 2.652456980868993209e-04 5.190487951637376973e-01 4.472557574229160259e-04
1.866220735785953266e+01 7.631025344094204201e-25 5.635300088862827961e-01 3.529238445355264682e-04 5.273419217604875531e-01 4.718995779684613556e-04
1.896321070234114003e+01 2.866016930234950735e-23 5.724987842486073397e-01 4.746249752242561013e-04 5.356350483572375198e-01 5.212589782920137253e-04
1.926421404682274385e+01 9.192098763254998083e-22 5.814675596109319944e-01 5.255976019825893625e-04 5.439281749539874866e-01 6.103944654793078736e-04
1.956521739130434767e+01 2.517622939664769995e-20 5.904363349732566491e-01 4.553127816403912268e-04 5.522213015507374534e-01 7.372056722366907922e-04
1.986622073578595504e+01 5.888528304793671597e-19 5.994051103355811927e-01 3.238251487764735328e-04 5.605144281474874202e-01 8.446540142139734439e-04
2.016722408026755886e+01 1.176150565161892865e-17 6.083738856979058474e-01 2.338726134088562746e-04 5.688075547442372759e-01 8.317460386401290349e-04
2.046822742474916623e+01 2.006130362739872786e-16 6.173426610602305020e-01 2.270213525639822613e-04 5.771006813409872427e-01 6.573985665588233038e-04
2.076923076923077005e+01 2.922102562918427429e-15 6.263114364225551567e-01 2.588094905049309787e-04 5.853938079377372095e-01 4.042216045736515221e-04
2.107023411371237742e+01 3.634727309818153647e-14 6.352802117848797003e-01 2.595244117691643563e-04 5.936869345344870652e-01 2.018009487069365225e-04
2.137123745819398124e+01 3.860897640072845216e-13 6.442489871472043550e-01 2.070031465086530115e-04 6.019800611312370320e-01 1.199181305954396268e-04
2.167224080267558861e+01 3.502231228670218162e-12 6.532177625095290097e-01 1.408318019357396094e-04 6.102731877279869988e-01 1.504170587947371927e-04
2.197324414715719243e+01 2.712947686752242322e-11 6.621865378718535533e-01 1.187701343321594804e-04 6.185663143247369655e-01 2.358849166051415125e-04
2.227424749163879625e+01 1.794643115966787285e-10 6.711553132341782080e-01 1.728625852682328301e-04 6.268594409214869323e-01 2.948883672312082650e-04
2.257525083612040362e+01 1.013805983484581997e-09 6.801240885965028626e-01 2.957050491397545506e-04 6.351525675182367880e-01 2.715351648527145360e-04
2.287625418060200744e+01 4.890707364401310358e-09 6.890928639588275173e-01 4.512985228919931470e-04 6.434456941149867548e-01 1.826187909286889222e-04
2.317725752508361481e+01 2.014784401171226145e-08 6.980616393211520609e-01 6.079225454848483697e-04 6.517388207117367216e-01 9.065075855109854257e-05
2.347826086956521863e+01 7.088030159536541979e-08 7.070304146834767156e-01 7.732141928338692478e-04 6.600319473084865773e-01 3.891082872936675228e-05
2.377926421404682600e+01 2.129426275142771920e-07 7.159991900458013703e-01 9.886496575499282170e-04 6.683250739052365441e-01 3.667081234228413100e-05
2.408026755852842982e+01 5.463107357345365352e-07 7.249679654081260249e-01 1.283769580384327329e-03 6.766182005019865109e-01 8.758347115927544513e-05
2.438127090301003363e+01 1.196897435172230852e-06 7.339367407704505686e-01 1.658954365522003101e-03 6.849113270987364777e-01 2.021275182480025614e-04
2.468227424749164101e+01 2.239309963098319062e-06 7.429055161327752232e-01 2.132891582401362854e-03 6.932044536954864444e-01 3.933478971216761546e-04
2.498327759197324482e+01 3.577762956459362649e-06 7.518742914950998779e-01 2.766664139114349222e-03 7.014975802922363002e-01 6.993593034763405034e-04
2.528428093645485220e+01 4.881451612173459639e-06 7.608430668574244216e-01 3.587982515013241232e-03 7.097907068889862670e-01 1.205499458434038844e-03
2.558528428093645601e+01 5.687566518943605148e-06 7.698118422197490762e-01 4.509812304390566767e-03 7.180838334857362337e-01 1.996879064441726710e-03
2.588628762541806339e+01 5.659056944275924626e-06 7.787806175820737309e-01 5.336579111491191428e-03 7.263769600824860895e-01 3.120439624307949546e-03
2.618729096989966720e+01 4.808412460068831041e-06 7.877493929443983856e-01 5.827653984385439828e-03 7.346700866792360562e-01 4.628241094915064476e-03
2.648829431438127102e+01 3.488987701575820761e-06 7.967181683067229292e-01 5.852833395237197131e-03 7.429632132759860230e-01 6.528761750518141671e-03
2.678929765886287839e+01 2.161908161387538604e-06 8.056869436690475839e-01 5.609572956999328043e-03 7.512563398727359898e-01 8.626007476279730704e-03
2.709030100334448221e+01 1.143971435990476505e-06 8.146557190313722385e-01 5.572280039892370425e-03 7.595494664694859566e-01 1.047921372479082049e-02
2.739130434782608958e+01 5.169333054310105797e-07 8.236244943936967822e-01 6.045429192696428859e-03 7.678425930662358123e-01 1.152595531639380270e-02
2.769230769230769340e+01 1.994903119511198083e-07 8.325932697560214368e-01 6.837723417906227397e-03 7.761357196629857791e-01 1.142105092542253578e-02
2.799331103678930077e+01 6.583218245882890853e-08 8.415620451183460915e-01 7.538708027459157211e-03 7.844288462597357459e-01 1.048704140484796321e-02
2.829431438127090459e+01 1.908298977753963061e-08 8.505308204806707462e-01 7.992674592175716408e-03 7.927219728564856016e-01 9.585598964971901725e-03
2.859531772575251196e+01 7.416685464061571783e-09 8.594995958429952898e-01 8.267623099165347794e-03 8.010150994532355684e-01 9.341324747472911499e-03
2.889632107023411578e+01 1.380301117218086698e-08 8.684683712053199445e-01 8.332525630902452157e-03 8.093082260499855352e-01 9.739115902110082393e-03
2.919732441471571960e+01 4.791759248615532933e-08 8.774371465676445991e-01 8.082465837918339363e-03 8.176013526467355019e-01 1.038972052315005785e-02
2.949832775919732697e+01 1.511186633634913646e-07 8.864059219299691428e-01 7.553005715676118850e-03 8.258944792434854687e-01 1.072419484988498990e-02
2.979933110367893079e+01 4.082239160643771009e-07 8.953746972922937974e-01 6.859219332799555875e-03 8.341876058402353245e-01 1.011365673785446888e-02
3.010033444816053816e+01 9.418489869612167547e-07 9.043434726546184521e-01 6.021981593154810894e-03 8.424807324369852912e-01 8.385050110357082642e-03
3.040133779264214198e+01 1.855697287235365977e-06 9.133122480169431068e-01 5.021592533063541294e-03 8.507738590337352580e-01 6.088499411552770850e-03
3.070234113712374935e+01 3.122289763263794835e-06 9.222810233792676504e-01 3.947797972113009299e-03 8.590669856304851137e-01 3.934958354113981746e-03
3.100334448160535317e+01 4.486207518314362605e-06 9.312497987415923051e-01 2.968441931434964796e-03 8.673601122272350805e-01 2.258019521948824004e-03
3.130434782608696054e+01 5.504597741379825616e-06 9.402185741039169597e-01 2.191347277689268021e-03 8.756532388239850473e-01 1.105570034623633985e-03
3.160535117056856436e+01 5.767822556508158936e-06 9.491873494662415034e-01 1.633907416688669878e-03 8.839463654207350141e-01 4.386251846207706528e-04
3.190635451505016817e+01 5.161052410963033655e-06 9.581561248285661581e-01 1.287028776787064750e-03 8.922394920174849808e-01 1.429113517181863284e-04
3.220735785953177555e+01 3.943707736637656713e-06 9.671249001908908127e-01 1.161394919041425699e-03 9.005326186142348366e-01 6.759753048210699611e-05
3.250836120401338292e+01 2.573423427050500701e-06 9.760936755532154674e-01 1.269093737951427830e-03 9.088257452109848034e-01 1.117668379214629959e-04
3.280936454849498318e+01 1.434028731641707594e-06 9.850624509155400110e-01 1.526804026082659999e-03 9.171188718077347701e-01 2.320871197074631691e-04
3.311036789297659055e+01 6.824086608554136935e-07 9.940312262778646657e-01 1.707315998937720567e-03 9.254119984044846259e-01 3.851710564472624618e-04
3.341137123745819792e+01 2.773136724133723728e-07 1.003000001640189431e+00 1.613163743040887856e-03 9.337051250012345927e-01 4.996301627332041216e-04
3.371237458193979819e+01 9.623612087866526114e-08 1.011968777002513864e+00 1.290900878305193539e-03 9.419982515979845594e-01 5.117162383581611755e-04
3.401337792642140556e+01 2.851970379082286603e-08 1.020937552364838519e+00 9.507183402900380373e-04 9.502913781947345262e-01 4.145387097712376545e-04
3.431438127090301293e+01 7.217586325079709356e-09 1.029906327727163173e+00 7.139719360881880686e-04 9.585845047914844930e-01 2.647913627008674476e-04
3.461538461538462030e+01 1.559836354348042358e-09 1.038875103089487828e+00 5.559873603070406879e-04 9.668776313882343487e-01 1.423946700825427358e-04
3.491638795986622057e+01 2.878764668408931030e-10 1.047843878451812483e+00 4.391992713329725094e-04 9.751707579849843155e-01 1.097153952062887854e-04
3.521739130434782794e+01 4.537047901344355841e-11 1.056812653814137137e+00 3.795538324910216780e-04 9.834638845817342823e-01 2.088559841612527422e-04
3.551839464882943531e+01 6.106335188419590640e-12 1.065781429176461570e+00 3.892339596080212510e-04 9.917570111784841380e-01 4.533145866152415884e-04
3.581939799331104268e+01 7.018236355527349600e-13 1.074750204538786225e+00 4.317352812685477177e-04 1.000050137775233994e+00 7.729281666907373682e-04
3.612040133779264295e+01 6.888353320083292387e-14 1.083718979901110879e+00 4.539524646586154378e-04 1.008343264371984072e+00 1.017349198091932905e-03
3.642140468227425032e+01 5.773550374471845833e-15 1.092687755263435534e+00 4.380867039621707485e-04 1.016636390968733927e+00 1.100017683744553606e-03
3.672240802675585769e+01 4.132644034075607368e-16 1.101656530625760189e+00 4.189888259136153518e-04 1.024929517565484005e+00 1.082680599188752361e-03
3.702341137123745796e+01 2.565673360906045600e-17 1.110625305988084843e+00 4.527814817207467075e-04 1.033222644162233861e+00 1.034865180667976937e-03
3.732441471571906533e+01 9.421604495858750765e-18 1.119594081350409498e+00 5.501214202613207392e-04 1.041515770758983717e+00 9.137220772887839383e-04
3.762541806020067270e+01 1.410789944684965591e-16 1.128562856712733931e+00 6.459860942915150034e-04 1.049808897355733794e+00 6.744821907102429648e-04
3.792642140468228007e+01 2.095798771879034018e-15 1.137531632075058585e+00 6.602529157323800682e-04 1.058102023952483650e+00 3.885666990860553948e-04
3.822742474916388034e+01 2.659848552989871150e-14 1.146500407437383240e+00 5.731898376884759757e-04 1.066395150549233728e+00 1.689934024336084233e-04
3.852842809364548771e+01 2.882735346414271438e-13 1.155469182799707895e+00 4.237758414832718847e-04 1.074688277145983584e+00 5.465842066359828574e-05
3.882943143812709508e+01 2.668042313589859865e-12 1.164437958162032549e+00 2.647461205557490342e-04 1.082981403742733439e+00 1.304936653237792840e-05
3.913043478260869534e+01 2.108728790340112425e-11 1.173406733524357204e+00 1.362896673230249865e-04 1.091274530339483517e+00 2.289929056257949308e-06
3.943143812709030271e+01 1.423274986104419774e-10 1.182375508886681859e+00 5.608855324070594869e-05 1.099567656936233373e+00 2.945703053932930324e-07
3.973244147157191009e+01 8.203458412556601106e-10 1.191344284249006291e+00 1.800822998629579317e-05 1.107860783532983451e+00 2.772766629914856947e-08
4.003344481605351746e+01 4.037803866516673296e-09 1.200313059611330946e+00 4.440310248402557895e-06 1.116153910129733307e+00 1.907510933349565288e-09
4.033444816053511772e+01 1.697201993156624724e-08 1.209281834973655601e+00 8.332744988162564890e-07 1.124447036726483162e+00 9.582747536998447526e-11
4.063545150501672509e+01 6.092028430205113184e-08 1.218250610335980255e+00 1.184396024776412628e-07 1.132740163323233240e+00 3.519312885468829255e-12
4.093645484949833246e+01 1.867370030410846953e-07 1.227219385698304910e+00 1.271896398491275639e-08 1.141033289919983096e+00 3.752419987957612099e-13
4.123745819397993273e+01 4.888086946896190422e-07 1.236188161060629565e+00 1.030618273880741884e-09 1.149326416516732952e+00 9.901653503143731343e-12
4.153846153846154010e+01 1.092666265093040065e-06 1.245156936422954219e+00 6.297308643408991094e-11 1.157619543113483029e+00 2.552065889043408067e-10
4.183946488294314747e+01 2.085817093589323241e-06 1.254125711785278652e+00 2.900576831934169379e-12 1.165912669710232885e+00 4.821115291781621621e-09
4.214046822742475484e+01 3.400204081555792898e-06 1.263094487147603306e+00 1.015152273277613567e-13 1.174205796306982741e+00 6.678992386018907933e-08
4.244147157190635511e+01 4.733406700318448414e-06 1.272063262509927961e+00 3.679978945976938289e-14 1.182498922903732819e+00 6.792249507725558545e-07
4.274247491638796248e+01 5.627075377971173062e-06 1.281032037872252616e+00 1.072676355835433825e-12 1.190792049500482674e+00 5.077776271802068955e-06
4.304347826086956985e+01 5.712572425298557490e-06 1.290000813234577270e+00 2.537703690496761631e-11 1.199085176097232752e+00 2.796555692641854035e-05
4.334448160535117722e+01 4.952457762821053076e-06 1.298969588596901925e+00 4.524476784283829220e-10 1.207378302693982608e+00 1.138545403352461216e-04
4.364548494983277749e+01 3.666485031142871144e-06 1.307938363959226580e+00 6.079096461533383761e-09 1.215671429290732464e+00 3.446340642093388218e-04
4.394648829431438486e+01 2.318030405185962853e-06 1.316907139321551012e+00 6.155665304831604158e-08 1.223964555887482542e+00 7.835643943371360188e-04
4.424749163879599223e+01 1.251493062836893998e-06 1.325875914683875667e+00 4.698192698009774394e-07 1.232257682484232397e+00 1.363298734802732750e-03
4.454849498327759250e+01 5.770037606829267981e-07 1.334844690046200322e+00 2.703595729255239728e-06 1.240550809080982475e+00 1.878146452301578161e-03
4.484949832775919987e+01 2.271900644301524262e-07 1.343813465408524976e+00 1.173935848863388809e-05 1.248843935677732331e+00 2.174390128492233350e-03
4.515050167224080724e+01 7.648190717450988654e-08 1.352782240770849631e+00 3.853726459077890014e-05 1.257137062274482187e+00 2.316097428876963057e-03
4.545150501672241461e+01 2.265366354981682914e-08 1.361751016133174286e+00 9.610999295606629893e-05 1.265430188871232264e+00 2.516613399223176662e-03
4.575250836120401488e+01 9.885677587883205051e-09 1.370719791495498940e+00 1.843392014436886865e-04 1.273723315467982120e+00 2.966837813442543739e-03
4.605351170568562225e+01 2.518257025234772460e-08 1.379688566857823373e+00 2.801492590096782247e-04 1.282016442064731976e+00 3.722131697155627115e-03
4.635451505016722962e+01 1.099745836195678607e-07 1.388657342220148028e+00 3.604185253137342343e-04 1.290309568661482054e+00 4.651608519891789993e-03
4.665551839464882988e+01 4.285348639039918877e-07 1.397626117582472682e+00 4.399593812525581901e-04 1.298602695258231909e+00 5.498141179904639589e-03
4.695652173913043725e+01 1.431673885867743769e-06 1.406594892944797337e+00 5.733237613583933630e-04 1.306895821854981765e+00 6.093385512794503682e-03
4.725752508361204463e+01 4.097363954253568889e-06 1.415563668307121992e+00 8.386586260591843587e-04 1.315188948451731843e+00 6.529746545302647989e-03
4.755852842809365200e+01 1.005687464531959023e-05 1.424532443669446646e+00 1.374768475578661475e-03 1.323482075048481699e+00 7.015261930201912959e-03
4.785953177257525226e+01 2.120991439492681107e-05 1.433501219031771301e+00 2.435379097980680096e-03 1.331775201645231776e+00 7.530064361561845075e-03
4.816053511705685963e+01 3.855344912930416346e-05 1.442469994394095956e+00 4.312807868304103197e-03 1.340068328241981632e+00 7.774050829938040398e-03
4.846153846153846700e+01 6.071173585877741741e-05 1.451438769756420388e+00 7.114032177275794039e-03 1.348361454838731488e+00 7.575471548964798386e-03
4.876254180602006727e+01 8.356808043350186959e-05 1.460407545118745043e+00 1.065078455681287006e-02 1.356654581435481566e+00 7.276409414274172434e-03
4.906354515050167464e+01 1.021310650481423301e-04 1.469376320481069698e+00 1.468382989908202478e-02 1.364947708032231422e+00 7.595219506068067936e-03
4.936454849498328201e+01 1.138123440450783971e-04 1.478345095843394352e+00 1.925755927993524907e-02 1.373240834628981499e+00 9.035832510986292060e-03
4.966555183946488938e+01 1.204402326868157981e-04 1.487313871205719007e+00 2.449186436211787943e-02 1.381533961225731355e+00 1.141346505422783514e-02
4.996655518394648965e+01 1.270005540887848611e-04 1.496282646568043662e+00 2.980920763062590642e-02 1.389827087822481211e+00 1.398820626159863641e-02
5.026755852842809702e+01 1.380184386828614183e-04 1.505251421930368316e+00 3.374428780206193551e-02 1.398120214419231289e+00 1.609078377868849649e-02
5.056856187290970439e+01 1.546658382179899561e-04 1.514220197292692749e+00 3.523943504121512804e-02 1.406413341015981144e+00 1.776414031056353787e-02
5.086956521739130466e+01 1.748676212783990521e-04 1.523188972655017404e+00 3.514010049989443191e-02 1.414706467612731000e+00 1.984868022411687832e-02
5.117056856187291203e+01 1.957459464261493279e-04 1.532157748017342058e+00 3.565596077141486298e-02 1.422999594209481078e+00 2.321276619642993061e-02
5.147157190635451940e+01 2.155581082608873410e-04 1.541126523379666713e+00 3.811692284987183016e-02 1.431292720806230934e+00 2.783254361053339593e-02
5.177257525083612677e+01 2.330971842146200201e-04 1.550095298741991368e+00 4.179101013675941279e-02 1.439585847402980789e+00 3.280347754751904849e-02
5.207357859531772704e+01 2.456946475474763294e-04 1.559064074104316022e+00 4.499168409605396046e-02 1.447878973999730867e+00 3.724005089137005092e-02
5.237458193979933441e+01 2.489703686349912896e-04 1.568032849466640677e+00 4.681745680557448247e-02 1.456172100596480723e+00 4.104618663038567955e-02
5.267558528428094178e+01 2.396013087981695286e-04 1.577001624828965110e+00 4.764996753785095962e-02 1.464465227193230801e+00 4.491605632088716687e-02
5.297658862876254204e+01 2.185661126857935111e-04 1.585970400191289764e+00 4.848012507166440249e-02 1.472758353789980657e+00 4.953120694268520197e-02
5.327759197324414941e+01 1.913411258731842002e-04 1.594939175553614419e+00 5.030898410797025877e-02 1.481051480386730512e+00 5.437374183071651962e-02
5.357859531772575679e+01 1.647585965336570088e-04 1.603907950915939074e+00 5.404045054475331566e-02 1.489344606983480590e+00 5.775053129655430967e-02
5.387959866220736416e+01 1.436962815699436452e-04 1.612876726278263728e+00 6.031431979004801824e-02 1.497637733580230446e+00 5.913978160934011546e-02
5.418060200668896442e+01 1.304860948481677827e-04 1.621845501640588383e+00 6.918021996267177676e-02 1.505930860176980524e+00 6.100114427892965735e-02
5.448160535117057179e+01 1.268857099594840538e-04 1.630814277002913038e+00 8.010655742300748505e-02 1.514223986773730379e+00 6.645592307813066868e-02
5.478260869565217916e+01 1.363527111078381801e-04 1.639783052365237470e+00 9.262447917829566557e-02 1.522517113370480235e+00 7.528229130026828364e-02
5.508361204013378654e+01 1.647075827863560596e-04 1.648751827727562125e+00 1.072702801908207437e-01 1.530810239967230313e+00 8.400510442495515151e-02
5.538461538461538680e+01 2.187249098173927860e-04 1.657720603089886779e+00 1.257264735209170647e-01 1.539103366563980169e+00 9.056330681543219019e-02
5.568561872909699417e+01 3.033408293733321436e-04 1.666689378452211434e+00 1.495057063000151121e-01 1.547396493160730024e+00 9.759772250139332750e-02
5.598662207357860154e+01 4.188983280866341000e-04 1.675658153814536089e+00 1.784323185101172604e-01 1.555689619757480102e+00 1.100111867192726106e-01
5.628762541806020181e+01 5.601752930575585763e-04 1.684626929176860743e+00 2.107788107337670580e-01 1.563982746354229958e+00 1.298959666673202562e-01
5.658862876254180918e+01 7.181933519654627425e-04 1.693595704539185398e+00 2.447717476910566681e-01 1.572275872950979814e+00 1.548310257417473967e-01
5.688963210702341655e+01 8.839495355767603259e-04 1.702564479901509831e+00 2.795690056104998544e-01 1.580568999547729891e+00 1.808228644716022016e-01
5.719063545150502392e+01 1.051700403336291913e-03 1.711533255263834485e+00 3.152927521786423326e-01 1.588862126144479747e+00 2.058474237338035751e-01
5.749163879598662419e+01 1.219619333326365553e-03 1.720502030626159140e+00 3.526712752670290718e-01 1.597155252741229825e+00 2.306923511709086383e-01
5.779264214046823156e+01 1.387420657023622677e-03 1.729470805988483795e+00 3.917866431932682247e-01 1.605448379337979681e+00 2.577809379430144321e-01
5.809364548494983893e+01 1.553037624517545050e-03 1.738439581350808449e+00 4.307814750753548583e-01 1.613741505934729537e+00 2.891211231470724452e-01
5.839464882943143920e+01 1.712105412734404170e-03 1.747408356713133104e+00 4.669166497959952866e-01 1.622034632531479614e+00 3.239206860604506022e-01
5.869565217391304657e+01 1.862228342060773213e-03 1.756377132075457759e+00 4.990583995941043627e-01 1.630327759128229470e+00 3.578874248624123733e-01
5.899665551839465394e+01 2.008746140863093815e-03 1.765345907437782191e+00 5.286412142391962998e-01 1.638620885724979548e+00 3.856608042056427488e-01
5.929765886287626131e+01 2.165590186565402673e-03 1.774314682800106846e+00 5.594105921038446949e-01 1.646914012321729404e+00 4.053770148417600305e-01
5.959866220735786158e+01 2.348838438835521535e-03 1.783283458162431501e+00 5.970604212092479601e-01 1.655207138918479259e+00 4.219760887180342146e-01
5.989966555183946895e+01 2.567845984214272605e-03 1.792252233524756155e+00 6.471613634536517168e-01 1.663500265515229337e+00 4.447685194317540502e-01
6.020066889632107632e+01 2.821143191667907588e-03 1.801221008887080810e+00 7.114761455215623531e-01 1.671793392111979193e+00 4.801275860869429479e-01
6.050167224080267658e+01 3.099938133167398115e-03 1.810189784249405465e+00 7.871612898034319183e-01 1.680086518708729049e+00 5.266862686504183433e-01
6.080267558528428395e+01 3.396023359024694273e-03 1.819158559611730119e+00 8.707385695588339969e-01 1.688379645305479126e+00 5.773674456458707249e-01
6.110367892976589133e+01 3.707777925592431467e-03 1.828127334974054552e+00 9.607922777897660582e-01 1.696672771902228982e+00 6.261368952317692971e-01
6.140468227424749870e+01 4.039610530256134910e-03 1.837096110336379207e+00 1.054665287143121910e+00 1.704965898498978838e+00 6.744860654728249694e-01
6.170568561872909896e+01 4.395869524772796563e-03 1.846064885698703861e+00 1.145786745925709171e+00 1.713259025095728916e+00 7.298098602584097705e-01
6.200668896321070633e+01 4.775700184622095300e-03 1.855033661061028516e+00 1.228481044253674659e+00 1.721552151692478771e+00 7.942033230006336764e-01
6.230769230769231370e+01 5.175440434256985307e-03 1.864002436423353171e+00 1.302989837858411715e+00 1.729845278289228849e+00 8.579272930171946143e-01
6.260869565217392108e+01 5.598952785892092644e-03 1.872971211785677825e+00 1.372185232539239852e+00 1.738138404885978705e+00 9.090513127242794145e-01
6.290969899665552134e+01 6.068150052055591194e-03 1.881939987148002480e+00 1.437170655463838598e+00 1.746431531482728561e+00 9.485601599517877736e-01
6.321070234113712871e+01 6.623161635293453933e-03 1.890908762510326913e+00 1.500789240563741522e+00 1.754724658079478639e+00 9.914200243569878390e-01
6.351170568561873608e+01 7.309075085083991882e-03 1.899877537872651567e+00 1.571479355703987224e+00 1.763017784676228494e+00 1.051337264310339137e+00
6.381270903010033635e+01 8.159208730413347252e-03 1.908846313234976222e+00 1.656684191474319778e+00 1.771310911272978572e+00 1.127960925620485666e+00
6.411371237458195083e+01 9.189651208678987354e-03 1.917815088597300877e+00 1.753086506581844173e+00 1.779604037869728428e+00 1.211059032255018986e+00
6.441471571906355109e+01 1.040838990807821558e-02 1.926783863959625531e+00 1.849276985033398768e+00 1.787897164466478284e+00 1.293581287157479887e+00
6.471571906354515136e+01 1.182503943216146360e-02 1.935752639321950186e+00 1.938083542000355930e+00 1.796190291063228361e+00 1.377192652049202160e+00
6.501672240802676583e+01 1.344388753173404553e-02 1.944721414684274841e+00 2.019936354558827141e+00 1.804483417659978217e+00 1.466808024417883605e+00
6.531772575250836610e+01 1.524103067357331955e-02 1.953690190046599273e+00 2.094150467231902901e+00 1.812776544256728073e+00 1.563008403812583547e+00
6.561872909698996637e+01 1.714910429483482157e-02 1.962658965408923928e+00 2.156193145629536900e+00 1.821069670853478151e+00 1.659058655543609984e+00
6.591973244147158084e+01 1.907360948177746346e-02 1.971627740771248583e+00 2.207462471119367109e+00 1.829362797450228006e+00 1.744581328282047261e+00
6.622073578595318111e+01 2.093616840959904371e-02 1.980596516133573237e+00 2.261186390038361083e+00 1.837655924046977862e+00 1.816742961709929993e+00
6.652173913043478137e+01 2.271032818245348819e-02 1.989565291495897892e+00 2.334212945658684646e+00 1.845949050643727940e+00 1.889881965816187837e+00
6.682274247491639585e+01 2.442012942394725453e-02 1.998534066858222547e+00 2.432733058041117058e+00 1.854242177240477796e+00 1.986477317120536767e+00
6.712374581939799612e+01 2.610712248450313550e-02 2.007502842220547201e+00 2.542321005697672387e+00 1.862535303837227874e+00 2.111403231359706201e+00
6.742474916387959638e+01 2.779610107679515024e-02 2.016471617582871634e+00 2.631100232100641811e+00 1.870828430433977729e+00 2.241251750361229256e+00
6.772575250836121086e+01 2.947879950389947767e-02 2.025440392945196511e+00 2.670107628887671058e+00 1.879121557030727585e+00 2.348992792953846998e+00
6.802675585284281112e+01 3.111195992059255511e-02 2.034409168307520943e+00 2.655699115953124689e+00 1.887414683627477663e+00 2.433319615095787203e+00
6.832775919732442560e+01 3.262360557855951970e-02 2.043377943669845820e+00 2.610026761285278774e+00 1.895707810224227519e+00 2.513029971300970278e+00
6.862876254180602587e+01 3.393237966144174028e-02 2.052346719032170252e+00 2.558972705491579624e+00 1.904000936820977596e+00 2.600161190331473637e+00
6.892976588628762613e+01 3.498259229203436182e-02 2.061315494394494685e+00 2.513860409081108305e+00 1.912294063417727452e+00 2.691302772498984197e+00
6.923076923076924061e+01 3.578105016855699649e-02 2.070284269756819562e+00 2.474429594310774139e+00 1.920587190014477308e+00 2.778192579740704993e+00
6.953177257525084087e+01 3.641267533473521723e-02 2.079253045119143994e+00 2.439698598080418002e+00 1.928880316611227386e+00 2.852066512457795966e+00
6.983277591973244114e+01 3.701990318791378159e-02 2.088221820481468871e+00 2.409788439693285600e+00 1.937173443207977241e+00 2.901589912842969632e+00
7.013377926421405562e+01 3.774902792125813672e-02 2.097190595843793304e+00 2.382038031052951865e+00 1.945466569804727097e+00 2.921632688860536842e+00
7.043478260869565588e+01 3.868871789278579415e-02 2.106159371206118180e+00 2.349663034684761787e+00 1.953759696401477175e+00 2.924148744953334322e+00
7.073578595317725615e+01 3.983939138538810515e-02 2.115128146568442613e+00 2.305841111839551427e+00 1.962052822998227031e+00 2.928843810924985025e+00
7.103678929765887062e+01 4.113550454021565328e-02 2.124096921930767046e+00 2.251910379017063590e+00 1.970345949594976886e+00 2.943258104176134982e+00
7.133779264214047089e+01 4.250014037529580013e-02 2.133065697293091922e+00 2.199618711361797097e+00 1.978639076191726964e+00 2.960699184460833244e+00
7.163879598662208537e+01 4.388508440458612631e-02 2.142034472655416355e+00 2.160583448265329665e+00 1.986932202788476820e+00 2.971690671285835972e+00
7.193979933110368563e+01 4.526915634401153243e-02 2.151003248017741232e+00 2.133310674560151554e+00 1.995225329385226898e+00 2.965365886424956354e+00
7.224080267558528590e+01 4.662989195750390226e-02 2.159972023380065664e+00 2.101877732085434936e+00 2.003518455981976754e+00 2.927304975122103414e+00
7.254180602006690037e+01 4.792509859631000763e-02 2.168940798742390541e+00 2.047537463980795280e+00 2.011811582578726387e+00 2.849872271516502575e+00
7.284280936454850064e+01 4.910415978077083826e-02 2.177909574104714974e+00 1.961894509421104438e+00 2.020104709175476465e+00 2.742854637822156327e+00
7.314381270903010090e+01 5.013360246515243673e-02 2.186878349467039406e+00 1.849020480296224678e+00 2.028397835772226543e+00 2.628132738258376122e+00
7.344481605351171538e+01 5.100504046875910941e-02 2.195847124829364283e+00 1.717987994913841021e+00 2.036690962368976621e+00 2.524174543264427584e+00
7.374581939799331565e+01 5.171527066274189677e-02 2.204815900191688716e+00 1.578977959051519830e+00 2.044984088965726254e+00 2.433377552355792339e+00
7.404682274247491591e+01 5.224195797680378228e-02 2.213784675554013592e+00 1.444579328336215163e+00 2.053277215562476332e+00 2.340396390874172283e+00
7.434782608695653039e+01 5.254381798397405462e-02 2.222753450916338025e+00 1.325132316962788437e+00 2.061570342159226410e+00 2.226150764887545375e+00
7.464882943143813065e+01 5.259027208320647684e-02 2.231722226278662902e+00 1.220700892906415591e+00 2.069863468755976044e+00 2.088482014385632191e+00
7.494983277591973092e+01 5.240154537896714315e-02 2.240691001640987334e+00 1.124352283555439591e+00 2.078156595352726121e+00 1.946803628917295415e+00
7.525083612040134540e+01 5.206976046624563204e-02 2.249659777003311767e+00 1.033627115200600022e+00 2.086449721949476199e+00 1.823626003500389947e+00
7.555183946488294566e+01 5.173331635393776246e-02 2.258628552365636644e+00 9.524260780734281617e-01 2.094742848546226277e+00 1.723501900368840545e+00
7.585284280936456014e+01 5.150074676863716089e-02 2.267597327727961076e+00 8.819016491133195856e-01 2.103035975142975911e+00 1.632026310705189109e+00
7.615384615384616041e+01 5.136772945721015254e-02 2.276566103090285953e+00 8.160772240919932363e-01 2.111329101739725989e+00 1.533310107881111550e+00
7.645484949832776067e+01 5.120079659089765700e-02 2.285534878452610386e+00 7.478926247058333976e-01 2.119622228336476066e+00 1.424480140444535081e+00
7.675585284280937515e+01 5.082328085697236653e-02 2.294503653814935262e+00 6.755388859786749522e-01 2.127915354933225700e+00 1.312859815033313282e+00
7.705685618729097541e+01 5.014856638166006325e-02 2.303472429177259695e+00 6.022439447977280258e-01 2.136208481529975778e+00 1.202221126602115442e+00
7.735785953177257568e+01 4.925080012089545073e-02 2.312441204539584128e+00 5.330868632089109660e-01 2.144501608126725856e+00 1.087053584246870930e+00
7.765886287625419016e+01 4.831088634914109531e-02 2.321409979901909004e+00 4.724359489392699341e-01 2.152794734723475489e+00 9.631894543880054060e-01
7.795986622073579042e+01 4.748603506425081583e-02 2.330378755264233437e+00 4.218710580975593150e-01 2.161087861320225567e+00 8.374283224427734318e-01
7.826086956521739069e+01 4.681479668778908837e-02 2.339347530626558314e+00 3.792527226799541351e-01 2.169380987916975645e+00 7.209407962877382170e-01
7.856187290969900516e+01 4.622721953507192422e-02 2.348316305988882746e+00 3.399846553617378864e-01 2.177674114513725279e+00 6.182318877232017007e-01
7.886287625418060543e+01 4.563105623936162397e-02 2.357285081351207623e+00 2.997283737315871721e-01 2.185967241110475356e+00 5.266007956492915199e-01
7.916387959866221991e+01 4.498734467813896021e-02 2.366253856713532056e+00 2.569209243840380186e-01 2.194260367707225434e+00 4.430981705704095108e-01
7.946488294314382017e+01 4.431877067042588186e-02 2.375222632075856488e+00 2.135537468537770378e-01 2.202553494303975512e+00 3.689205523926570862e-01
7.976588628762542044e+01 4.366951277998004644e-02 2.384191407438181365e+00 1.737740934536628479e-01 2.210846620900725146e+00 3.074779871061689707e-01
8.006688963210703491e+01 4.307340116820456560e-02 2.393160182800505797e+00 1.415348936779154132e-01 2.219139747497475224e+00 2.602606769497461392e-01
8.036789297658863518e+01 4.255387811711982410e-02 2.402128958162830674e+00 1.188785526217950583e-01 2.227432874094225301e+00 2.256417935431553612e-01
8.066889632107023544e+01 4.212601848305838614e-02 2.411097733525155107e+00 1.053320676129030214e-01 2.235726000690974935e+00 2.004682871776401476e-01
8.096989966555184992e+01 4.177167393897489311e-02 2.420066508887479984e+00 9.821014348411945261e-02 2.244019127287725013e+00 1.808807582379317880e-01
8.127090301003345019e+01 4.141195473812787908e-02 2.429035284249804416e+00 9.387047298865684730e-02 2.252312253884475091e+00 1.617985275232496911e-01
8.157190635451505045e+01 4.092771581662420222e-02 2.438004059612128849e+00 8.942856397591814055e-02 2.260605380481224724e+00 1.387439286022237039e-01
8.187290969899666493e+01 4.023134738794887505e-02 2.446972834974453725e+00 8.355009748477777720e-02 2.268898507077974802e+00 1.118213042379506417e-01
8.217391304347826519e+01 3.932798158786283971e-02 2.455941610336778158e+00 7.602583040887407606e-02 2.277191633674724880e+00 8.582323895789534252e-02
8.247491638795986546e+01 3.830704301441389958e-02 2.464910385699103035e+00 6.731733985858996683e-02 2.285484760271474514e+00 6.556644085748969397e-02
8.277591973244147994e+01 3.727588933703588486e-02 2.473879161061427467e+00 5.841418323597750983e-02 2.293777886868224591e+00 5.241135203073573473e-02
8.307692307692308020e+01 3.630246789303889776e-02 2.482847936423752344e+00 5.035337782352208857e-02 2.302071013464974669e+00 4.461592779992806790e-02
8.337792642140469468e+01 3.541371773707720216e-02 2.491816711786076777e+00 4.358024906828153466e-02 2.310364140061724303e+00 3.943422133141180619e-02
8.367892976588629494e+01 3.463181420764239321e-02 2.500785487148401209e+00 3.774128914754807523e-02 2.318657266658474381e+00 3.516531949094395954e-02
8.397993311036789521e+01 3.399596714975760409e-02 2.509754262510726086e+00 3.197682614727327677e-02 2.326950393255224458e+00 3.183756118403455876e-02
8.428093645484950969e+01 3.354320039995320468e-02 2.518723037873050519e+00 2.571307321589418743e-02 2.335243519851974092e+00 2.968759654560614372e-02
8.458193979933110995e+01 3.326946346394352855e-02 2.527691813235375395e+00 1.943984071041130260e-02 2.343536646448724170e+00 2.761751862374908426e-02
8.488294314381271022e+01 3.311245151270827969e-02 2.536660588597699828e+00 1.430638562995682414e-02 2.351829773045474248e+00 2.432515307149207134e-02
8.518394648829432469e+01 3.297869635763708146e-02 2.545629363960024705e+00 1.078685999659300190e-02 2.360122899642224326e+00 2.008680877914702234e-02
8.548494983277592496e+01 3.280060939311412599e-02 2.554598139322349137e+00 8.279850879333437719e-03 2.368416026238973959e+00 1.606197398950620983e-02
8.578595317725752523e+01 3.257983727109201727e-02 2.563566914684673570e+00 6.092692395714037305e-03 2.376709152835724037e+00 1.270498252293139098e-02
8.608695652173913970e+01 3.237591434856485623e-02 2.572535690046998447e+00 4.200464411199795675e-03 2.385002279432474115e+00 9.758638026277912172e-03
8.638795986622073997e+01 3.224315676594759206e-02 2.581504465409322879e+00 2.894389945071605859e-03 2.393295406029223749e+00 7.030753141139716063e-03
8.668896321070235444e+01 3.217106189415787354e-02 2.590473240771647756e+00 2.180954007996741863e-03 2.401588532625973826e+00 4.634092733550003972e-03
8.698996655518395471e+01 3.208741138284555011e-02 2.599442016133972189e+00 1.781369240731656709e-03 2.409881659222723904e+00 2.795937989116467626e-03
8.729096989966555498e+01 3.192506652052537475e-02 2.608410791496297065e+00 1.492915101592807124e-03 2.418174785819473538e+00 1.628524606516486024e-03
8.759197324414716945e+01 3.168815399145705203e-02 2.617379566858621498e+00 1.304175883109450667e-03 2.426467912416223616e+00 1.026795497850934791e-03
8.789297658862876972e+01 3.145018482513348840e-02 2.626348342220945931e+00 1.203620755764723453e-03 2.434761039012973693e+00 7.546784677841367845e-04
8.819397993311036998e+01 3.128495129209836467e-02 2.635317117583270807e+00 1.074522305356809997e-03 2.443054165609723327e+00 5.992697290750402875e-04
8.849498327759198446e+01 3.120184204766226002e-02 2.644285892945595240e+00 8.265523626681460945e-04 2.451347292206473405e+00 4.475370534750444012e-04
8.879598662207358473e+01 3.115023864068832554e-02 2.653254668307920117e+00 5.109858694664176334e-04 2.459640418803223483e+00 2.831888505171671383e-04
8.909698996655518499e+01 3.107928656909298218e-02 2.662223443670244549e+00 2.461952736722500604e-04 2.467933545399973561e+00 1.424275222041518113e-04
8.939799331103679947e+01 3.098431744739917060e-02 2.671192219032569426e+00 9.126098477415881536e-05 2.476226671996723194e+00 5.481937314586874169e-05
8.969899665551839973e+01 3.090061158682158929e-02 2.680160994394893859e+00 2.587134312229595701e-05 2.484519798593473272e+00 1.579847045337358122e-05
9.000000000000000000e+01 3.086743990931278131e-02 2.689129769757218291e+00 5.590347879473439970e-06 2.492812925190222906e+00 3.367662926282345669e-06
