0.000000000000000000e+00 1.444683862265273844e-02 6.751145046374543157e-04 5.336909351599170709e-02 7.925918579761506710e-05 8.420067041306118494e-01
3.010033444816053727e-01 1.443393080551976654e-02 1.085085343716218897e-02 5.303735459680803538e-02 2.245173780378149735e-03 8.365482839503662893e-01
6.020066889632107454e-01 1.439529415649919326e-02 2.102659236968692363e-02 5.478114561229833340e-02 4.411088374958684402e-03 8.226806259143489841e-01
9.030100334448161181e-01 1.433118851161579825e-02 3.120233130221165829e-02 6.154094674432013939e-02 6.577002969539219070e-03 8.045492919300929469e-01
1.204013377926421491e+00 1.424204486303525842e-02 4.137807023473639295e-02 7.163515013483252869e-02 8.742917564119753737e-03 7.864912259896457147e-01
1.505016722408026864e+00 1.412846173418759628e-02 5.155380916726112761e-02 8.089494358105210614e-02 1.090883215870028927e-02 7.710510432816023441e-01
1.806020066889632236e+00 1.399119923163645585e-02 6.172954809978586227e-02 8.788659370935861248e-02 1.307474675328082307e-02 7.584056738101248030e-01
2.107023411371237387e+00 1.383117025986784453e-02 7.190528703231058305e-02 9.497908700936329163e-02 1.524066134786135687e-02 7.473632555518961995e-01
2.408026755852842982e+00 1.364942864973117502e-02 8.208102596483532465e-02 1.040050244089416875e-01 1.740657594244189241e-02 7.369675326330041853e-01
2.709030100334448576e+00 1.344715437170961383e-02 9.225676489736006625e-02 1.145588152229691931e-01 1.957249053702242794e-02 7.274613059116069591e-01
3.010033444816053727e+00 1.322563649246775129e-02 1.024325038298848078e-01 1.279501335337873413e-01 2.173840513160296348e-02 7.200780353033267023e-01
3.311036789297658878e+00 1.298625497560031844e-02 1.126082427624095217e-01 1.481956299232940200e-01 2.390431972618349554e-02 7.160840166140499674e-01
3.612040133779264472e+00 1.273046271651755504e-02 1.227839816949342633e-01 1.770116148769645681e-01 2.607023432076403108e-02 7.158796962199882596e-01
3.913043478260870067e+00 1.245976925652776679e-02 1.329597206274590049e-01 2.125971213040713237e-01 2.823614891534456661e-02 7.186816795015847914e-01
4.214046822742474774e+00 1.217572740947641882e-02 1.431354595599837187e-01 2.566512571620089278e-01 3.040206350992509868e-02 7.228317216565018910e-01
4.515050167224080369e+00 1.187992357905430854e-02 1.533111984925084603e-01 3.201936986244058869e-01 3.256797810450563768e-02 7.265193721623505185e-01
4.816053511705685963e+00 1.157397192181529484e-02 1.634869374250332019e-01 4.170438044692568180e-01 3.473389269908616628e-02 7.286128041593304960e-01
5.117056856187291558e+00 1.125951183277307949e-02 1.736626763575579435e-01 5.539100079542091937e-01 3.689980729366670875e-02 7.292014410402358759e-01
5.418060200668897153e+00 1.093820762338606513e-02 1.838384152900826851e-01 7.370053217855311312e-01 3.906572188824723735e-02 7.295064668714055234e-01
5.719063545150501859e+00 1.061174883921537845e-02 1.940141542226073990e-01 9.798736524943024717e-01 4.123163648282777982e-02 7.312018785383401775e-01
6.020066889632107454e+00 1.028184950411070719e-02 2.041898931551321406e-01 1.292567429208020702e+00 4.339755107740830842e-02 7.356196112658796027e-01
6.321070234113713049e+00 9.950244706238078884e-03 2.143656320876568822e-01 1.672329485173305486e+00 4.556346567198883701e-02 7.432789524181578900e-01
6.622073578595317755e+00 9.618683330982704185e-03 2.245413710201815960e-01 2.105802578196728891e+00 4.772938026656937949e-02 7.537516623614635147e-01
6.923076923076923350e+00 9.288916322559733624e-03 2.347171099527063376e-01 2.572243735291670941e+00 4.989529486114990808e-02 7.656645996717461600e-01
7.224080267558528945e+00 8.962680516438567904e-03 2.448928488852310792e-01 3.047850898155863852e+00 5.206120945573045056e-02 7.768813371876557294e-01
7.525083612040134540e+00 8.641678717450465216e-03 2.550685878177558208e-01 3.508192072245446713e+00 5.422712405031097915e-02 7.850997679641207316e-01
7.826086956521740134e+00 8.327557207172332429e-03 2.652443267502805901e-01 3.919280021023524796e+00 5.639303864489152163e-02 7.888248752177373646e-01
8.127090301003345729e+00 8.021882183624484686e-03 2.754200656828053040e-01 4.230397543907528757e+00 5.855895323947205022e-02 7.882011305793783507e-01
8.428093645484949548e+00 7.726116741167801498e-03 2.855958046153300178e-01 4.393708255783152161e+00 6.072486783405257882e-02 7.850900222067519474e-01
8.729096989966555142e+00 7.441599902680472167e-03 2.957715435478547872e-01 4.395934939420571119e+00 6.289078242863312129e-02 7.822092917702260229e-01
9.030100334448160737e+00 7.169528964102370519e-03 3.059472824803795010e-01 4.257674141416622149e+00 6.505669702321364989e-02 7.817673451729629797e-01
9.331103678929766332e+00 6.910946064369204687e-03 3.161230214129042704e-01 4.007327202280020373e+00 6.722261161779419236e-02 7.843828265828138857e-01
9.632107023411371927e+00 6.666729514227044337e-03 3.262987603454289842e-01 3.682920343932730045e+00 6.938852621237472096e-02 7.889353233190239401e-01
9.933110367892977521e+00 6.437590056777933896e-03 3.364744992779536981e-01 3.331600542131172737e+00 7.155444080695524955e-02 7.934255239112055769e-01
1.023411371237458312e+01 6.224071923307404781e-03 3.466502382104784674e-01 2.976303964358177012e+00 7.372035540153579203e-02 7.963049039462211098e-01
1.053511705685618871e+01 6.026558302018527810e-03 3.568259771430031813e-01 2.625215432068498611e+00 7.588626999611632062e-02 7.974908650454297643e-01
1.083612040133779431e+01 5.845280650420228534e-03 3.670017160755279506e-01 2.310801095438431041e+00 7.805218459069686310e-02 7.985294898966661670e-01
1.113712374581939812e+01 5.680331141277819573e-03 3.771774550080526645e-01 2.064257838232274711e+00 8.021809918527739169e-02 8.018455658270156050e-01
1.143812709030100372e+01 5.531677424166776824e-03 3.873531939405773783e-01 1.874667729491875434e+00 8.238401377985793417e-02 8.094295732470182525e-01
1.173913043478260931e+01 5.399178803666300312e-03 3.975289328731021476e-01 1.713335403683316382e+00 8.454992837443846276e-02 8.215831467181180514e-01
1.204013377926421491e+01 5.282602885392203955e-03 4.077046718056268615e-01 1.572193316583789358e+00 8.671584296901900524e-02 8.364596368805851112e-01
1.234113712374582050e+01 5.181641736276145806e-03 4.178804107381515753e-01 1.453464676348573681e+00 8.888175756359953383e-02 8.508820944069143133e-01
1.264214046822742610e+01 5.095926664475140463e-03 4.280561496706763447e-01 1.349889649206676312e+00 9.104767215818006243e-02 8.621537927466117468e-01
1.294314381270903169e+01 5.025040863482533454e-03 4.382318886032010585e-01 1.250144586300371730e+00 9.321358675276060490e-02 8.697268336377655951e-01
1.324414715719063551e+01 4.968529391057176399e-03 4.484076275357257724e-01 1.151018601671494501e+00 9.537950134734113350e-02 8.755024538566356096e-01
1.354515050167224111e+01 4.925906257572669651e-03 4.585833664682505417e-01 1.057157827464732858e+00 9.754541594192167597e-02 8.825191592089307591e-01
1.384615384615384670e+01 4.896658753439231057e-03 4.687591054007752556e-01 9.695094855328527661e-01 9.971133053650220457e-02 8.930708491681296213e-01
1.414715719063545230e+01 4.880249508393516220e-03 4.789348443333000249e-01 8.872589290235510795e-01 1.018772451310827470e-01 9.076943188505007809e-01
1.444816053511705789e+01 4.876117093594247061e-03 4.891105832658247388e-01 8.160404959571996297e-01 1.040431597256632756e-01 9.255947320424241509e-01
1.474916387959866348e+01 4.883676196454242620e-03 4.992863221983494526e-01 7.606027075300704210e-01 1.062090743202438042e-01 9.457950538411101782e-01
1.505016722408026908e+01 4.902318473181469828e-03 5.094620611308741109e-01 7.207109855073463578e-01 1.083749889148243467e-01 9.678329637463968238e-01
1.535117056856187467e+01 4.931415089310944681e-03 5.196378000633988803e-01 6.923620553404183919e-01 1.105409035094048753e-01 9.915460948004504171e-01
1.565217391304348027e+01 4.970321694246539364e-03 5.298135389959236496e-01 6.604538831956423550e-01 1.127068181039854178e-01 1.016526758164116639e+00
1.595317725752508409e+01 5.018386170720014194e-03 5.399892779284483080e-01 6.109373218858632493e-01 1.148727326985659464e-01 1.042059103036965917e+00
1.625418060200669146e+01 5.074959008916089635e-03 5.501650168609730773e-01 5.533575387355025299e-01 1.170386472931464888e-01 1.067611295564967477e+00
1.655518394648829528e+01 5.139405651228409408e-03 5.603407557934978467e-01 5.053266634209192532e-01 1.192045618877270174e-01 1.093198260629860030e+00
1.685618729096989910e+01 5.211119717873591468e-03 5.705164947260225050e-01 4.697746106043702574e-01 1.213704764823075460e-01 1.119077094048400278e+00
1.715719063545150647e+01 5.289535730393194433e-03 5.806922336585472744e-01 4.434777011172086336e-01 1.235363910768880885e-01 1.145073164473578764e+00
1.745819397993311028e+01 5.374139854576167642e-03 5.908679725910720437e-01 4.245717908369964211e-01 1.257023056714686449e-01 1.170321293580823374e+00
1.775919732441471766e+01 5.464477311891224355e-03 6.010437115235968131e-01 4.055712918396667255e-01 1.278682202660491596e-01 1.193783490064398212e+00
1.806020066889632147e+01 5.560155448934747668e-03 6.112194504561214714e-01 3.779314723748570248e-01 1.300341348606297021e-01 1.215112891572346587e+00
1.836120401337792885e+01 5.660841962197105635e-03 6.213951893886462408e-01 3.454634437564092497e-01 1.322000494552102445e-01 1.235151086295349199e+00
1.866220735785953266e+01 5.766258376365903521e-03 6.315709283211710101e-01 3.209033203533668277e-01 1.343659640497907870e-01 1.255758638609077993e+00
1.896321070234114003e+01 5.876169477176849780e-03 6.417466672536956684e-01 3.107192854976630891e-01 1.365318786443713017e-01 1.279238231687154892e+00
1.926421404682274385e+01 5.990369911415922496e-03 6.519224061862204378e-01 3.093124332069804860e-01 1.386977932389518442e-01 1.307772599249033885e+00
1.956521739130434767e+01 6.108669507979606894e-03 6.620981451187452071e-01 3.036974666140386803e-01 1.408637078335323867e-01 1.343031457435922560e+00
1.986622073578595504e+01 6.230878993406958714e-03 6.722738840512698655e-01 2.853248717505765253e-01 1.430296224281129014e-01 1.385791496014878055e+00
2.016722408026755886e+01 6.356797657921946926e-03 6.824496229837946348e-01 2.591210876294661736e-01 1.451955370226934439e-01 1.435477411408972781e+00
2.046822742474916623e+01 6.486204197477797757e-03 6.926253619163194042e-01 2.365307696712754537e-01 1.473614516172739863e-01 1.489960059143450755e+00
2.076923076923077005e+01 6.618851471518305551e-03 7.028011008488440625e-01 2.234700731658226525e-01 1.495273662118545288e-01 1.546172197695756756e+00
2.107023411371237742e+01 6.754465356682935219e-03 7.129768397813688319e-01 2.168049063849316893e-01 1.516932808064350435e-01 1.601608791252973507e+00
2.137123745819398124e+01 6.892747333862180373e-03 7.231525787138936012e-01 2.075187190129363091e-01 1.538591954010155860e-01 1.655895447469186488e+00
2.167224080267558861e+01 7.033380003139268026e-03 7.333283176464183706e-01 1.891343640151907091e-01 1.560251099955961285e-01 1.711269233060572326e+00
2.197324414715719243e+01 7.176034440233612990e-03 7.435040565789430289e-01 1.655448947035364493e-01 1.581910245901766432e-01 1.771457039220707408e+00
2.227424749163879625e+01 7.320378220030824071e-03 7.536797955114677983e-01 1.463754099583494672e-01 1.603569391847571857e-01 1.839539162307517906e+00
2.257525083612040362e+01 7.466083033836742530e-03 7.638555344439925676e-01 1.360410051022051814e-01 1.625228537793377281e-01 1.916127683958461114e+00
2.287625418060200744e+01 7.612831081428031443e-03 7.740312733765172259e-01 1.319525755226410579e-01 1.646887683739182706e-01 1.999100672794148936e+00
2.317725752508361481e+01 7.760319767708218942e-03 7.842070123090419953e-01 1.304948651561641249e-01 1.668546829684987853e-01 2.085178099863790546e+00
2.347826086956521863e+01 7.908264606594748308e-03 7.943827512415667647e-01 1.305176900144015828e-01 1.690205975630793278e-01 2.172253204948769056e+00
2.377926421404682600e+01 8.056400563684335339e-03 8.045584901740914230e-01 1.321108505464974603e-01 1.711865121576598703e-01 2.260606137958870665e+00
2.408026755852842982e+01 8.204482300450040635e-03 8.147342291066161923e-01 1.343793065054620928e-01 1.733524267522404128e-01 2.351855754589956327e+00
2.438127090301003363e+01 8.352283884839405148e-03 8.249099680391409617e-01 1.343127132685915659e-01 1.755183413468209275e-01 2.446488707612081370e+00
2.468227424749164101e+01 8.499598500678620661e-03 8.350857069716656200e-01 1.299803310655975042e-01 1.776842559414014699e-01 2.542357036826170535e+00
2.498327759197324482e+01 8.646238540066665534e-03 8.452614459041903894e-01 1.240292099185160979e-01 1.798501705359820124e-01 2.635953389249017675e+00
2.528428093645485220e+01 8.792036236372272051e-03 8.554371848367151587e-01 1.201294825989648873e-01 1.820160851305625271e-01 2.725743103303171821e+00
2.558528428093645601e+01 8.936844738196591739e-03 8.656129237692398171e-01 1.182825826218176085e-01 1.841819997251430696e-01 2.814703892310731703e+00
2.588628762541806339e+01 9.080539285637132321e-03 8.757886627017645864e-01 1.162797515470803400e-01 1.863479143197236121e-01 2.909774457849042761e+00
2.618729096989966720e+01 9.223017971502748061e-03 8.859644016342893558e-01 1.139321227835841388e-01 1.885138289143041546e-01 3.018695068128788517e+00
2.648829431438127102e+01 9.364201481397597948e-03 8.961401405668140141e-01 1.135618276452814435e-01 1.906797435088846693e-01 3.146841346115310412e+00
2.678929765886287839e+01 9.504031222067688481e-03 9.063158794993387835e-01 1.154557900711074558e-01 1.928456581034652118e-01 3.296054956678951875e+00
2.709030100334448221e+01 9.642465365934060201e-03 9.164916184318635528e-01 1.159006431437822615e-01 1.950115726980457542e-01 3.465208990176612325e+00
2.739130434782608958e+01 9.779472546898078031e-03 9.266673573643883222e-01 1.117015061906508205e-01 1.971774872926262689e-01 3.650921018262544671e+00
2.769230769230769340e+01 9.915023214050657646e-03 9.368430962969129805e-01 1.030896795568215785e-01 1.993434018872068114e-01 3.847549222104716726e+00
2.799331103678930077e+01 1.004907895562383822e-02 9.470188352294377498e-01 9.331022721886024496e-02 2.015093164817873539e-01 4.047153254512490861e+00
2.829431438127090459e+01 1.018158041273489918e-02 9.571945741619625192e-01 8.561626629729882088e-02 2.036752310763678964e-01 4.240693832737879809e+00
2.859531772575251196e+01 1.031243467895775860e-02 9.673703130944871775e-01 7.991242923106392504e-02 2.058411456709484111e-01 4.420854846409432604e+00
2.889632107023411578e+01 1.044150329782427347e-02 9.775460520270119469e-01 7.478308704444296129e-02 2.080070602655289536e-01 4.585309727247318001e+00
2.919732441471571960e+01 1.056859210044240258e-02 9.877217909595367162e-01 7.018518445317574461e-02 2.101729748601094960e-01 4.738247263072286053e+00
2.949832775919732697e+01 1.069344414944092998e-02 9.978975298920613746e-01 6.770320175111679828e-02 2.123388894546900107e-01 4.888492642429237200e+00
2.979933110367893079e+01 1.081573696025882846e-02 1.008073268824586366e+00 6.907317461316378471e-02 2.145048040492705532e-01 5.044752253584359636e+00
3.010033444816053816e+01 1.093508495178700107e-02 1.018249007757110913e+00 7.226191244684020132e-02 2.166707186438510957e-01 5.210940114686036573e+00
3.040133779264214198e+01 1.105104774117715051e-02 1.028424746689635683e+00 7.163263731033564508e-02 2.188366332384316382e-01 5.384775812732757849e+00
3.070234113712374935e+01 1.116314445953661694e-02 1.038600485622160452e+00 6.591565142639727037e-02 2.210025478330121529e-01 5.560154508871513634e+00
3.100334448160535317e+01 1.127087375574405831e-02 1.048776224554685221e+00 6.061004999311835062e-02 2.231684624275926954e-01 5.730755030710581011e+00
3.130434782608696054e+01 1.137373861573897325e-02 1.058951963487209991e+00 5.913620065201877218e-02 2.253343770221732378e-01 5.892129507978213887e+00
3.160535117056856436e+01 1.147127460430439304e-02 1.069127702419734760e+00 5.928051484087366874e-02 2.275002916167537526e-01 6.041911226287362879e+00
3.190635451505016817e+01 1.156307969009907032e-02 1.079303441352259307e+00 5.898477439087924934e-02 2.296662062113342950e-01 6.179637955352496270e+00
3.220735785953177555e+01 1.164884349564957594e-02 1.089479180284784077e+00 5.884556227386618377e-02 2.318321208059148375e-01 6.307011986166239481e+00
3.250836120401338292e+01 1.172837366713620592e-02 1.099654919217308846e+00 5.928173982739078085e-02 2.339980354004953800e-01 6.427562395510706850e+00
3.280936454849498318e+01 1.180161711418984717e-02 1.109830658149833615e+00 5.953849612553652193e-02 2.361639499950758947e-01 6.544387521678677544e+00
3.311036789297659055e+01 1.186867413741852888e-02 1.120006397082358385e+00 5.902600310180949883e-02 2.383298645896564372e-01 6.656768186909058471e+00
3.341137123745819792e+01 1.192980392760191466e-02 1.130182136014883154e+00 5.793520743909790632e-02 2.404957791842369796e-01 6.758752674082053602e+00
3.371237458193979819e+01 1.198542054878080215e-02 1.140357874947407701e+00 5.689090715640248569e-02 2.426616937788174944e-01 6.842255585208047997e+00
3.401337792642140556e+01 1.203607925116755538e-02 1.150533613879932471e+00 5.667867124143849411e-02 2.448276083733980368e-01 6.903405952330049722e+00
3.431438127090301293e+01 1.208245372835682271e-02 1.160709352812457240e+00 5.799289503356126058e-02 2.469935229679785793e-01 6.947247925635420707e+00
3.461538461538462030e+01 1.212530566039040324e-02 1.170885091744982009e+00 6.044456628920329838e-02 2.491594375625591218e-01 6.986418834210663675e+00
3.491638795986622057e+01 1.216544849671415303e-02 1.181060830677506779e+00 6.255437144831997587e-02 2.513253521571396365e-01 7.034183845027085269e+00
3.521739130434782794e+01 1.220370786969125938e-02 1.191236569610031548e+00 6.302247486319227654e-02 2.534912667517201790e-01 7.096879708327548997e+00
3.551839464882943531e+01 1.224088124785773814e-02 1.201412308542556318e+00 6.127314801978138437e-02 2.556571813463006659e-01 7.171028093497565870e+00
3.581939799331104268e+01 1.227769942018884161e-02 1.211588047475080865e+00 5.761982368378588265e-02 2.578230959408812084e-01 7.246138296772413057e+00
3.612040133779264295e+01 1.231479215601470438e-02 1.221763786407605634e+00 5.304055671691397522e-02 2.599890105354617509e-01 7.309777193603522960e+00
3.642140468227425032e+01 1.235265994287462754e-02 1.231939525340130404e+00 4.847542601413344643e-02 2.621549251300422934e-01 7.350860387585359312e+00
3.672240802675585769e+01 1.239165312115882156e-02 1.242115264272655173e+00 4.459525292489358028e-02 2.643208397246228358e-01 7.360203647070752808e+00
3.702341137123745796e+01 1.243195907988740509e-02 1.252291003205179942e+00 4.219676993654481595e-02 2.664867543192033783e-01 7.330503471187149067e+00
3.732441471571906533e+01 1.247359752953645408e-02 1.262466742137704712e+00 4.215881835343675971e-02 2.686526689137839208e-01 7.257871866438651232e+00
3.762541806020067270e+01 1.251642329992832745e-02 1.272642481070229259e+00 4.379128609692129609e-02 2.708185835083644077e-01 7.144231169939388337e+00
3.792642140468228007e+01 1.256013568564520212e-02 1.282818220002754028e+00 4.484454725651682711e-02 2.729844981029449502e-01 6.997697396437292383e+00
3.822742474916388034e+01 1.260429311817251770e-02 1.292993958935278798e+00 4.481821400178509496e-02 2.751504126975254927e-01 6.829283343736509693e+00
3.852842809364548771e+01 1.264833189455197814e-02 1.303169697867803567e+00 4.543296536852602791e-02 2.773163272921060352e-01 6.647774239988175182e+00
3.882943143812709508e+01 1.269158781709342140e-02 1.313345436800328336e+00 4.709334925397921229e-02 2.794822418866865776e-01 6.456692002489066162e+00
3.913043478260869534e+01 1.273331984919404310e-02 1.323521175732853106e+00 4.866052111710515021e-02 2.816481564812671201e-01 6.255664428450132597e+00
3.943143812709030271e+01 1.277273519885224924e-02 1.333696914665377875e+00 4.982094740830101537e-02 2.838140710758476626e-01 6.044867973689410867e+00
3.973244147157191009e+01 1.280901552528884366e-02 1.343872653597902422e+00 5.016946002361181295e-02 2.859799856704281495e-01 5.828796133331310969e+00
4.003344481605351746e+01 1.284134415225397785e-02 1.354048392530427192e+00 4.860018911825005755e-02 2.881459002650086920e-01 5.616195232235019041e+00
4.033444816053511772e+01 1.286893421179619891e-02 1.364224131462951961e+00 4.513745323421262945e-02 2.903118148595892345e-01 5.415942340989141179e+00
4.063545150501672509e+01 1.289105751454600046e-02 1.374399870395476730e+00 4.194148272903228808e-02 2.924777294541697770e-01 5.231687364616115943e+00
4.093645484949833246e+01 1.290707366512722915e-02 1.384575609328001500e+00 4.225301577765281508e-02 2.946436440487503194e-01 5.059018512305719639e+00
4.123745819397993273e+01 1.291645856869731539e-02 1.394751348260526269e+00 4.661426960322256896e-02 2.968095586433308619e-01 4.887155481259932266e+00
4.153846153846154010e+01 1.291883108806350135e-02 1.404927087193050816e+00 5.153842086317686477e-02 2.989754732379114044e-01 4.704167406246133609e+00
4.183946488294314747e+01 1.291397630240210571e-02 1.415102826125575586e+00 5.447655528201272163e-02 3.011413878324918914e-01 4.502569954070123615e+00
4.214046822742475484e+01 1.290186367229818193e-02 1.425278565058100355e+00 5.614920390525299232e-02 3.033073024270724338e-01 4.282127938340163809e+00
4.244147157190635511e+01 1.288265848950032044e-02 1.435454303990625124e+00 5.675707788247937730e-02 3.054732170216529763e-01 4.048624203736165050e+00
4.274247491638796248e+01 1.285672530214234180e-02 1.445630042923149894e+00 5.555454295695826106e-02 3.076391316162335188e-01 3.809930544310571321e+00
4.304347826086956985e+01 1.282462253157783290e-02 1.455805781855674663e+00 5.350935821796690139e-02 3.098050462108140612e-01 3.572181449259103303e+00
4.334448160535117722e+01 1.278708816947716868e-02 1.465981520788199433e+00 5.260520838424840445e-02 3.119709608053946037e-01 3.338234561867445827e+00
4.364548494983277749e+01 1.274501716967002193e-02 1.476157259720723980e+00 5.338955474252661537e-02 3.141368753999751462e-01 3.108579946302432173e+00
4.394648829431438486e+01 1.269943182482330575e-02 1.486332998653248749e+00 5.433122008542986409e-02 3.163027899945556332e-01 2.883219409812409317e+00
4.424749163879599223e+01 1.265144694979298753e-02 1.496508737585773519e+00 5.444774852644406610e-02 3.184687045891361756e-01 2.662978434782696358e+00
4.454849498327759250e+01 1.260223201468046138e-02 1.506684476518298288e+00 5.449194985016176523e-02 3.206346191837167181e-01 2.449783028284637343e+00
4.484949832775919987e+01 1.255297245222341228e-02 1.516860215450823057e+00 5.420998805695843858e-02 3.228005337782972606e-01 2.246306758600624676e+00
4.515050167224080724e+01 1.250483221723992268e-02 1.527035954383347827e+00 5.249248239230040053e-02 3.249664483728778031e-01 2.055439781090951712e+00
4.545150501672241461e+01 1.245891934581289801e-02 1.537211693315872374e+00 5.024597473089738309e-02 3.271323629674583455e-01 1.879705819739408756e+00
4.575250836120401488e+01 1.241625581631074227e-02 1.547387432248397143e+00 4.930842076886467890e-02 3.292982775620388880e-01 1.720643294255623124e+00
4.605351170568562225e+01 1.237775252771722116e-02 1.557563171180921913e+00 4.980888505733262195e-02 3.314641921566193750e-01 1.578272218131186122e+00
4.635451505016722962e+01 1.234418975004539232e-02 1.567738910113446682e+00 5.030919519842243226e-02 3.336301067511999174e-01 1.450831715059763605e+00
4.665551839464882988e+01 1.231620301554411413e-02 1.577914649045971451e+00 4.971799251586978691e-02 3.357960213457804599e-01 1.334982880958892393e+00
4.695652173913043725e+01 1.229427413355031577e-02 1.588090387978496221e+00 4.902694752249728283e-02 3.379619359403610024e-01 1.226650364846736174e+00
4.725752508361204463e+01 1.227872682982043828e-02 1.598266126911020768e+00 5.024152587882312754e-02 3.401278505349415449e-01 1.122389510814127966e+00
4.755852842809365200e+01 1.226972642058806774e-02 1.608441865843545537e+00 5.328793055354538732e-02 3.422937651295220873e-01 1.020607602950225345e+00
4.785953177257525226e+01 1.226728291229134057e-02 1.618617604776070307e+00 5.590535406003068614e-02 3.444596797241026298e-01 9.217796414784237280e-01
4.816053511705685963e+01 1.227125694990928613e-02 1.628793343708595076e+00 5.612598547073719552e-02 3.466255943186831723e-01 8.274973553949016569e-01
4.846153846153846700e+01 1.228136810559585235e-02 1.638969082641119845e+00 5.426768419488474382e-02 3.487915089132636592e-01 7.391934089540244113e-01
4.876254180602006727e+01 1.229720509709406918e-02 1.649144821573644615e+00 5.290312112420270108e-02 3.509574235078442017e-01 6.575631311333853812e-01
4.906354515050167464e+01 1.231823764896201531e-02 1.659320560506169384e+00 5.329092460121173658e-02 3.531233381024247442e-01 5.828593251937784769e-01
4.936454849498328201e+01 1.234382985512757873e-02 1.669496299438693931e+00 5.379609975750617584e-02 3.552892526970052867e-01 5.153604475737962876e-01
4.966555183946488938e+01 1.237325505888016951e-02 1.679672038371218701e+00 5.326643440882947167e-02 3.574551672915858291e-01 4.553399953816161805e-01
4.996655518394648965e+01 1.240571241645695676e-02 1.689847777303743470e+00 5.224075182577044701e-02 3.596210818861663716e-01 4.026025335339551425e-01
5.026755852842809702e+01 1.244034542297708067e-02 1.700023516236268240e+00 5.084254313095322442e-02 3.617869964807469141e-01 3.561888765574597882e-01
5.056856187290970439e+01 1.247626271815374145e-02 1.710199255168793009e+00 4.854998692180174241e-02 3.639529110753274010e-01 3.146753443556168373e-01
5.086956521739130466e+01 1.251256141840303635e-02 1.720374994101317778e+00 4.555007335153436754e-02 3.661188256699079435e-01 2.768998562250426509e-01
5.117056856187291203e+01 1.254835301672516459e-02 1.730550733033842326e+00 4.327274981072597865e-02 3.682847402644884860e-01 2.425520814917401513e-01
5.147157190635451940e+01 1.258279154746201091e-02 1.740726471966367095e+00 4.343269147446626038e-02 3.704506548590690285e-01 2.121780090566688093e-01
5.177257525083612677e+01 1.261510325269750432e-02 1.750902210898891864e+00 4.637262415320420050e-02 3.726165694536495709e-01 1.866178655046146218e-01
5.207357859531772704e+01 1.264461646363838378e-02 1.761077949831416634e+00 5.093328802442394915e-02 3.747824840482301134e-01 1.663055375420579018e-01
5.237458193979933441e+01 1.267078990308242656e-02 1.771253688763941403e+00 5.523816824993620089e-02 3.769483986428106559e-01 1.508887469110311852e-01
5.267558528428094178e+01 1.269323721957881478e-02 1.781429427696466172e+00 5.715006890404945861e-02 3.791143132373911429e-01 1.393238380947878496e-01
5.297658862876254204e+01 1.271174537658985131e-02 1.791605166628990720e+00 5.571404050299892663e-02 3.812802278319716853e-01 1.302697820640819903e-01
5.327759197324414941e+01 1.272628462016470001e-02 1.801780905561515489e+00 5.262447216710651465e-02 3.834461424265522278e-01 1.224940061733139213e-01
5.357859531772575679e+01 1.273700818075259276e-02 1.811956644494040258e+00 5.099687084780495788e-02 3.856120570211327703e-01 1.151007301681005457e-01
5.387959866220736416e+01 1.274424062468687904e-02 1.822132383426565028e+00 5.125506060521332202e-02 3.877779716157133127e-01 1.075631040040825326e-01
5.418060200668896442e+01 1.274845479945187383e-02 1.832308122359089797e+00 5.093495146098107190e-02 3.899438862102938552e-01 9.966403822399361179e-02
5.448160535117057179e+01 1.275023850288236130e-02 1.842483861291614566e+00 5.004520083616276899e-02 3.921098008048743977e-01 9.145697609462832833e-02
5.478260869565217916e+01 1.275025319931779970e-02 1.852659600224139336e+00 5.084522150806811136e-02 3.942757153994548847e-01 8.325250073658009564e-02
5.508361204013378654e+01 1.274918813651962704e-02 1.862835339156663883e+00 5.259220133796296826e-02 3.964416299940354271e-01 7.553758419951113467e-02
5.538461538461538680e+01 1.274771392500512017e-02 1.873011078089188652e+00 5.329282481250402492e-02 3.986075445886159696e-01 6.877593861367452266e-02
5.568561872909699417e+01 1.274643990071135970e-02 1.883186817021713422e+00 5.369718480535770611e-02 4.007734591831965121e-01 6.319048374600150231e-02
5.598662207357860154e+01 1.274587933517607428e-02 1.893362555954238191e+00 5.505844723116054551e-02 4.029393737777770546e-01 5.870364711464857305e-02
5.628762541806020181e+01 1.274642579000454835e-02 1.903538294886762960e+00 5.668279000464571810e-02 4.051052883723575970e-01 5.509587037371860285e-02
5.658862876254180918e+01 1.274834271513753010e-02 1.913714033819287730e+00 5.744971822559732239e-02 4.072712029669381395e-01 5.224898831482751443e-02
5.688963210702341655e+01 1.275176691001896415e-02 1.923889772751812277e+00 5.724955018573533311e-02 4.094371175615186265e-01 5.026522639977236417e-02
5.719063545150502392e+01 1.275672489469827781e-02 1.934065511684337046e+00 5.549957902697683770e-02 4.116030321560991689e-01 4.935680174249631319e-02
5.749163879598662419e+01 1.276315978174096498e-02 1.944241250616861816e+00 5.148366142991607497e-02 4.137689467506797114e-01 4.958178306095543941e-02
5.779264214046823156e+01 1.277096509144817066e-02 1.954416989549386585e+00 4.726250970488684450e-02 4.159348613452602539e-01 5.061912417400538100e-02
5.809364548494983893e+01 1.278002125934584940e-02 1.964592728481911355e+00 4.651203361816438203e-02 4.181007759398407964e-01 5.176253962313599050e-02
5.839464882943143920e+01 1.279023042669971862e-02 1.974768467414436124e+00 4.971009326996148753e-02 4.202666905344213388e-01 5.218346905128519453e-02
5.869565217391304657e+01 1.280154548521910893e-02 1.984944206346960893e+00 5.290328177039414076e-02 4.224326051290018813e-01 5.133200763080759954e-02
5.899665551839465394e+01 1.281399019402508499e-02 1.995119945279485441e+00 5.292093075087080101e-02 4.245985197235823683e-01 4.921549745779311980e-02
5.929765886287626131e+01 1.282766836658440386e-02 2.005295684212010432e+00 5.128683265741743741e-02 4.267644343181629107e-01 4.633588104054611051e-02
5.959866220735786158e+01 1.284276146502017282e-02 2.015471423144535201e+00 5.058427481096854084e-02 4.289303489127434532e-01 4.330683590509831760e-02
5.989966555183946895e+01 1.285951525539233767e-02 2.025647162077059527e+00 5.051693162053595698e-02 4.310962635073239957e-01 4.044428108476573469e-02
6.020066889632107632e+01 1.287821730371729000e-02 2.035822901009584296e+00 5.025133905040501947e-02 4.332621781019045382e-01 3.766198932829460666e-02
6.050167224080267658e+01 1.289916790308143386e-02 2.045998639942109065e+00 5.143233383745335341e-02 4.354280926964850806e-01 3.472705289490084224e-02
6.080267558528428395e+01 1.292264744831684090e-02 2.056174378874633835e+00 5.471659734522591606e-02 4.375940072910656231e-01 3.159518697763424866e-02
6.110367892976589133e+01 1.294888330990195437e-02 2.066350117807158604e+00 5.659234935799321159e-02 4.397599218856461101e-01 2.850016236404379760e-02
6.140468227424749870e+01 1.297801895431558578e-02 2.076525856739683373e+00 5.489741785201412289e-02 4.419258364802266525e-01 2.575065813032468079e-02
6.170568561872909896e+01 1.301008750929982978e-02 2.086701595672208143e+00 5.244765630941817386e-02 4.440917510748071950e-01 2.347341004110466145e-02
6.200668896321070633e+01 1.304499129869512129e-02 2.096877334604732912e+00 5.166258616403607978e-02 4.462576656693877375e-01 2.154574570411584705e-02
6.230769230769231370e+01 1.308248819356677174e-02 2.107053073537257681e+00 5.187500848881874266e-02 4.484235802639682800e-01 1.973872134037544038e-02
6.260869565217392108e+01 1.312218504564108094e-02 2.117228812469782451e+00 5.195352503380824827e-02 4.505894948585488224e-01 1.791277904277846847e-02
6.290969899665552134e+01 1.316353805156956699e-02 2.127404551402307220e+00 5.125558350475257346e-02 4.527554094531293649e-01 1.611640505123038830e-02
6.321070234113712871e+01 1.320585966441292086e-02 2.137580290334831989e+00 4.985946204069340026e-02 4.549213240477098519e-01 1.455270973361055299e-02
6.351170568561873608e+01 1.324833160080159979e-02 2.147756029267356759e+00 4.848171332757912622e-02 4.570872386422903944e-01 1.346261487775493419e-02
6.381270903010033635e+01 1.329002353268906450e-02 2.157931768199881084e+00 4.756390615879523692e-02 4.592531532368709368e-01 1.299100435479521795e-02
6.411371237458195083e+01 1.332991712610926555e-02 2.168107507132405853e+00 4.676260923383435131e-02 4.614190678314514793e-01 1.309385622540632649e-02
6.441471571906355109e+01 1.336693511919703412e-02 2.178283246064930623e+00 4.596997159372281927e-02 4.635849824260320218e-01 1.353138418789061846e-02
6.471571906354515136e+01 1.339997505762879383e-02 2.188458984997455392e+00 4.613569135118078535e-02 4.657508970206125642e-01 1.395956495746048485e-02
6.501672240802676583e+01 1.342794709733774114e-02 2.198634723929980161e+00 4.765329657463473340e-02 4.679168116151931067e-01 1.407805819161099016e-02
6.531772575250836610e+01 1.344981494858733806e-02 2.208810462862504931e+00 4.937679034049132637e-02 4.700827262097735937e-01 1.375287702892724791e-02
6.561872909698996637e+01 1.346463861492919016e-02 2.218986201795029700e+00 4.956532036331396524e-02 4.722486408043541362e-01 1.304816392397030456e-02
6.591973244147158084e+01 1.347161714521825752e-02 2.229161940727554470e+00 4.821820377654485040e-02 4.744145553989346786e-01 1.216607120865105182e-02
6.622073578595318111e+01 1.347012924973781806e-02 2.239337679660079239e+00 4.717823303174761840e-02 4.765804699935152211e-01 1.134764730322851932e-02
6.652173913043478137e+01 1.345976941182243369e-02 2.249513418592604008e+00 4.701139389354373754e-02 4.787463845880957636e-01 1.078413517759631637e-02
6.682274247491639585e+01 1.344037711370427331e-02 2.259689157525128778e+00 4.713604985414665549e-02 4.809122991826763061e-01 1.055299994037619225e-02
6.712374581939799612e+01 1.341205701781411457e-02 2.269864896457653547e+00 4.774145315524037231e-02 4.830782137772568485e-01 1.058508824060756977e-02
6.742474916387959638e+01 1.337518839392627668e-02 2.280040635390177872e+00 4.877036590760640278e-02 4.852441283718373355e-01 1.068847767613054223e-02
6.772575250836121086e+01 1.333042271502025630e-02 2.290216374322702642e+00 4.926199073820557855e-02 4.874100429664178780e-01 1.064260448354726815e-02
6.802675585284281112e+01 1.327866909071011119e-02 2.300392113255227411e+00 4.880283085539204035e-02 4.895759575609984204e-01 1.031718516223658656e-02
6.832775919732442560e+01 1.322106798295019300e-02 2.310567852187752180e+00 4.779763732310864099e-02 4.917418721555789629e-01 9.731204320542120867e-03
6.862876254180602587e+01 1.315895437141063364e-02 2.320743591120276950e+00 4.661518978935766389e-02 4.939077867501595054e-01 9.008552656261619232e-03
6.892976588628762613e+01 1.309381213602879047e-02 2.330919330052801719e+00 4.600312373388733278e-02 4.960737013447400479e-01 8.274929326183188411e-03
6.923076923076924061e+01 1.302722185550238450e-02 2.341095068985326488e+00 4.667305119865330226e-02 4.982396159393205903e-01 7.584961766583579040e-03
6.953177257525084087e+01 1.296080446414535348e-02 2.351270807917851258e+00 4.768515867685616666e-02 5.004055305339011328e-01 6.929016823057220983e-03
6.983277591973244114e+01 1.289616327347084881e-02 2.361446546850376027e+00 4.800112862037581724e-02 5.025714451284817308e-01 6.293270140688048131e-03
7.013377926421405562e+01 1.283482677820926843e-02 2.371622285782900796e+00 4.882300907116642746e-02 5.047373597230622178e-01 5.707042493715389596e-03
7.043478260869565588e+01 1.277819447115735585e-02 2.381798024715425566e+00 5.155315365750871154e-02 5.069032743176428157e-01 5.234130951135179330e-03
7.073578595317725615e+01 1.272748763257909241e-02 2.391973763647950335e+00 5.471993139717202387e-02 5.090691889122233027e-01 4.919654452274833771e-03
7.103678929765887062e+01 1.268370677774541093e-02 2.402149502580475104e+00 5.543286321401182798e-02 5.112351035068037897e-01 4.742789835264088656e-03
7.133779264214047089e+01 1.264759716856470387e-02 2.412325241512999430e+00 5.365869303553717079e-02 5.134010181013843876e-01 4.619766745257419989e-03
7.163879598662208537e+01 1.261962353464043431e-02 2.422500980445524199e+00 5.179434216077713482e-02 5.155669326959648746e-01 4.457121749668540439e-03
7.193979933110368563e+01 1.259995490243007513e-02 2.432676719378048968e+00 5.080127144818501889e-02 5.177328472905454726e-01 4.210869796879591724e-03
7.224080267558528590e+01 1.258846018276283361e-02 2.442852458310573738e+00 5.097443254569161697e-02 5.198987618851259596e-01 3.904334219647480082e-03
7.254180602006690037e+01 1.258471489380949028e-02 2.453028197243098507e+00 5.288602351654932143e-02 5.220646764797065575e-01 3.598649176888922118e-03
7.284280936454850064e+01 1.258801907521077054e-02 2.463203936175623276e+00 5.535531618102672302e-02 5.242305910742870445e-01 3.351652307260451127e-03
7.314381270903010090e+01 1.259742606262153654e-02 2.473379675108148046e+00 5.656549212999929105e-02 5.263965056688675315e-01 3.200310680351012120e-03
7.344481605351171538e+01 1.261178133643449210e-02 2.483555414040672815e+00 5.619946377175744079e-02 5.285624202634481295e-01 3.166753272140556200e-03
7.374581939799331565e+01 1.262977014700641595e-02 2.493731152973197585e+00 5.520199123022150739e-02 5.307283348580286164e-01 3.263230626212190386e-03
7.404682274247491591e+01 1.264997208279230144e-02 2.503906891905722354e+00 5.461527532167549659e-02 5.328942494526092144e-01 3.481419265253768956e-03
7.434782608695653039e+01 1.267092023511542931e-02 2.514082630838247123e+00 5.469076333255865757e-02 5.350601640471897014e-01 3.776292662763880339e-03
7.464882943143813065e+01 1.269116218228523961e-02 2.524258369770771893e+00 5.474701531392368870e-02 5.372260786417702993e-01 4.063524901007717002e-03
7.494983277591973092e+01 1.270931972725199664e-02 2.534434108703296662e+00 5.406421364458055545e-02 5.393919932363507863e-01 4.238938874361958958e-03
7.525083612040134540e+01 1.272414423039219984e-02 2.544609847635820987e+00 5.233346728840082562e-02 5.415579078309312733e-01 4.215767754237707485e-03
7.555183946488294566e+01 1.273456451875056537e-02 2.554785586568345757e+00 4.953798820097014138e-02 5.437238224255118713e-01 3.967052457242363321e-03
7.585284280936456014e+01 1.273972473680649690e-02 2.564961325500870526e+00 4.701739342292800966e-02 5.458897370200923582e-01 3.551767200737252286e-03
7.615384615384616041e+01 1.273901011441237220e-02 2.575137064433395295e+00 4.696570181548410938e-02 5.480556516146729562e-01 3.101352869166582385e-03
7.645484949832776067e+01 1.273205941927180347e-02 2.585312803365920065e+00 4.924167746363275477e-02 5.502215662092534432e-01 2.763026133900701748e-03
7.675585284280937515e+01 1.271876376493310049e-02 2.595488542298444834e+00 5.202921283159683136e-02 5.523874808038340412e-01 2.629446386731598695e-03
7.705685618729097541e+01 1.269925237673848011e-02 2.605664281230969603e+00 5.505393715378870817e-02 5.545533953984145281e-01 2.698715439207518847e-03
7.735785953177257568e+01 1.267386678980412379e-02 2.615840020163494373e+00 5.813599782049613113e-02 5.567193099929950151e-01 2.886555749741280194e-03
7.765886287625419016e+01 1.264312568503795156e-02 2.626015759096019142e+00 5.907144675795707178e-02 5.588852245875756131e-01 3.074455083347400839e-03
7.795986622073579042e+01 1.260768309927746793e-02 2.636191498028543911e+00 5.678314227531133795e-02 5.610511391821561000e-01 3.158557951835341219e-03
7.826086956521739069e+01 1.256828303620610710e-02 2.646367236961068681e+00 5.369221100679388847e-02 5.632170537767366980e-01 3.076124057835269952e-03
7.856187290969900516e+01 1.252571354547175886e-02 2.656542975893593450e+00 5.288065863351017193e-02 5.653829683713171850e-01 2.810923086810297560e-03
7.886287625418060543e+01 1.248076314422122239e-02 2.666718714826118219e+00 5.574582917293583600e-02 5.675488829658977830e-01 2.390525657329887251e-03
7.916387959866221991e+01 1.243418206552132470e-02 2.676894453758642545e+00 6.089496037648357146e-02 5.697147975604782699e-01 1.880740784536061002e-03
7.946488294314382017e+01 1.238665028415747785e-02 2.687070192691167314e+00 6.417415983234762977e-02 5.718807121550587569e-01 1.371275578101112695e-03
7.976588628762542044e+01 1.233875365156907045e-02 2.697245931623692083e+00 6.249617894978638788e-02 5.740466267496393549e-01 9.488288833003689134e-04
8.006688963210703491e+01 1.229096882749376035e-02 2.707421670556216853e+00 5.711294889653881213e-02 5.762125413442198418e-01 6.667259205738634061e-04
8.036789297658863518e+01 1.224365707913608117e-02 2.717597409488741622e+00 5.210965899903665516e-02 5.783784559388004398e-01 5.275255706518126300e-04
8.066889632107023544e+01 1.219706647130033850e-02 2.727773148421266391e+00 4.988695183105735370e-02 5.805443705333809268e-01 4.884459974566243527e-04
8.096989966555184992e+01 1.215134152128905659e-02 2.737948887353791161e+00 4.914358495811569499e-02 5.827102851279615248e-01 4.860027606683876801e-04
8.127090301003345019e+01 1.210653905441818473e-02 2.748124626286315930e+00 4.832360686947856365e-02 5.848761997225420117e-01 4.663311097828353336e-04
8.157190635451505045e+01 1.206264877019229929e-02 2.758300365218840700e+00 4.801158459937015371e-02 5.870421143171224987e-01 4.057456145855241271e-04
8.187290969899666493e+01 1.201961690490396285e-02 2.768476104151365469e+00 4.841972943259957585e-02 5.892080289117030967e-01 3.125126382750420106e-04
8.217391304347826519e+01 1.197737133570204136e-02 2.778651843083890238e+00 4.863487710784315798e-02 5.913739435062835836e-01 2.126758403200668189e-04
8.247491638795986546e+01 1.193584649331074464e-02 2.788827582016415008e+00 4.823898378439452073e-02 5.935398581008641816e-01 1.321931144542705101e-04
8.277591973244147994e+01 1.189500651709388644e-02 2.799003320948939777e+00 4.757598716634779679e-02 5.957057726954446686e-01 8.699976405021118638e-05
8.307692307692308020e+01 1.185486518528876786e-02 2.809179059881464102e+00 4.734370576634211458e-02 5.978716872900252666e-01 8.326686417972094570e-05
8.337792642140469468e+01 1.181550128306602283e-02 2.819354798813988872e+00 4.777681398356117132e-02 6.000376018846057535e-01 1.213728270316552526e-04
8.367892976588629494e+01 1.177706824035531542e-02 2.829530537746513641e+00 4.783860053803189183e-02 6.022035164791862405e-01 1.963044446069122772e-04
8.397993311036789521e+01 1.173979709745858954e-02 2.839706276679038410e+00 4.698098676646859928e-02 6.043694310737668385e-01 2.936528326942082229e-04
8.428093645484950969e+01 1.170399216026594968e-02 2.849882015611563180e+00 4.695694606041260488e-02 6.065353456683473254e-01 3.874352510014356663e-04
8.458193979933110995e+01 1.167001910553794666e-02 2.860057754544087949e+00 4.850060339077497812e-02 6.087012602629279234e-01 4.466108842268851336e-04
8.488294314381271022e+01 1.163828579534129277e-02 2.870233493476612718e+00 4.974377858338641101e-02 6.108671748575084104e-01 4.496484152408630449e-04
8.518394648829432469e+01 1.160921664413597579e-02 2.880409232409137488e+00 5.037751113968694933e-02 6.130330894520890084e-01 3.975252327641586687e-04
8.548494983277592496e+01 1.158322201443714138e-02 2.890584971341662257e+00 5.243031812258051177e-02 6.151990040466694953e-01 3.148789697426142157e-04
8.578595317725752523e+01 1.156066473642260520e-02 2.900760710274187026e+00 5.608635460574330073e-02 6.173649186412499823e-01 2.382372872366601867e-04
8.608695652173913970e+01 1.154182637491502593e-02 2.910936449206711796e+00 5.841758809436831817e-02 6.195308332358305803e-01 1.996616220438719085e-04
8.638795986622073997e+01 1.152687621883054063e-02 2.921112188139236565e+00 5.755043041876462678e-02 6.216967478304110672e-01 2.146459017951361130e-04
8.668896321070235444e+01 1.151584606607973689e-02 2.931287927071761334e+00 5.520461344098726714e-02 6.238626624249916652e-01 2.772233028309029849e-04
8.698996655518395471e+01 1.150861366630114187e-02 2.941463666004285660e+00 5.410888781655280588e-02 6.260285770195721522e-01 3.617684695854481592e-04
8.729096989966555498e+01 1.150489714538721446e-02 2.951639404936810429e+00 5.468805349388054099e-02 6.281944916141527502e-01 4.318552201820247171e-04
8.759197324414716945e+01 1.150426189338170369e-02 2.961815143869335198e+00 5.446582137893362513e-02 6.303604062087332371e-01 4.554610294401955023e-04
8.789297658862876972e+01 1.150614031888259545e-02 2.971990882801859968e+00 5.164457585907274162e-02 6.325263208033137241e-01 4.200784925427548445e-04
8.819397993311036998e+01 1.150986366400401362e-02 2.982166621734384737e+00 4.684387461209962855e-02 6.346922353978943221e-01 3.378603983809378244e-04
8.849498327759198446e+01 1.151470386427205089e-02 2.992342360666909507e+00 3.896406948280398130e-02 6.368581499924748091e-01 2.367725054179189992e-04
8.879598662207358473e+01 1.151992236508039662e-02 3.002518099599434276e+00 2.628205997112901746e-02 6.390240645870554070e-01 1.445503563594150299e-04
8.909698996655518499e+01 1.152482199713953000e-02 3.012693838531959045e+00 1.274394370204609724e-02 6.411899791816358940e-01 7.687329329658941545e-05
8.939799331103679947e+01 1.152879756676503456e-02 3.022869577464483815e+00 4.129071044633752206e-03 6.433558937762164920e-01 3.561174544561165298e-05
8.969899665551839973e+01 1.153138079180206568e-02 3.033045316397008584e+00 8.611965878554484009e-04 6.455218083707969789e-01 1.437045707040070779e-05
9.000000000000000000e+01 1.153227562239952583e-02 3.043221055329533353e+00 1.134557420786121726e-04 6.476877229653775769e-01 5.051343820491972360e-06
