0.000000000000000000e+00 0.000000000000000000e+00 9.539129287098384591e-01 4.996649625978465847e-06 9.399255345530631578e-01 4.391227681562032962e-06
3.010033444816053727e-01 0.000000000000000000e+00 9.564502510800034774e-01 1.712430033611543793e-05 9.410540883637037446e-01 1.226581965022776660e-05
6.020066889632107454e-01 0.000000000000000000e+00 9.589875734501684956e-01 5.008854015561901678e-05 9.421826421743443314e-01 3.000764523575149222e-05
9.030100334448161181e-01 0.000000000000000000e+00 9.615248958203335139e-01 1.256610491420268754e-04 9.433111959849848072e-01 6.431798664730293560e-05
1.204013377926421491e+00 0.000000000000000000e+00 9.640622181904985322e-01 2.724424035029066700e-04 9.444397497956253940e-01 1.208689784968074469e-04
1.505016722408026864e+00 0.000000000000000000e+00 9.665995405606636615e-01 5.162510620130516094e-04 9.455683036062659808e-01 1.994810799504951411e-04
1.806020066889632236e+00 0.000000000000000000e+00 9.691368629308286797e-01 8.687985651000937250e-04 9.466968574169065676e-01 2.902419098032619723e-04
2.107023411371237387e+00 0.000000000000000000e+00 9.716741853009936980e-01 1.325586952056294170e-03 9.478254112275471543e-01 3.756230334312313126e-04
2.408026755852842982e+00 0.000000000000000000e+00 9.742115076711587163e-01 1.875640767203232400e-03 9.489539650381876301e-01 4.412184365332008661e-04
2.709030100334448576e+00 0.000000000000000000e+00 9.767488300413237345e-01 2.509633440629506669e-03 9.500825188488282169e-01 4.907654282827174450e-04
3.010033444816053727e+00 0.000000000000000000e+00 9.792861524114887528e-01 3.213722593287337680e-03 9.512110726594688037e-01 5.553416266305841132e-04
3.311036789297658878e+00 0.000000000000000000e+00 9.818234747816537711e-01 3.958517517534768451e-03 9.523396264701093905e-01 6.882747514226020963e-04
3.612040133779264472e+00 0.000000000000000000e+00 9.843607971518187894e-01 4.704180139034758179e-03 9.534681802807499773e-01 9.453945754368622313e-04
3.913043478260870067e+00 0.000000000000000000e+00 9.868981195219838076e-01 5.425727755084070771e-03 9.545967340913904531e-01 1.357886191374065455e-03
4.214046822742474774e+00 0.000000000000000000e+00 9.894354418921489369e-01 6.146083216469403268e-03 9.557252879020310399e-01 1.908587596837755650e-03
4.515050167224080369e+00 0.000000000000000000e+00 9.919727642623139552e-01 6.967054564323539589e-03 9.568538417126716267e-01 2.524387970034747304e-03
4.816053511705685963e+00 0.000000000000000000e+00 9.945100866324789735e-01 8.081581232524177871e-03 9.579823955233122135e-01 3.096343936524087546e-03
5.117056856187291558e+00 0.000000000000000000e+00 9.970474090026439917e-01 9.733445057205544412e-03 9.591109493339528003e-01 3.527273389366298792e-03
5.418060200668897153e+00 0.000000000000000000e+00 9.995847313728090100e-01 1.212198702966396993e-02 9.602395031445933871e-01 3.783851140193497838e-03
5.719063545150501859e+00 0.000000000000000000e+00 1.002122053742974028e+00 1.532500511950883430e-02 9.613680569552338628e-01 3.916690694910085653e-03
6.020066889632107454e+00 0.000000000000000000e+00 1.004659376113139047e+00 1.932070210872235960e-02 9.624966107658744496e-01 4.029437047402301998e-03
6.321070234113713049e+00 0.000000000000000000e+00 1.007196698483304065e+00 2.408908650999444512e-02 9.636251645765150364e-01 4.217877753925303348e-03
6.622073578595317755e+00 0.000000000000000000e+00 1.009734020853469083e+00 2.969228914390900295e-02 9.647537183871556232e-01 4.524666653500500346e-03
6.923076923076923350e+00 0.000000000000000000e+00 1.012271343223634101e+00 3.627502674972427760e-02 9.658822721977962100e-01 4.938986164114596289e-03
7.224080267558528945e+00 0.000000000000000000e+00 1.014808665593799120e+00 4.401903893063523893e-02 9.670108260084366858e-01 5.430528912587968306e-03
7.525083612040134540e+00 0.000000000000000000e+00 1.017345987963964138e+00 5.311190493676446606e-02 9.681393798190772726e-01 5.983396982225025473e-03
7.826086956521740134e+00 0.000000000000000000e+00 1.019883310334129156e+00 6.374412885043975741e-02 9.692679336297178594e-01 6.605994206706970566e-03
8.127090301003345729e+00 0.000000000000000000e+00 1.022420632704294174e+00 7.610696182897999651e-02 9.703964874403584462e-01 7.318820365001022649e-03
8.428093645484949548e+00 0.000000000000000000e+00 1.024957955074459193e+00 9.038223830391367564e-02 9.715250412509990330e-01 8.135406256380955936e-03
8.729096989966555142e+00 0.000000000000000000e+00 1.027495277444624211e+00 1.067443519046825801e-01 9.726535950616395088e-01 9.048291724395132393e-03
9.030100334448160737e+00 0.000000000000000000e+00 1.030032599814789451e+00 1.253500870753787855e-01 9.737821488722800956e-01 1.002766268518369940e-02
9.331103678929766332e+00 0.000000000000000000e+00 1.032569922184954470e+00 1.462560375628599030e-01 9.749107026829206823e-01 1.104021501312463585e-02
9.632107023411371927e+00 0.000000000000000000e+00 1.035107244555119488e+00 1.693324162419211631e-01 9.760392564935612691e-01 1.208600060622280759e-02
9.933110367892977521e+00 0.000000000000000000e+00 1.037644566925284506e+00 1.943919831335401693e-01 9.771678103042018559e-01 1.322806802272684032e-02
1.023411371237458312e+01 0.000000000000000000e+00 1.040181889295449524e+00 2.215858307887272893e-01 9.782963641148423317e-01 1.458156757225707346e-02
1.053511705685618871e+01 0.000000000000000000e+00 1.042719211665614543e+00 2.517285249660472513e-01 9.794249179254829185e-01 1.626109837641028302e-02
1.083612040133779431e+01 0.000000000000000000e+00 1.045256534035779561e+00 2.861427024452329881e-01 9.805534717361235053e-01 1.833141059384379989e-02
1.113712374581939812e+01 0.000000000000000000e+00 1.047793856405944579e+00 3.260403092839682659e-01 9.816820255467640921e-01 2.080782081104908324e-02
1.143812709030100372e+01 0.000000000000000000e+00 1.050331178776109597e+00 3.719174345085423661e-01 9.828105793574046789e-01 2.369622973696393353e-02
1.173913043478260931e+01 0.000000000000000000e+00 1.052868501146274616e+00 4.234663401854349973e-01 9.839391331680451547e-01 2.701387343545052708e-02
1.204013377926421491e+01 0.000000000000000000e+00 1.055405823516439634e+00 4.800914420932964610e-01 9.850676869786857415e-01 3.075615508298398110e-02
1.234113712374582050e+01 0.000000000000000000e+00 1.057943145886604652e+00 5.415523225216440917e-01 9.861962407893263283e-01 3.484566057129562244e-02
1.264214046822742610e+01 0.000000000000000000e+00 1.060480468256769671e+00 6.080543989979275699e-01 9.873247945999669151e-01 3.912632625022944427e-02
1.294314381270903169e+01 0.000000000000000000e+00 1.063017790626934689e+00 6.796824099569640509e-01 9.884533484106075019e-01 4.341407766042455069e-02
1.324414715719063551e+01 0.000000000000000000e+00 1.065555112997099707e+00 7.559351595224309550e-01 9.895819022212479776e-01 4.755409816178323562e-02
1.354515050167224111e+01 0.000000000000000000e+00 1.068092435367264725e+00 8.360730246769478846e-01 9.907104560318885644e-01 5.144348675304345059e-02
1.384615384615384670e+01 0.000000000000000000e+00 1.070629757737429744e+00 9.198833610203713818e-01 9.918390098425291512e-01 5.503940994329827724e-02
1.414715719063545230e+01 0.000000000000000000e+00 1.073167080107594984e+00 1.007807618297876795e+00 9.929675636531697380e-01 5.839687030814084967e-02
1.444816053511705789e+01 0.000000000000000000e+00 1.075704402477760002e+00 1.100214638817895496e+00 9.940961174638103248e-01 6.172461181808268360e-02
1.474916387959866348e+01 0.000000000000000000e+00 1.078241724847925020e+00 1.196852621567889408e+00 9.952246712744508006e-01 6.538274042412699216e-02
1.505016722408026908e+01 0.000000000000000000e+00 1.080779047218090039e+00 1.297415227044457664e+00 9.963532250850913874e-01 6.977351759113656349e-02
1.535117056856187467e+01 0.000000000000000000e+00 1.083316369588255057e+00 1.402743341323655857e+00 9.974817788957319742e-01 7.518892701663655587e-02
1.565217391304348027e+01 0.000000000000000000e+00 1.085853691958420075e+00 1.515172130560796138e+00 9.986103327063725610e-01 8.174008054268411261e-02
1.595317725752508409e+01 0.000000000000000000e+00 1.088391014328585094e+00 1.637168980363733040e+00 9.997388865170131478e-01 8.941206195316912797e-02
1.625418060200669146e+01 0.000000000000000000e+00 1.090928336698750112e+00 1.769065465618793409e+00 1.000867440327653624e+00 9.815562199114560848e-02
1.655518394648829528e+01 0.000000000000000000e+00 1.093465659068915130e+00 1.907643100932803870e+00 1.001995994138294321e+00 1.079117700901590093e-01
1.685618729096989910e+01 0.000000000000000000e+00 1.096002981439080148e+00 2.046720596070612075e+00 1.003124547948934797e+00 1.185769832762669090e-01
1.715719063545150647e+01 0.000000000000000000e+00 1.098540303809245167e+00 2.179512064893200041e+00 1.004253101759575273e+00 1.299920821172244612e-01
1.745819397993311028e+01 0.000000000000000000e+00 1.101077626179410185e+00 2.301592817636215038e+00 1.005381655570215971e+00 1.419800679269874466e-01
1.775919732441471766e+01 0.000000000000000000e+00 1.103614948549575203e+00 2.413084462163701538e+00 1.006510209380856447e+00 1.543795182002640487e-01
1.806020066889632147e+01 0.000000000000000000e+00 1.106152270919740221e+00 2.518848434544355808e+00 1.007638763191497144e+00 1.670588919651156690e-01
1.836120401337792885e+01 0.000000000000000000e+00 1.108689593289905240e+00 2.626167801979737870e+00 1.008767317002137620e+00 1.799833459363099353e-01
1.866220735785953266e+01 0.000000000000000000e+00 1.111226915660070258e+00 2.740865001709308135e+00 1.009895870812778096e+00 1.933590606761789732e-01
1.896321070234114003e+01 0.000000000000000000e+00 1.113764238030235276e+00 2.864305161821378842e+00 1.011024424623418794e+00 2.077178996249232912e-01
1.926421404682274385e+01 0.000000000000000000e+00 1.116301560400400295e+00 2.993532621757330148e+00 1.012152978434059269e+00 2.237681243997191871e-01
1.956521739130434767e+01 0.000000000000000000e+00 1.118838882770565313e+00 3.124283244030078066e+00 1.013281532244699967e+00 2.420444666789937083e-01
1.986622073578595504e+01 0.000000000000000000e+00 1.121376205140730331e+00 3.254035135612901808e+00 1.014410086055340443e+00 2.626318659696217361e-01
2.016722408026755886e+01 4.342837026944557123e-321 1.123913527510895349e+00 3.382519265000079045e+00 1.015538639865980919e+00 2.852226840734805036e-01
2.046822742474916623e+01 4.668637097212935899e-313 1.126450849881060590e+00 3.509902766393529383e+00 1.016667193676621617e+00 3.094922382129354776e-01
2.076923076923077005e+01 3.952856044747615800e-305 1.128988172251225608e+00 3.634877015989049109e+00 1.017795747487262092e+00 3.355107164419295906e-01
2.107023411371237742e+01 2.635129307697035028e-297 1.131525494621390626e+00 3.754221169209943643e+00 1.018924301297902790e+00 3.638803428228796211e-01
2.137123745819398124e+01 1.383129724849804580e-289 1.134062816991555644e+00 3.863615271463338274e+00 1.020052855108543266e+00 3.954860472220294021e-01
2.167224080267558861e+01 5.716022759841879166e-282 1.136600139361720663e+00 3.958840592045765217e+00 1.021181408919183964e+00 4.310060697181317124e-01
2.197324414715719243e+01 1.859923299013123754e-274 1.139137461731885681e+00 4.037172142216568282e+00 1.022309962729824440e+00 4.704808922171106467e-01
2.227424749163879625e+01 4.765035835844749348e-267 1.141674784102050699e+00 4.099101070492260135e+00 1.023438516540464915e+00 5.132009900637893862e-01
2.257525083612040362e+01 9.611858269847529058e-260 1.144212106472215718e+00 4.149561774427992233e+00 1.024567070351105613e+00 5.579644706954786093e-01
2.287625418060200744e+01 1.526576583930362262e-252 1.146749428842380736e+00 4.196908976462797369e+00 1.025695624161746089e+00 6.035137740776591597e-01
2.317725752508361481e+01 1.908973437818866402e-245 1.149286751212545754e+00 4.249099544222679548e+00 1.026824177972386787e+00 6.488789616050241182e-01
2.347826086956521863e+01 1.879538496936975644e-238 1.151824073582710772e+00 4.309421219315809459e+00 1.027952731783027263e+00 6.935002434294924578e-01
2.377926421404682600e+01 1.457043830168738604e-231 1.154361395952875791e+00 4.375328736607703384e+00 1.029081285593667738e+00 7.372195279616007291e-01
2.408026755852842982e+01 8.893322836768338280e-225 1.156898718323040809e+00 4.441391361634663859e+00 1.030209839404308436e+00 7.802989528392870744e-01
2.438127090301003363e+01 4.273911751667890639e-218 1.159436040693205827e+00 4.503428879322717293e+00 1.031338393214948912e+00 8.234986017062863040e-01
2.468227424749164101e+01 1.617175279733164240e-211 1.161973363063370845e+00 4.560088941320995737e+00 1.032466947025589610e+00 8.680819837433612074e-01
2.498327759197324482e+01 4.817910060677862909e-205 1.164510685433535864e+00 4.611322435698216538e+00 1.033595500836230086e+00 9.155735434892539049e-01
2.528428093645485220e+01 1.130135022469728241e-198 1.167048007803700882e+00 4.656434086859271737e+00 1.034724054646870561e+00 9.672021080387809278e-01
2.558528428093645601e+01 2.087238274331294572e-192 1.169585330173866122e+00 4.693995308375006559e+00 1.035852608457511259e+00 1.023204039412983324e+00
2.588628762541806339e+01 3.035175284247315636e-186 1.172122652544031141e+00 4.723254179993774393e+00 1.036981162268151735e+00 1.082445803450494681e+00
2.618729096989966720e+01 3.475086146002502206e-180 1.174659974914196159e+00 4.745341935781103970e+00 1.038109716078792433e+00 1.142890518122285926e+00
2.648829431438127102e+01 3.132690022987953356e-174 1.177197297284361177e+00 4.763360943635952971e+00 1.039238269889432908e+00 1.202976367171873173e+00
2.678929765886287839e+01 2.223511212089501966e-168 1.179734619654526195e+00 4.781540453203513508e+00 1.040366823700073384e+00 1.263150869961043643e+00
2.709030100334448221e+01 1.242599785800517654e-162 1.182271942024691214e+00 4.803910676859715068e+00 1.041495377510714082e+00 1.326357065684768965e+00
2.739130434782608958e+01 5.467556454709816005e-157 1.184809264394856232e+00 4.832846006105598669e+00 1.042623931321354558e+00 1.396838532650764186e+00
2.769230769230769340e+01 1.894197802661143723e-151 1.187346586765021250e+00 4.867998789800732418e+00 1.043752485131995256e+00 1.477921085202245743e+00
2.799331103678930077e+01 5.166868776424578801e-146 1.189883909135186268e+00 4.906294475200516203e+00 1.044881038942635731e+00 1.570298707488806844e+00
2.829431438127090459e+01 1.109684669286562425e-140 1.192421231505351287e+00 4.943193086331969965e+00 1.046009592753276207e+00 1.671938809011778604e+00
2.859531772575251196e+01 1.876470716254412171e-135 1.194958553875516305e+00 4.974553185110352160e+00 1.047138146563916905e+00 1.779410589778173346e+00
2.889632107023411578e+01 2.498354416302608489e-130 1.197495876245681323e+00 4.998016740772447619e+00 1.048266700374557381e+00 1.889502468098020582e+00
2.919732441471571960e+01 2.619005161623805711e-125 1.200033198615846342e+00 5.013331153743948221e+00 1.049395254185198079e+00 2.000213072764571720e+00
2.949832775919732697e+01 2.161666599543014934e-120 1.202570520986011360e+00 5.021963315164120978e+00 1.050523807995838554e+00 2.111048179654059442e+00
2.979933110367893079e+01 1.404789074670056058e-115 1.205107843356176378e+00 5.026656804084671748e+00 1.051652361806479030e+00 2.222945978684696122e+00
3.010033444816053816e+01 7.187925722944469454e-111 1.207645165726341396e+00 5.030848751708019151e+00 1.052780915617119728e+00 2.337834283562632898e+00
3.040133779264214198e+01 2.895783513332561299e-106 1.210182488096506415e+00 5.037366239390927092e+00 1.053909469427760204e+00 2.457604440972426918e+00
3.070234113712374935e+01 9.185412250615349246e-102 1.212719810466671433e+00 5.046772025704258091e+00 1.055038023238400902e+00 2.582779593657088313e+00
3.100334448160535317e+01 2.294041472728202681e-97 1.215257132836836451e+00 5.056857112830924095e+00 1.056166577049041377e+00 2.711806279926133545e+00
3.130434782608696054e+01 4.511011437761264087e-93 1.217794455207001469e+00 5.063977640295493465e+00 1.057295130859681853e+00 2.841723799053156974e+00
3.160535117056856436e+01 6.984199598768237907e-89 1.220331777577166488e+00 5.064939720189132188e+00 1.058423684670322551e+00 2.969939140816987511e+00
3.190635451505016817e+01 8.513916910241312617e-85 1.222869099947331506e+00 5.057651657587022953e+00 1.059552238480963027e+00 3.095952397825067148e+00
3.220735785953177555e+01 8.171696406074791736e-81 1.225406422317496746e+00 5.040368712589595290e+00 1.060680792291603725e+00 3.221912518404296044e+00
3.250836120401338292e+01 6.175399954306432903e-77 1.227943744687661765e+00 5.011022201622410854e+00 1.061809346102244200e+00 3.351642024078180793e+00
3.280936454849498318e+01 3.674413330341920218e-73 1.230481067057826783e+00 4.968058728974346749e+00 1.062937899912884676e+00 3.488626877077164679e+00
3.311036789297659055e+01 1.721396741824547481e-69 1.233018389427991801e+00 4.912407033162493164e+00 1.064066453723525374e+00 3.634062250273527805e+00
3.341137123745819792e+01 6.349565332795061340e-66 1.235555711798156819e+00 4.848423603344028443e+00 1.065195007534165850e+00 3.786179825201784421e+00
3.371237458193979819e+01 1.844068573079032948e-62 1.238093034168321838e+00 4.782217546467467884e+00 1.066323561344806548e+00 3.941481761383070381e+00
3.401337792642140556e+01 4.216772664898550565e-59 1.240630356538486856e+00 4.718371081716125737e+00 1.067452115155447023e+00 4.097238370893270698e+00
3.431438127090301293e+01 7.591950366135368468e-56 1.243167678908651874e+00 4.657662628948960659e+00 1.068580668966087721e+00 4.253521447948482859e+00
3.461538461538462030e+01 1.076208909985184026e-52 1.245705001278816892e+00 4.597267931192374313e+00 1.069709222776728197e+00 4.413189470110425283e+00
3.491638795986622057e+01 1.201184881243169946e-49 1.248242323648981911e+00 4.532837654167974684e+00 1.070837776587368673e+00 4.579720908887361830e+00
3.521739130434782794e+01 1.055584931994581004e-46 1.250779646019146929e+00 4.460958603872247963e+00 1.071966330398009370e+00 4.754500230193188237e+00
3.551839464882943531e+01 7.303761078749794604e-44 1.253316968389311947e+00 4.380818602989478450e+00 1.073094884208649846e+00 4.935682473344374266e+00
3.581939799331104268e+01 3.978963771126374336e-41 1.255854290759476966e+00 4.294498146879301537e+00 1.074223438019290544e+00 5.119538956676210617e+00
3.612040133779264295e+01 1.706724656510515480e-38 1.258391613129641984e+00 4.205865483750957701e+00 1.075351991829931020e+00 5.303084241245008101e+00
3.642140468227425032e+01 5.764040073867416604e-36 1.260928935499807224e+00 4.118592122337785710e+00 1.076480545640571496e+00 5.485619346198125079e+00
3.672240802675585769e+01 1.532712050094529323e-33 1.263466257869972242e+00 4.034159428768482769e+00 1.077609099451212193e+00 5.667844043270694243e+00
3.702341137123745796e+01 3.208959264758656288e-31 1.266003580240137261e+00 3.950733738200550960e+00 1.078737653261852669e+00 5.849618991011042546e+00
3.732441471571906533e+01 5.289783405108150167e-29 1.268540902610302279e+00 3.863605434785187587e+00 1.079866207072493367e+00 6.028922429484651957e+00
3.762541806020067270e+01 6.865649561255549908e-27 1.271078224980467297e+00 3.767436082612598103e+00 1.080994760883133843e+00 6.203454964718118525e+00
3.792642140468228007e+01 7.016094644275722118e-25 1.273615547350632315e+00 3.659411659373123626e+00 1.082123314693774319e+00 6.373739031120164711e+00
3.822742474916388034e+01 5.645199920249239890e-23 1.276152869720797334e+00 3.541168186762006176e+00 1.083251868504415016e+00 6.545059333568707061e+00
3.852842809364548771e+01 3.576294996226758895e-21 1.278690192090962352e+00 3.417812598608513941e+00 1.084380422315055492e+00 6.726502349161632033e+00
3.882943143812709508e+01 1.783846800376591535e-19 1.281227514461127370e+00 3.294755042386134036e+00 1.085508976125696190e+00 6.927438015189010478e+00
3.913043478260869534e+01 7.005710539357549276e-18 1.283764836831292389e+00 3.174953232055914842e+00 1.086637529936336666e+00 7.153121284296678262e+00
3.943143812709030271e+01 2.166295594588131306e-16 1.286302159201457407e+00 3.058541301657184963e+00 1.087766083746977142e+00 7.401265516385625354e+00
3.973244147157191009e+01 5.274183424745461623e-15 1.288839481571622425e+00 2.944625985556700520e+00 1.088894637557617839e+00 7.661169266560357904e+00
4.003344481605351746e+01 1.011037473428233681e-13 1.291376803941787443e+00 2.833371955587268953e+00 1.090023191368258315e+00 7.916340772192287822e+00
4.033444816053511772e+01 1.526017881193355277e-12 1.293914126311952462e+00 2.726399957884916514e+00 1.091151745178899013e+00 8.150019450522290043e+00
4.063545150501672509e+01 1.813618186609358019e-11 1.296451448682117480e+00 2.625089105193649353e+00 1.092280298989539489e+00 8.351050589374020561e+00
4.093645484949833246e+01 1.697295188014332827e-10 1.298988771052282498e+00 2.528587472312378459e+00 1.093408852800179965e+00 8.516999610350559635e+00
4.123745819397993273e+01 1.251028794177663232e-09 1.301526093422447516e+00 2.433854911924629771e+00 1.094537406610820662e+00 8.653140753530276896e+00
4.153846153846154010e+01 7.265178932738653064e-09 1.304063415792612535e+00 2.337847689037295673e+00 1.095665960421461138e+00 8.768668719545800627e+00
4.183946488294314747e+01 3.327310752250782509e-08 1.306600738162777553e+00 2.239495101992598158e+00 1.096794514232101836e+00 8.872838964327252498e+00
4.214046822742475484e+01 1.204315220863017146e-07 1.309138060532942571e+00 2.139529942037532884e+00 1.097923068042742312e+00 8.972888892322913534e+00
4.244147157190635511e+01 3.462157769307131480e-07 1.311675382903107590e+00 2.038858272638843339e+00 1.099051621853382787e+00 9.073750301051360267e+00
4.274247491638796248e+01 7.994803883784791370e-07 1.314212705273272608e+00 1.937531149111216378e+00 1.100180175664023485e+00 9.178457911116266743e+00
4.304347826086956985e+01 1.519063037308857280e-06 1.316750027643437626e+00 1.835123086616150756e+00 1.101308729474663961e+00 9.288353967676174605e+00
4.334448160535117722e+01 2.483687782268706778e-06 1.319287350013602644e+00 1.731558439943905903e+00 1.102437283285304659e+00 9.402998023408667194e+00
4.364548494983277749e+01 3.717525260281370503e-06 1.321824672383767885e+00 1.627373112056722970e+00 1.103565837095945135e+00 9.520243308815206973e+00
4.394648829431438486e+01 5.326481795389142905e-06 1.324361994753932903e+00 1.523591910443935715e+00 1.104694390906585610e+00 9.636933680707139516e+00
4.424749163879599223e+01 7.230366116392532602e-06 1.326899317124097921e+00 1.421907577839879755e+00 1.105822944717226308e+00 9.750231364034759096e+00
4.454849498327759250e+01 8.883653795399079956e-06 1.329436639494262939e+00 1.324997487942079166e+00 1.106951498527866784e+00 9.858937187260011115e+00
4.484949832775919987e+01 9.585172544544917972e-06 1.331973961864427958e+00 1.235996508634183311e+00 1.108080052338507482e+00 9.963746830173374036e+00
4.515050167224080724e+01 9.204632500710268128e-06 1.334511284234592976e+00 1.156881879836577198e+00 1.109208606149147958e+00 1.006582094175783659e+01
4.545150501672241461e+01 8.366941048721199560e-06 1.337048606604757994e+00 1.087153470556027512e+00 1.110337159959788433e+00 1.016442129763917990e+01
4.575250836120401488e+01 7.758323896794321427e-06 1.339585928974923013e+00 1.024410413184153601e+00 1.111465713770429131e+00 1.025558695760976846e+01
4.605351170568562225e+01 7.396273126396215701e-06 1.342123251345088031e+00 9.664998028393300133e-01 1.112594267581069607e+00 1.033340668511123539e+01
4.635451505016722962e+01 6.731433568706269040e-06 1.344660573715253049e+00 9.130903585385995447e-01 1.113722821391710305e+00 1.039332029541893831e+01
4.665551839464882988e+01 5.386915242968047761e-06 1.347197896085418067e+00 8.651708814756665644e-01 1.114851375202350781e+00 1.043496225118973086e+01
4.695652173913043725e+01 3.620578484651552558e-06 1.349735218455583086e+00 8.232844780578582045e-01 1.115979929012991256e+00 1.046235161052389095e+01
4.725752508361204463e+01 2.069358339545752863e-06 1.352272540825748104e+00 7.864346975678231377e-01 1.117108482823631954e+00 1.048150947748656314e+01
4.755852842809365200e+01 1.259062879859529715e-06 1.354809863195913122e+00 7.524988558130951688e-01 1.118237036634272430e+00 1.049754652161494839e+01
4.785953177257525226e+01 1.469264159443717959e-06 1.357347185566078362e+00 7.193706992114027310e-01 1.119365590444913128e+00 1.051312273456412782e+01
4.816053511705685963e+01 2.876952039254020021e-06 1.359884507936243381e+00 6.856957706593304058e-01 1.120494144255553604e+00 1.052854548808704571e+01
4.846153846153846700e+01 5.536269743568796895e-06 1.362421830306408399e+00 6.508384276167663574e-01 1.121622698066194079e+00 1.054258902842343737e+01
4.876254180602006727e+01 9.120953468467432357e-06 1.364959152676573417e+00 6.145071013657090742e-01 1.122751251876834777e+00 1.055328725136023138e+01
4.906354515050167464e+01 1.289143266302933481e-05 1.367496475046738436e+00 5.766079840754565478e-01 1.123879805687475253e+00 1.055863454949921021e+01
4.936454849498328201e+01 1.626448902075649811e-05 1.370033797416903454e+00 5.374657611889889219e-01 1.125008359498115951e+00 1.055722888539706794e+01
4.966555183946488938e+01 1.958886607265899283e-05 1.372571119787068472e+00 4.980319088010073392e-01 1.126136913308756426e+00 1.054845299034423078e+01
4.996655518394648965e+01 2.426511444459520780e-05 1.375108442157233490e+00 4.596721459875419136e-01 1.127265467119396902e+00 1.053173383619603776e+01
5.026755852842809702e+01 3.200187944352855389e-05 1.377645764527398509e+00 4.236271257082505071e-01 1.128394020930037600e+00 1.050522365198631469e+01
5.056856187290970439e+01 4.396897582916288000e-05 1.380183086897563527e+00 3.906034182003558231e-01 1.129522574740678076e+00 1.046514476199254240e+01
5.086956521739130466e+01 6.058260075708876658e-05 1.382720409267728545e+00 3.607233089536173165e-01 1.130651128551318774e+00 1.040677706373405620e+01
5.117056856187291203e+01 8.177888309577100411e-05 1.385257731637893563e+00 3.336753918483769676e-01 1.131779682361959249e+00 1.032660439081307224e+01
5.147157190635451940e+01 1.071438173431623632e-04 1.387795054008058582e+00 3.088975329806261105e-01 1.132908236172599725e+00 1.022408199258982719e+01
5.177257525083612677e+01 1.357691014613025696e-04 1.390332376378223600e+00 2.857854919762563006e-01 1.134036789983240423e+00 1.010207269712161882e+01
5.207357859531772704e+01 1.664105509465814078e-04 1.392869698748388618e+00 2.638700808734911196e-01 1.135165343793880899e+00 9.966269363187198138e+00
5.237458193979933441e+01 1.984320339861004332e-04 1.395407021118553637e+00 2.428479864088711471e-01 1.136293897604521597e+00 9.824139638211773828e+00
5.267558528428094178e+01 2.331263382680572320e-04 1.397944343488718655e+00 2.225519289661909150e-01 1.137422451415162072e+00 9.683222144220193783e+00
5.297658862876254204e+01 2.740389047455238283e-04 1.400481665858883673e+00 2.030478746147938995e-01 1.138551005225802548e+00 9.548624433650241272e+00
5.327759197324414941e+01 3.253030043319249951e-04 1.403018988229048691e+00 1.847589318918576862e-01 1.139679559036443246e+00 9.420739911174800696e+00
5.357859531772575679e+01 3.895500588966020142e-04 1.405556310599213710e+00 1.683190641865268122e-01 1.140808112847083722e+00 9.294917530166054931e+00
5.387959866220736416e+01 4.680752327919499218e-04 1.408093632969378728e+00 1.541708427999760600e-01 1.141936666657724420e+00 9.163766711884294480e+00
5.418060200668896442e+01 5.618827751702475289e-04 1.410630955339543746e+00 1.422811718019089955e-01 1.143065220468364895e+00 9.020776959157792874e+00
5.448160535117057179e+01 6.698208393965161692e-04 1.413168277709708764e+00 1.322194004222951302e-01 1.144193774279005371e+00 8.862943977035008913e+00
5.478260869565217916e+01 7.868324875195028536e-04 1.415705600079873783e+00 1.234644775521024779e-01 1.145322328089646069e+00 8.691012293732356397e+00
5.508361204013378654e+01 9.096810407781375602e-04 1.418242922450039023e+00 1.156675322386711002e-01 1.146450881900286545e+00 8.507787266286038985e+00
5.538461538461538680e+01 1.046002636982168920e-03 1.420780244820204041e+00 1.087126371794680663e-01 1.147579435710927243e+00 8.316095886058370468e+00
5.568561872909699417e+01 1.212094918859125221e-03 1.423317567190369060e+00 1.025834600549942327e-01 1.148707989521567718e+00 8.117725423119610539e+00
5.598662207357860154e+01 1.418194334993707045e-03 1.425854889560534078e+00 9.718425797723563575e-02 1.149836543332208194e+00 7.913664776247452792e+00
5.628762541806020181e+01 1.659996798160392334e-03 1.428392211930699096e+00 9.229656279705354682e-02 1.150965097142848892e+00 7.705092733353133383e+00
5.658862876254180918e+01 1.928757596060326224e-03 1.430929534300864114e+00 8.768395722157676375e-02 1.152093650953489368e+00 7.494156824330008959e+00
5.688963210702341655e+01 2.227594595838348120e-03 1.433466856671029133e+00 8.316989961777621065e-02 1.153222204764130066e+00 7.283756777829180074e+00
5.719063545150502392e+01 2.574272619095889850e-03 1.436004179041194151e+00 7.859079105267088861e-02 1.154350758574770541e+00 7.076349834068452083e+00
5.749163879598662419e+01 2.987937353005780828e-03 1.438541501411359169e+00 7.375685267373933984e-02 1.155479312385411017e+00 6.872770809786755919e+00
5.779264214046823156e+01 3.475457962056062357e-03 1.441078823781524187e+00 6.856738381725208109e-02 1.156607866196051715e+00 6.672155410873620518e+00
5.809364548494983893e+01 4.032331763790413838e-03 1.443616146151689206e+00 6.319219597340540451e-02 1.157736420006692191e+00 6.472890563449738011e+00
5.839464882943143920e+01 4.654988571156893143e-03 1.446153468521854224e+00 5.808295824295766491e-02 1.158864973817332888e+00 6.273360541635709886e+00
5.869565217391304657e+01 5.349132766177722327e-03 1.448690790892019242e+00 5.371306645289027765e-02 1.159993527627973364e+00 6.071692239304451455e+00
5.899665551839465394e+01 6.128710632047308475e-03 1.451228113262184261e+00 5.021566596059600512e-02 1.161122081438613840e+00 5.865314720653377556e+00
5.929765886287626131e+01 7.013042495230542919e-03 1.453765435632349501e+00 4.723011709083706211e-02 1.162250635249254538e+00 5.651757404877336022e+00
5.959866220735786158e+01 8.025121313175103549e-03 1.456302758002514519e+00 4.412566418789285599e-02 1.163379189059895014e+00 5.430684497839059155e+00
5.989966555183946895e+01 9.185522026373054566e-03 1.458840080372679537e+00 4.044577927666936218e-02 1.164507742870535711e+00 5.205377248687349301e+00
6.020066889632107632e+01 1.050006260871654690e-02 1.461377402742844556e+00 3.621976283467590041e-02 1.165636296681176187e+00 4.981997392178650230e+00
6.050167224080267658e+01 1.194935906883010969e-02 1.463914725113009574e+00 3.192109697202954316e-02 1.166764850491816885e+00 4.766965569593565100e+00
6.080267558528428395e+01 1.349258051884386252e-02 1.466452047483174592e+00 2.815332924513690854e-02 1.167893404302457361e+00 4.564483582387016014e+00
6.110367892976589133e+01 1.508845318319738775e-02 1.468989369853339610e+00 2.530956648488114774e-02 1.169021958113097837e+00 4.375915870758818826e+00
6.140468227424749870e+01 1.672076089101828464e-02 1.471526692223504629e+00 2.339928544913421476e-02 1.170150511923738534e+00 4.200910324171208465e+00
6.170568561872909896e+01 1.840996128564757403e-02 1.474064014593669647e+00 2.209929826990919902e-02 1.171279065734379010e+00 4.038652798254657839e+00
6.200668896321070633e+01 2.019884943648507861e-02 1.476601336963834665e+00 2.096610081475023743e-02 1.172407619545019708e+00 3.887838533259512896e+00
6.230769230769231370e+01 2.211766249223760458e-02 1.479138659333999684e+00 1.966563081487170475e-02 1.173536173355660184e+00 3.745487806505026995e+00
6.260869565217392108e+01 2.415826526998567439e-02 1.481675981704164702e+00 1.808159072647484364e-02 1.174664727166300660e+00 3.606107136127485902e+00
6.290969899665552134e+01 2.628266452253126204e-02 1.484213304074329720e+00 1.627784398135995181e-02 1.175793280976941357e+00 3.462587887160963884e+00
6.321070234113712871e+01 2.845214340128088965e-02 1.486750626444494738e+00 1.440361377415864952e-02 1.176921834787581833e+00 3.308733197975227025e+00
6.351170568561873608e+01 3.064601303370078494e-02 1.489287948814659757e+00 1.262450763035201026e-02 1.178050388598222531e+00 3.141817304248823550e+00
6.381270903010033635e+01 3.286016242114150193e-02 1.491825271184824775e+00 1.108475323929182521e-02 1.179178942408863007e+00 2.963484693167499628e+00
6.411371237458195083e+01 3.509584245647334039e-02 1.494362593554989793e+00 9.874343836686205397e-03 1.180307496219503482e+00 2.778619063325120653e+00
6.441471571906355109e+01 3.735338117411399900e-02 1.496899915925154811e+00 9.003075924972011451e-03 1.181436050030144180e+00 2.593261911002721742e+00
6.471571906354515136e+01 3.963307063064917118e-02 1.499437238295319830e+00 8.404829253325522831e-03 1.182564603840784656e+00 2.412962342543112371e+00
6.501672240802676583e+01 4.192735857928710230e-02 1.501974560665484848e+00 7.975599648453728097e-03 1.183693157651425354e+00 2.242078308616910043e+00
6.531772575250836610e+01 4.420457387404913563e-02 1.504511883035649866e+00 7.615269419019338355e-03 1.184821711462065830e+00 2.083610547977956973e+00
6.561872909698996637e+01 4.641213189534941497e-02 1.507049205405814885e+00 7.242172273816308015e-03 1.185950265272706305e+00 1.939025775950168562e+00
6.591973244147158084e+01 4.850228317519588578e-02 1.509586527775979903e+00 6.786713390307440655e-03 1.187078819083347003e+00 1.808045532580577763e+00
6.622073578595318111e+01 5.044935492870801508e-02 1.512123850146144921e+00 6.195833722460585696e-03 1.188207372893987479e+00 1.688771246302746665e+00
6.652173913043478137e+01 5.224727858594888086e-02 1.514661172516309939e+00 5.457596496107172158e-03 1.189335926704628177e+00 1.578373829393234784e+00
6.682274247491639585e+01 5.389613889714220396e-02 1.517198494886474958e+00 4.618967702982870564e-03 1.190464480515268653e+00 1.474118892280197546e+00
6.712374581939799612e+01 5.537654902927735545e-02 1.519735817256640198e+00 3.772043433399012088e-03 1.191593034325909350e+00 1.374178831840708437e+00
6.742474916387959638e+01 5.662510008341158085e-02 1.522273139626805216e+00 3.016305547629186297e-03 1.192721588136549826e+00 1.277795618720773962e+00
6.772575250836121086e+01 5.754983150638368072e-02 1.524810461996970234e+00 2.421373740953143561e-03 1.193850141947190302e+00 1.184861633405315917e+00
6.802675585284281112e+01 5.810027402775828909e-02 1.527347784367135253e+00 2.006108397706497445e-03 1.194978695757831000e+00 1.095463111747916773e+00
6.832775919732442560e+01 5.834172396523908122e-02 1.529885106737300271e+00 1.739452226944808704e-03 1.196107249568471476e+00 1.009882859234228381e+00
6.862876254180602587e+01 5.844609240822046248e-02 1.532422429107465289e+00 1.562284303988913841e-03 1.197235803379112173e+00 9.289694688872954798e-01
6.892976588628762613e+01 5.857117088455961185e-02 1.534959751477630308e+00 1.419858631529647992e-03 1.198364357189752649e+00 8.542661543656414613e-01
6.923076923076924061e+01 5.872587144142818461e-02 1.537497073847795326e+00 1.289041223702634209e-03 1.199492911000393125e+00 7.874575311701319524e-01
6.953177257525084087e+01 5.875774845679685582e-02 1.540034396217960344e+00 1.189237950067508496e-03 1.200621464811033823e+00 7.293941861405756066e-01
6.983277591973244114e+01 5.848271153253813137e-02 1.542571718588125362e+00 1.168901302001185962e-03 1.201750018621674299e+00 6.794431320018770037e-01
7.013377926421405562e+01 5.783406282487116995e-02 1.545109040958290603e+00 1.263773084719504785e-03 1.202878572432314996e+00 6.356923424783629262e-01
7.043478260869565588e+01 5.689973321072884505e-02 1.547646363328455621e+00 1.446936126353199617e-03 1.204007126242955472e+00 5.958635096629160133e-01
7.073578595317725615e+01 5.584443625469667771e-02 1.550183685698620639e+00 1.617475991677833546e-03 1.205135680053595948e+00 5.582796222464530000e-01
7.103678929765887062e+01 5.481078021707540271e-02 1.552721008068785657e+00 1.655512115053532933e-03 1.206264233864236646e+00 5.222520646318729032e-01
7.133779264214047089e+01 5.386018154152572707e-02 1.555258330438950676e+00 1.505781775229150278e-03 1.207392787674877122e+00 4.877124834820677490e-01
7.163879598662208537e+01 5.296032490736407583e-02 1.557795652809115694e+00 1.213947170546734447e-03 1.208521341485517819e+00 4.544768176056705467e-01
7.193979933110368563e+01 5.202757169753493421e-02 1.560332975179280712e+00 8.848083962966097346e-04 1.209649895296158295e+00 4.218018859575748403e-01
7.224080267558528590e+01 5.100685416247011800e-02 1.562870297549445731e+00 6.100371928060717951e-04 1.210778449106798771e+00 3.886512361199633281e-01
7.254180602006690037e+01 4.991740048515283523e-02 1.565407619919610749e+00 4.312359263709004270e-04 1.211907002917439469e+00 3.544811003090344026e-01
7.284280936454850064e+01 4.881797999183416087e-02 1.567944942289775767e+00 3.508438637957482422e-04 1.213035556728079944e+00 3.198842828484729228e-01
7.314381270903010090e+01 4.773485548193208416e-02 1.570482264659940785e+00 3.546663070532227006e-04 1.214164110538720642e+00 2.865106885731539266e-01
7.344481605351171538e+01 4.663388413190176773e-02 1.573019587030105804e+00 4.176513967111860400e-04 1.215292664349361118e+00 2.562554190278379385e-01
7.374581939799331565e+01 4.546406569693078187e-02 1.575556909400270822e+00 5.007149078573886348e-04 1.216421218160001594e+00 2.302737211298856723e-01
7.404682274247491591e+01 4.421613426642385936e-02 1.578094231770435840e+00 5.592541474107854240e-04 1.217549771970642292e+00 2.084855811977372464e-01
7.434782608695653039e+01 4.292861791417745820e-02 1.580631554140600858e+00 5.650307499417404379e-04 1.218678325781282767e+00 1.898384024261200731e-01
7.464882943143813065e+01 4.164902324632770853e-02 1.583168876510765877e+00 5.228547987327323036e-04 1.219806879591923465e+00 1.730615936299615687e-01
7.494983277591973092e+01 4.040421820124191765e-02 1.585706198880930895e+00 4.657804373786848134e-04 1.220935433402563941e+00 1.573703098784736132e-01
7.525083612040134540e+01 3.919582843409933487e-02 1.588243521251095913e+00 4.313351843600103067e-04 1.222063987213204417e+00 1.427008374628266352e-01
7.555183946488294566e+01 3.800402076768959192e-02 1.590780843621260932e+00 4.369226152268190495e-04 1.223192541023845115e+00 1.294373021805141910e-01
7.585284280936456014e+01 3.680448099685987989e-02 1.593318165991425950e+00 4.730718495226638419e-04 1.224321094834485590e+00 1.179275484424436443e-01
7.615384615384616041e+01 3.560378666275842985e-02 1.595855488361590968e+00 5.182942144822208106e-04 1.225449648645126288e+00 1.081597379248125101e-01
7.645484949832776067e+01 3.445359078506619183e-02 1.598392810731755986e+00 5.594027866244259380e-04 1.226578202455766764e+00 9.977210515198114971e-02
7.675585284280937515e+01 3.340889371680474257e-02 1.600930133101921005e+00 5.959357786297004482e-04 1.227706756266407240e+00 9.229455468108198335e-02
7.705685618729097541e+01 3.247517404384892697e-02 1.603467455472086023e+00 6.262081380315352632e-04 1.228835310077047938e+00 8.539074150408637598e-02
7.735785953177257568e+01 3.161468908735658861e-02 1.606004777842251041e+00 6.351875841497672424e-04 1.229963863887688413e+00 7.893794110796906183e-02
7.765886287625419016e+01 3.079592974732740102e-02 1.608542100212416059e+00 6.018326610597186368e-04 1.231092417698329111e+00 7.294183078565816269e-02
7.795986622073579042e+01 3.001104604480073212e-02 1.611079422582581078e+00 5.190117212417926298e-04 1.232220971508969587e+00 6.739780567220116092e-02
7.826086956521739069e+01 2.924924511856234061e-02 1.613616744952746096e+00 4.045859264226251404e-04 1.233349525319610063e+00 6.221367534632771951e-02
7.856187290969900516e+01 2.848350747110022299e-02 1.616154067322911336e+00 2.931018411391862820e-04 1.234478079130250761e+00 5.722462390027740348e-02
7.886287625418060543e+01 2.769267529943325243e-02 1.618691389693076355e+00 2.162094138797008864e-04 1.235606632940891236e+00 5.224875047466517874e-02
7.916387959866221991e+01 2.688000262750393082e-02 1.621228712063241373e+00 1.862359768236814125e-04 1.236735186751531934e+00 4.712846025655757776e-02
7.946488294314382017e+01 2.606585239545062063e-02 1.623766034433406391e+00 1.918281146372739375e-04 1.237863740562172410e+00 4.176204414135504389e-02
7.976588628762542044e+01 2.527579884500437066e-02 1.626303356803571409e+00 2.070085420063884818e-04 1.238992294372812886e+00 3.615795921279249536e-02
8.006688963210703491e+01 2.453420324890753443e-02 1.628840679173736428e+00 2.084739388249636329e-04 1.240120848183453584e+00 3.049830211481770539e-02
8.036789297658863518e+01 2.385216943890245203e-02 1.631378001543901446e+00 1.903842258512491190e-04 1.241249401994094059e+00 2.514443666152902865e-02
8.066889632107023544e+01 2.322010106863312343e-02 1.633915323914066464e+00 1.660168923046663036e-04 1.242377955804734757e+00 2.053820465559700464e-02
8.096989966555184992e+01 2.261947149143506489e-02 1.636452646284231482e+00 1.549502465315189122e-04 1.243506509615375233e+00 1.703173372247389697e-02
8.127090301003345019e+01 2.203479086449747562e-02 1.638989968654396501e+00 1.660366993872461631e-04 1.244635063426015709e+00 1.473452641284566690e-02
8.157190635451505045e+01 2.145148373489311547e-02 1.641527291024561741e+00 1.895952071209008644e-04 1.245763617236656406e+00 1.345590496039758381e-02
8.187290969899666493e+01 2.086087673607589857e-02 1.644064613394726759e+00 2.046036231080353358e-04 1.246892171047296882e+00 1.277119488360502035e-02
8.217391304347826519e+01 2.027834715911928931e-02 1.646601935764891778e+00 1.947814564701318661e-04 1.248020724857937580e+00 1.218598300746208396e-02
8.247491638795986546e+01 1.974491676680413879e-02 1.649139258135056796e+00 1.606149435995338811e-04 1.249149278668578056e+00 1.132567720939053890e-02
8.277591973244147994e+01 1.930283570220259551e-02 1.651676580505221814e+00 1.187490594773893063e-04 1.250277832479218532e+00 1.005700404802223509e-02
8.307692307692308020e+01 1.897265502359010703e-02 1.654213902875386832e+00 9.187586486785717828e-05 1.251406386289859229e+00 8.483696501167569889e-03
8.337792642140469468e+01 1.874630978223757252e-02 1.656751225245551851e+00 9.878501134572661481e-05 1.252534940100499705e+00 6.838060581757670654e-03
8.367892976588629494e+01 1.858596704483311823e-02 1.659288547615716869e+00 1.497079199411456758e-04 1.253663493911140403e+00 5.348806101826797214e-03
8.397993311036789521e+01 1.843199325985789630e-02 1.661825869985881887e+00 2.450144896284085598e-04 1.254792047721780879e+00 4.156369847718093674e-03
8.428093645484950969e+01 1.823083399255073442e-02 1.664363192356046905e+00 3.749826892921296630e-04 1.255920601532421355e+00 3.293380879912083566e-03
8.458193979933110995e+01 1.796187164667003427e-02 1.666900514726211924e+00 5.214689078942828402e-04 1.257049155343062052e+00 2.707463476363733846e-03
8.488294314381271022e+01 1.763457014150814767e-02 1.669437837096376942e+00 6.614314056043330827e-04 1.258177709153702528e+00 2.300297529461475723e-03
8.518394648829432469e+01 1.726973888676204202e-02 1.671975159466541960e+00 7.701302030578335150e-04 1.259306262964343226e+00 1.969857713622722752e-03
8.548494983277592496e+01 1.689570107239195262e-02 1.674512481836706979e+00 8.251769332675892420e-04 1.260434816774983702e+00 1.647174975743852850e-03
8.578595317725752523e+01 1.655286822879304537e-02 1.677049804206871997e+00 8.158216742454345435e-04 1.261563370585624178e+00 1.315438491351801197e-03
8.608695652173913970e+01 1.628110780356436041e-02 1.679587126577037015e+00 7.542632467421965786e-04 1.262691924396264875e+00 1.002467366104930601e-03
8.638795986622073997e+01 1.609551802069872362e-02 1.682124448947202033e+00 6.752464319283083384e-04 1.263820478206905351e+00 7.514931511293376646e-04
8.668896321070235444e+01 1.597951178575052894e-02 1.684661771317367052e+00 6.164560335266340866e-04 1.264949032017546049e+00 5.884980762468479355e-04
8.698996655518395471e+01 1.590138325716914866e-02 1.687199093687532070e+00 5.927691960896006550e-04 1.266077585828186525e+00 5.053251305328533430e-04
8.729096989966555498e+01 1.583025521692816781e-02 1.689736416057697088e+00 5.866157915545766252e-04 1.267206139638827000e+00 4.661248437867901656e-04
8.759197324414716945e+01 1.573712982112281111e-02 1.692273738427862106e+00 5.628772520757506113e-04 1.268334693449467698e+00 4.295432350788593230e-04
8.789297658862876972e+01 1.559759241123560153e-02 1.694811060798027125e+00 4.958674753835593278e-04 1.269463247260108174e+00 3.704877962376256569e-04
8.819397993311036998e+01 1.540674688812814289e-02 1.697348383168192143e+00 3.873217699395028199e-04 1.270591801070748872e+00 2.882080949135810933e-04
8.849498327759198446e+01 1.518395372975520075e-02 1.699885705538357161e+00 2.630058427607504207e-04 1.271720354881389348e+00 1.987695906734023683e-04
8.879598662207358473e+01 1.495488714647366484e-02 1.702423027908522180e+00 1.535231423435904198e-04 1.272848908692029823e+00 1.206513266607647295e-04
8.909698996655518499e+01 1.473863467898791843e-02 1.704960350278687198e+00 7.652080823734745739e-05 1.273977462502670521e+00 6.426002526941565409e-05
8.939799331103679947e+01 1.455575469336308631e-02 1.707497672648852216e+00 3.242998118975969432e-05 1.275106016313310997e+00 2.999422944446720430e-05
8.969899665551839973e+01 1.443241967966982058e-02 1.710034995019017234e+00 1.165423947568531858e-05 1.276234570123951695e+00 1.226312110881647822e-05
9.000000000000000000e+01 1.438903293945076496e-02 1.712572317389182475e+00 3.544918672987506700e-06 1.277363123934592171e+00 4.390755746786923828e-06
