0.000000000000000000e+00 0.000000000000000000e+00 4.119312308071378381e-01 5.727725692206811400e-06 2.461802060316670149e-01 1.381691599834072707e-05
3.010033444816053727e-01 0.000000000000000000e+00 4.146494238725063619e-01 1.515763060753428901e-05 2.468093501323956607e-01 3.794871377901643227e-05
6.020066889632107454e-01 0.000000000000000000e+00 4.173676169378748302e-01 3.629063618861213278e-05 2.474384942331243065e-01 9.167995765471727309e-05
9.030100334448161181e-01 0.000000000000000000e+00 4.200858100032433540e-01 7.879529135698247911e-05 2.480676383338529523e-01 1.948260373363241310e-04
1.204013377926421491e+00 0.000000000000000000e+00 4.228040030686118222e-01 1.557069783374308736e-04 2.486967824345815981e-01 3.641885354070551069e-04
1.505016722408026864e+00 0.000000000000000000e+00 4.255221961339803460e-01 2.815416407338199576e-04 2.493259265353102438e-01 5.988888204996909792e-04
1.806020066889632236e+00 2.282583283786559034e-321 4.282403891993488143e-01 4.694034202859678306e-04 2.499550706360388896e-01 8.665787355257056727e-04
2.107023411371237387e+00 2.890098044132278424e-308 4.309585822647173381e-01 7.291756616793986477e-04 2.505842147367675077e-01 1.104113612201289545e-03
2.408026755852842982e+00 1.925658063416210179e-295 4.336767753300858064e-01 1.068819897965485538e-03 2.512133588374961812e-01 1.241266139412805503e-03
2.709030100334448576e+00 6.765966373730953097e-283 4.363949683954543302e-01 1.497903222574377630e-03 2.518425029382247993e-01 1.238902413017313768e-03
3.010033444816053727e+00 1.253616107404952348e-270 4.391131614608227984e-01 2.028482688602287025e-03 2.524716470389534728e-01 1.117562360067297271e-03
3.311036789297658878e+00 1.224851274129498838e-258 4.418313545261913222e-01 2.668214116481460677e-03 2.531007911396820909e-01 9.553280705185954918e-04
3.612040133779264472e+00 6.310826187500595384e-247 4.445495475915598460e-01 3.407245643849509450e-03 2.537299352404107644e-01 8.546290151675922046e-04
3.913043478260870067e+00 1.714640769325567949e-235 4.472677406569283143e-01 4.210273730128563999e-03 2.543590793411393824e-01 8.972538549139130824e-04
4.214046822742474774e+00 2.456654818960874522e-224 4.499859337222967826e-01 5.028312612535615171e-03 2.549882234418680560e-01 1.109887635360284073e-03
4.515050167224080369e+00 1.856090712405572082e-213 4.527041267876653063e-01 5.834594775716767101e-03 2.556173675425966740e-01 1.452482579116589701e-03
4.816053511705685963e+00 7.395002456504891918e-203 4.554223198530338301e-01 6.670228843984902199e-03 2.562465116433253476e-01 1.831094769145988127e-03
5.117056856187291558e+00 1.553679779688585935e-192 4.581405129184022984e-01 7.671711469930552266e-03 2.568756557440539656e-01 2.130148099871454967e-03
5.418060200668897153e+00 1.721348362746101065e-182 4.608587059837708222e-01 9.056483363214963903e-03 2.575047998447826392e-01 2.253604018531178959e-03
5.719063545150501859e+00 1.005680649814218126e-172 4.635768990491392905e-01 1.106539191154033881e-02 2.581339439455112572e-01 2.160120818795116526e-03
6.020066889632107454e+00 3.098385726308978570e-163 4.662950921145078143e-01 1.388945538860067268e-02 2.587630880462399308e-01 1.878213469094692665e-03
6.321070234113713049e+00 5.033788202774212977e-154 4.690132851798762825e-01 1.762221626807028776e-02 2.593922321469685488e-01 1.495635307233892991e-03
6.622073578595317755e+00 4.312592864715674158e-145 4.717314782452448063e-01 2.226320293437072592e-02 2.600213762476972224e-01 1.128997602128145377e-03
6.923076923076923350e+00 1.948345835109467955e-136 4.744496713106133301e-01 2.775876624937973283e-02 2.606505203484258404e-01 8.880373189576239255e-04
7.224080267558528945e+00 4.641706766536080916e-128 4.771678643759817984e-01 3.403466415900879144e-02 2.612796644491545139e-01 8.484853479792700244e-04
7.525083612040134540e+00 5.831407896985797697e-120 4.798860574413502667e-01 4.098382810487632283e-02 2.619088085498831320e-01 1.039250910685619173e-03
7.826086956521740134e+00 3.863253496311388662e-112 4.826042505067187904e-01 4.842335278385925812e-02 2.625379526506118055e-01 1.441291529897369183e-03
8.127090301003345729e+00 1.349637255547359437e-104 4.853224435720873142e-01 5.608206474899059962e-02 2.631670967513404236e-01 1.993773862349961738e-03
8.428093645484949548e+00 2.486365527733765655e-97 4.880406366374557825e-01 6.367039100655387529e-02 2.637962408520690971e-01 2.607213925704354035e-03
8.729096989966555142e+00 2.415443925288317988e-90 4.907588297028243063e-01 7.101452049533414634e-02 2.644253849527977152e-01 3.187618213999353963e-03
9.030100334448160737e+00 1.237408257142528750e-83 4.934770227681927746e-01 7.817005843028761169e-02 2.650545290535263887e-01 3.674808182644332278e-03
9.331103678929766332e+00 3.342821030307232901e-77 4.961952158335612983e-01 8.543564447019343089e-02 2.656836731542550067e-01 4.088691099338676374e-03
9.632107023411371927e+00 4.762086807238131213e-71 4.989134088989297666e-01 9.326243079000719194e-02 2.663128172549836803e-01 4.562912648454726244e-03
9.933110367892977521e+00 3.577383964712791193e-65 5.016316019642982349e-01 1.021278227920557474e-01 2.669419613557122983e-01 5.340693189797396205e-03
1.023411371237458312e+01 1.417156686388051126e-59 5.043497950296668142e-01 1.124497647139823253e-01 2.675711054564409719e-01 6.722741244649941758e-03
1.053511705685618871e+01 2.960426277728679394e-54 5.070679880950352825e-01 1.245726378095775855e-01 2.682002495571695899e-01 8.976860064489500246e-03
1.083612040133779431e+01 3.261179449111613783e-49 5.097861811604037507e-01 1.388088122415534198e-01 2.688293936578982635e-01 1.222174587949113184e-02
1.113712374581939812e+01 1.894432821615847637e-44 5.125043742257722190e-01 1.554933651847994203e-01 2.694585377586268815e-01 1.629882047503666831e-02
1.143812709030100372e+01 5.803203340162040299e-40 5.152225672911407983e-01 1.749948360837437489e-01 2.700876818593555551e-01 2.068148751369584468e-02
1.173913043478260931e+01 9.374334236548393707e-36 5.179407603565092666e-01 1.976338777695630655e-01 2.707168259600841731e-01 2.451818235800132945e-02
1.204013377926421491e+01 7.985408711890492500e-32 5.206589534218777349e-01 2.235268682734532497e-01 2.713459700608128466e-01 2.687527517562016480e-02
1.234113712374582050e+01 3.587054239540086064e-28 5.233771464872463142e-01 2.524747935058030968e-01 2.719751141615414647e-01 2.710761576160565511e-02
1.264214046822742610e+01 8.496945918929672604e-25 5.260953395526147824e-01 2.840579913867167794e-01 2.726042582622701382e-01 2.515292434282770037e-02
1.294314381270903169e+01 1.061382741731217705e-21 5.288135326179832507e-01 3.179830970722095640e-01 2.732334023629987563e-01 2.156895034201058645e-02
1.324414715719063551e+01 6.991429570111783717e-19 5.315317256833517190e-01 3.545093541237706036e-01 2.738625464637274298e-01 1.730600961274146934e-02
1.354515050167224111e+01 2.428548748126711747e-16 5.342499187487202983e-01 3.946478783906670618e-01 2.744916905644560479e-01 1.337466503528656099e-02
1.384615384615384670e+01 4.448591446320470196e-14 5.369681118140887666e-01 4.399365082538194693e-01 2.751208346651847214e-01 1.059397079087972919e-02
1.414715719063545230e+01 4.297579508982307485e-12 5.396863048794572348e-01 4.918884427125823633e-01 2.757499787659133395e-01 9.500897846460172255e-03
1.444816053511705789e+01 2.190134391513354101e-10 5.424044979448257031e-01 5.514495879574669024e-01 2.763791228666420130e-01 1.037525176412170194e-02
1.474916387959866348e+01 5.894286872138959028e-09 5.451226910101942824e-01 6.187722841880806124e-01 2.770082669673706310e-01 1.328028187010117135e-02
1.505016722408026908e+01 8.412987197695232466e-08 5.478408840755627507e-01 6.933593203002496042e-01 2.776374110680993046e-01 1.805942620946860561e-02
1.535117056856187467e+01 6.475771760645685331e-07 5.505590771409312190e-01 7.743892571899466670e-01 2.782665551688279226e-01 2.432005025491722899e-02
1.565217391304348027e+01 2.862006019533827058e-06 5.532772702062997983e-01 8.609973299147879455e-01 2.788956992695565962e-01 3.149553277781042687e-02
1.595317725752508409e+01 8.735882198433659359e-06 5.559954632716682665e-01 9.524269136078157283e-01 2.795248433702852142e-01 3.904190755401310692e-02
1.625418060200669146e+01 2.381919297234114005e-05 5.587136563370367348e-01 1.048095396900383003e+00 2.801539874710138878e-01 4.670288930673290040e-02
1.655518394648829528e+01 5.700461181399190953e-05 5.614318494024052031e-01 1.147608398511017258e+00 2.807831315717425058e-01 5.466846844408473904e-02
1.685618729096989910e+01 9.976737940717632597e-05 5.641500424677736714e-01 1.250676495350229622e+00 2.814122756724711794e-01 6.347924215745817667e-02
1.715719063545150647e+01 1.234931975260773003e-04 5.668682355331422507e-01 1.356905634944077343e+00 2.820414197731997974e-01 7.370598775977303674e-02
1.745819397993311028e+01 1.264524296522178716e-04 5.695864285985107189e-01 1.465591352032193706e+00 2.826705638739284709e-01 8.561719869756601042e-02
1.775919732441471766e+01 1.403314001603326265e-04 5.723046216638791872e-01 1.575777492429503157e+00 2.832997079746570890e-01 9.905848356229332574e-02
1.806020066889632147e+01 1.858358070481685813e-04 5.750228147292477665e-01 1.686717810330121914e+00 2.839288520753857625e-01 1.135929574862319658e-01
1.836120401337792885e+01 2.715878071147327958e-04 5.777410077946162348e-01 1.798503815846158593e+00 2.845579961761143806e-01 1.287616722261940017e-01
1.866220735785953266e+01 4.047164194785762836e-04 5.804592008599847031e-01 1.912312971382930993e+00 2.851871402768430541e-01 1.442702556930271496e-01
1.896321070234114003e+01 5.885995728549557257e-04 5.831773939253532824e-01 2.029864209194506053e+00 2.858162843775716722e-01 1.599792561683046621e-01
1.926421404682274385e+01 7.835297127395309544e-04 5.858955869907217506e-01 2.152265227273896908e+00 2.864454284783003457e-01 1.756949257673213749e-01
1.956521739130434767e+01 9.291301499618842899e-04 5.886137800560902189e-01 2.279037440311835638e+00 2.870745725790289637e-01 1.909129894739184097e-01
1.986622073578595504e+01 1.002817773325395071e-03 5.913319731214586872e-01 2.408131657575154794e+00 2.877037166797576373e-01 2.048116165190782823e-01
2.016722408026755886e+01 1.023975932684236152e-03 5.940501661868271555e-01 2.537060552493309640e+00 2.883328607804862553e-01 2.167252674730620055e-01
2.046822742474916623e+01 1.062550915930223589e-03 5.967683592521957348e-01 2.664367647394515703e+00 2.889620048812149289e-01 2.269439946230766281e-01
2.076923076923077005e+01 1.166008737343765967e-03 5.994865523175642030e-01 2.790277599769015904e+00 2.895911489819435469e-01 2.372503639908494499e-01
2.107023411371237742e+01 1.338856675245511012e-03 6.022047453829326713e-01 2.915909568608983093e+00 2.902202930826722205e-01 2.506096935414721671e-01
2.137123745819398124e+01 1.648278125752485014e-03 6.049229384483012506e-01 3.041544871592514188e+00 2.908494371834008385e-01 2.699829864905052279e-01
2.167224080267558861e+01 2.202562351691547335e-03 6.076411315136697189e-01 3.165267787698878621e+00 2.914785812841295121e-01 2.968978036264391940e-01
2.197324414715719243e+01 2.999547405671976891e-03 6.103593245790381872e-01 3.283126170000348232e+00 2.921077253848581301e-01 3.306552818312445963e-01
2.227424749163879625e+01 3.964153964341498790e-03 6.130775176444067665e-01 3.390850415415553432e+00 2.927368694855868037e-01 3.687157435391259508e-01
2.257525083612040362e+01 5.202991292877753859e-03 6.157957107097752347e-01 3.486016944306733034e+00 2.933660135863154217e-01 4.081158733642593073e-01
2.287625418060200744e+01 6.890376539870083673e-03 6.185139037751437030e-01 3.569304240143578166e+00 2.939951576870440952e-01 4.471022193950989210e-01
2.317725752508361481e+01 8.944428714208434508e-03 6.212320968405121713e-01 3.644272887778838399e+00 2.946243017877727133e-01 4.859223161731978657e-01
2.347826086956521863e+01 1.113774782084734315e-02 6.239502899058806396e-01 3.716091607918161621e+00 2.952534458885013313e-01 5.261743152628235443e-01
2.377926421404682600e+01 1.319258149688983146e-02 6.266684829712492188e-01 3.789995270901855395e+00 2.958825899892300049e-01 5.691065535642341189e-01
2.408026755852842982e+01 1.480820944861198710e-02 6.293866760366176871e-01 3.869964151695542309e+00 2.965117340899586784e-01 6.140744977180292441e-01
2.438127090301003363e+01 1.612268193008097039e-02 6.321048691019861554e-01 3.957739774442076808e+00 2.971408781906872965e-01 6.583033799215708415e-01
2.468227424749164101e+01 1.775834652885562373e-02 6.348230621673547347e-01 4.052246974157113435e+00 2.977700222914159145e-01 6.981617619582368706e-01
2.498327759197324482e+01 2.000779502986441138e-02 6.375412552327232030e-01 4.149633518959935152e+00 2.983991663921445880e-01 7.310454720059572642e-01
2.528428093645485220e+01 2.253034629410762685e-02 6.402594482980916712e-01 4.244121935115172661e+00 2.990283104928732616e-01 7.565377927558197824e-01
2.558528428093645601e+01 2.514049644051477225e-02 6.429776413634602505e-01 4.329578655954026800e+00 2.996574545936018796e-01 7.760763096198383115e-01
2.588628762541806339e+01 2.830390626751748753e-02 6.456958344288287188e-01 4.401310202799905369e+00 3.002865986943304977e-01 7.915152839153725139e-01
2.618729096989966720e+01 3.236285599751455994e-02 6.484140274941971871e-01 4.457351754970335200e+00 3.009157427950591712e-01 8.038392890774881394e-01
2.648829431438127102e+01 3.666331051038526634e-02 6.511322205595656554e-01 4.498621526918775260e+00 3.015448868957878448e-01 8.131508260771029839e-01
2.678929765886287839e+01 4.056290765618125738e-02 6.538504136249341236e-01 4.527826794135914490e+00 3.021740309965164628e-01 8.200040566006276954e-01
2.709030100334448221e+01 4.428280409984022836e-02 6.565686066903027029e-01 4.547715590108416528e+00 3.028031750972450808e-01 8.270059682456344374e-01
2.739130434782608958e+01 4.827645244336806890e-02 6.592867997556711712e-01 4.559711650147227679e+00 3.034323191979737544e-01 8.392468084994499922e-01
2.769230769230769340e+01 5.271871445528781425e-02 6.620049928210396395e-01 4.563740069763312590e+00 3.040614632987024279e-01 8.629003820530388724e-01
2.799331103678930077e+01 5.745322203182334775e-02 6.647231858864082188e-01 4.559220153214725180e+00 3.046906073994310460e-01 9.027906778217598127e-01
2.829431438127090459e+01 6.255288395960859060e-02 6.674413789517766871e-01 4.546396253522329900e+00 3.053197515001596640e-01 9.607118605892036589e-01
2.859531772575251196e+01 6.842886865373846994e-02 6.701595720171451553e-01 4.527056359079867143e+00 3.059488956008883376e-01 1.035765981758949739e+00
2.889632107023411578e+01 7.474804919435307227e-02 6.728777650825137346e-01 4.504294015667069218e+00 3.065780397016170111e-01 1.126173845536353024e+00
2.919732441471571960e+01 8.045459950142036520e-02 6.755959581478820919e-01 4.481680608147187606e+00 3.072071838023456292e-01 1.230627355623292507e+00
2.949832775919732697e+01 8.526522275704086218e-02 6.783141512132506712e-01 4.462405452711490028e+00 3.078363279030742472e-01 1.347842141408474026e+00
2.979933110367893079e+01 8.935232988838784363e-02 6.810323442786191395e-01 4.448614367472741193e+00 3.084654720038029208e-01 1.475034061629000748e+00
3.010033444816053816e+01 9.246957187905074926e-02 6.837505373439876077e-01 4.440870199175092736e+00 3.090946161045315943e-01 1.607344336096862891e+00
3.040133779264214198e+01 9.504221237874710404e-02 6.864687304093561870e-01 4.437757989021957172e+00 3.097237602052602123e-01 1.739300084129032475e+00
3.070234113712374935e+01 9.746090755213518420e-02 6.891869234747246553e-01 4.435951080823368642e+00 3.103529043059888304e-01 1.867234651988080696e+00
3.100334448160535317e+01 9.921685714547995305e-02 6.919051165400931236e-01 4.431036676189524570e+00 3.109820484067175039e-01 1.990559051419322101e+00
3.130434782608696054e+01 9.966363808863505647e-02 6.946233096054617029e-01 4.418933613429258500e+00 3.116111925074461775e-01 2.110938327464768172e+00
3.160535117056856436e+01 9.792620110701744096e-02 6.973415026708301712e-01 4.397248345684850790e+00 3.122403366081747955e-01 2.230499427111047872e+00
3.190635451505016817e+01 9.480109887376861333e-02 7.000596957361986394e-01 4.365894663929802633e+00 3.128694807089034136e-01 2.351030979030418688e+00
3.220735785953177555e+01 9.295557596023319713e-02 7.027778888015672187e-01 4.326750527552616354e+00 3.134986248096320871e-01 2.474905268799103997e+00
3.250836120401338292e+01 9.306306521593939174e-02 7.054960818669355760e-01 4.282630875157940942e+00 3.141277689103607051e-01 2.606371461826733515e+00
3.280936454849498318e+01 9.340230817882780312e-02 7.082142749323041553e-01 4.236100663101853847e+00 3.147569130110893787e-01 2.751057124921846953e+00
3.311036789297659055e+01 9.224028682618903852e-02 7.109324679976726236e-01 4.188648586423814102e+00 3.153860571118179967e-01 2.913076192611174786e+00
3.341137123745819792e+01 8.927466560458754974e-02 7.136506610630410918e-01 4.140590156556739565e+00 3.160152012125466703e-01 3.091868847283832267e+00
3.371237458193979819e+01 8.555372912565688270e-02 7.163688541284096711e-01 4.091744793509525024e+00 3.166443453132752883e-01 3.281968949177962891e+00
3.401337792642140556e+01 8.228228872748463707e-02 7.190870471937781394e-01 4.042458740808631212e+00 3.172734894140039619e-01 3.476619575476969093e+00
3.431438127090301293e+01 8.043506240133689589e-02 7.218052402591466077e-01 3.994223112592905078e+00 3.179026335147325799e-01 3.672306397917575627e+00
3.461538461538462030e+01 7.992290762856602004e-02 7.245234333245151870e-01 3.949334902236574241e+00 3.185317776154612535e-01 3.869894932555876466e+00
3.491638795986622057e+01 7.920847808501429999e-02 7.272416263898836553e-01 3.909732749639844851e+00 3.191609217161898715e-01 4.071196941575348838e+00
3.521739130434782794e+01 7.675961520715066100e-02 7.299598194552521235e-01 3.875764745889143104e+00 3.197900658169185450e-01 4.274673482298717353e+00
3.551839464882943531e+01 7.228080455536400883e-02 7.326780125206207028e-01 3.845671158402199197e+00 3.204192099176471631e-01 4.475341998806415589e+00
3.581939799331104268e+01 6.663086279832500236e-02 7.353962055859890601e-01 3.816016867169290006e+00 3.210483540183758366e-01 4.669798472306845305e+00
3.612040133779264295e+01 6.097994534727007448e-02 7.381143986513576394e-01 3.782724683924909570e+00 3.216774981191044547e-01 4.861675233693917519e+00
3.642140468227425032e+01 5.609475144575377242e-02 7.408325917167261077e-01 3.742193275342591274e+00 3.223066422198331282e-01 5.061910465578573159e+00
3.672240802675585769e+01 5.195173023305676985e-02 7.435507847820945759e-01 3.692183674285661965e+00 3.229357863205617463e-01 5.283088586942048970e+00
3.702341137123745796e+01 4.832904665503370834e-02 7.462689778474631552e-01 3.632376146266973915e+00 3.235649304212904198e-01 5.532612876657311496e+00
3.732441471571906533e+01 4.500795275556855601e-02 7.489871709128316235e-01 3.564531143386877599e+00 3.241940745220190379e-01 5.809996024868179454e+00
3.762541806020067270e+01 4.159099313903932144e-02 7.517053639782000918e-01 3.492126398204878690e+00 3.248232186227477114e-01 6.109291661248458460e+00
3.792642140468228007e+01 3.780441269812560845e-02 7.544235570435686711e-01 3.419388004903931577e+00 3.254523627234763294e-01 6.423586037921279690e+00
3.822742474916388034e+01 3.383168544559355534e-02 7.571417501089370283e-01 3.349882181040288565e+00 3.260815068242050030e-01 6.748090335089636405e+00
3.852842809364548771e+01 2.969874568697122852e-02 7.598599431743056076e-01 3.285177668545663288e+00 3.267106509249336210e-01 7.080680419236846213e+00
3.882943143812709508e+01 2.544703709059685862e-02 7.625781362396741869e-01 3.224238312440891985e+00 3.273397950256622946e-01 7.420710965012503380e+00
3.913043478260869534e+01 2.175493900133364245e-02 7.652963293050425442e-01 3.163914030275755795e+00 3.279689391263909126e-01 7.767361380877183308e+00
3.943143812709030271e+01 1.892859640842240246e-02 7.680145223704111235e-01 3.100278030455227984e+00 3.285980832271195862e-01 8.118457168061048890e+00
3.973244147157191009e+01 1.653743301904894714e-02 7.707327154357795918e-01 3.030090912745034171e+00 3.292272273278482042e-01 8.470392108754975169e+00
4.003344481605351746e+01 1.426512579070298055e-02 7.734509085011480600e-01 2.951747382311178836e+00 3.298563714285768778e-01 8.819317538394200184e+00
4.033444816053511772e+01 1.213942712249354954e-02 7.761691015665166393e-01 2.865538894553122162e+00 3.304855155293054958e-01 9.163090168541359049e+00
4.063545150501672509e+01 1.038403264108882923e-02 7.788872946318851076e-01 2.773446079471657111e+00 3.311146596300341693e-01 9.503042476969541852e+00
4.093645484949833246e+01 8.987288373246405532e-03 7.816054876972535759e-01 2.678679076231966771e+00 3.317438037307627874e-01 9.844765555211608898e+00
4.123745819397993273e+01 7.721994669121358401e-03 7.843236807626221552e-01 2.585008424549097406e+00 3.323729478314914609e-01 1.019749111076882109e+01
4.153846153846154010e+01 6.553648946746042266e-03 7.870418738279905124e-01 2.495906594694949909e+00 3.330020919322200790e-01 1.057194547927656281e+01
4.183946488294314747e+01 5.555592687711679960e-03 7.897600668933590917e-01 2.413689716495048820e+00 3.336312360329487525e-01 1.097676233288445857e+01
4.214046822742475484e+01 4.742496214584724680e-03 7.924782599587275600e-01 2.338969581247383633e+00 3.342603801336773706e-01 1.141407716055335975e+01
4.244147157190635511e+01 4.005230262630232914e-03 7.951964530240960283e-01 2.270625534812245050e+00 3.348895242344060441e-01 1.187599059345401997e+01
4.274247491638796248e+01 3.189459815264551572e-03 7.979146460894646076e-01 2.206271736083806001e+00 3.355186683351346622e-01 1.234448586110988089e+01
4.304347826086956985e+01 2.359259915404623466e-03 8.006328391548330758e-01 2.143015440169403707e+00 3.361478124358633357e-01 1.279665354772399333e+01
4.334448160535117722e+01 1.770419598184527375e-03 8.033510322202015441e-01 2.078247036617463017e+00 3.367769565365919537e-01 1.321411884557194050e+01
4.364548494983277749e+01 1.490803767019462664e-03 8.060692252855701234e-01 2.010233475136397274e+00 3.374061006373206273e-01 1.359209386788926821e+01
4.394648829431438486e+01 1.295186154756267083e-03 8.087874183509385917e-01 1.938382789401028372e+00 3.380352447380492453e-01 1.394241092549588323e+01
4.424749163879599223e+01 1.042953490588161784e-03 8.115056114163070600e-01 1.863203056130314339e+00 3.386643888387779189e-01 1.428763714360354520e+01
4.454849498327759250e+01 8.289916733492792801e-04 8.142238044816756393e-01 1.786106182993808744e+00 3.392935329395065369e-01 1.464854747012454084e+01
4.484949832775919987e+01 7.542358173208131523e-04 8.169419975470439965e-01 1.709179931522844864e+00 3.399226770402352105e-01 1.503175008067092122e+01
4.515050167224080724e+01 7.561122131357555457e-04 8.196601906124125758e-01 1.634890815314809398e+00 3.405518211409638285e-01 1.542513015479653582e+01
4.545150501672241461e+01 7.108730258227092006e-04 8.223783836777810441e-01 1.565590631611416317e+00 3.411809652416925021e-01 1.580474053163978532e+01
4.575250836120401488e+01 5.917644568491268282e-04 8.250965767431495124e-01 1.502845178954897776e+00 3.418101093424211201e-01 1.614961494573660516e+01
4.605351170568562225e+01 4.432273509047313553e-04 8.278147698085180917e-01 1.446881654742366630e+00 3.424392534431497381e-01 1.645537368559534741e+01
4.635451505016722962e+01 3.046187677001867223e-04 8.305329628738865599e-01 1.396556627680227924e+00 3.430683975438784117e-01 1.673787955093871815e+01
4.665551839464882988e+01 1.939243731778623591e-04 8.332511559392550282e-01 1.349990194427524104e+00 3.436975416446070852e-01 1.702472522591646253e+01
4.695652173913043725e+01 1.129596123317928559e-04 8.359693490046236075e-01 1.305549439555143687e+00 3.443266857453357033e-01 1.734012746701182195e+01
4.725752508361204463e+01 5.968997528874410359e-05 8.386875420699920758e-01 1.262582776257940242e+00 3.449558298460643213e-01 1.769216451157932823e+01
4.755852842809365200e+01 3.301780039396424717e-05 8.414057351353605441e-01 1.221465614807997868e+00 3.455849739467929949e-01 1.806862672363985212e+01
4.785953177257525226e+01 2.489321924257828557e-05 8.441239282007291234e-01 1.182999278380644670e+00 3.462141180475216684e-01 1.844221992627537787e+01
4.816053511705685963e+01 2.118123735895983143e-05 8.468421212660974806e-01 1.147625735131839964e+00 3.468432621482502864e-01 1.878163476535713983e+01
4.846153846153846700e+01 1.312785083662192132e-05 8.495603143314660599e-01 1.114979259499752740e+00 3.474724062489789045e-01 1.906363856365311449e+01
4.876254180602006727e+01 4.753964301309648695e-06 8.522785073968345282e-01 1.084002856590708275e+00 3.481015503497075780e-01 1.928180860914303452e+01
4.906354515050167464e+01 9.368872172008035432e-07 8.549967004622029965e-01 1.053462980639972013e+00 3.487306944504362516e-01 1.944862462987949669e+01
4.936454849498328201e+01 9.841298194077469871e-08 8.577148935275715758e-01 1.022463769814835333e+00 3.493598385511648696e-01 1.958958315522496818e+01
4.966555183946488938e+01 5.476627457243677237e-09 8.604330865929400440e-01 9.906095114849442496e-01 3.499889826518934877e-01 1.973133796277252472e+01
4.996655518394648965e+01 1.611651762697597324e-10 8.631512796583085123e-01 9.577403195841892591e-01 3.506181267526221612e-01 1.988953381070249193e+01
5.026755852842809702e+01 2.506436155384807423e-12 8.658694727236770916e-01 9.234956097439983580e-01 3.512472708533508348e-01 2.006319868123982886e+01
5.056856187290970439e+01 2.059455132163715607e-14 8.685876657890455599e-01 8.871204399793377604e-01 3.518764149540794528e-01 2.023925811394495966e+01
5.086956521739130466e+01 8.938935452281280168e-17 8.713058588544140282e-01 8.477769509796639902e-01 3.525055590548080708e-01 2.040429237302467769e+01
5.117056856187291203e+01 2.049267024212560513e-19 8.740240519197826075e-01 8.052248680197681141e-01 3.531347031555367444e-01 2.055560107827423977e+01
5.147157190635451940e+01 2.481061260418089532e-22 8.767422449851509647e-01 7.603838779410032611e-01 3.537638472562654179e-01 2.070411592712462223e+01
5.177257525083612677e+01 1.586180646212541088e-25 8.794604380505195440e-01 7.153023146629593487e-01 3.543929913569940360e-01 2.086763085517041816e+01
5.207357859531772704e+01 5.354226037553572462e-29 8.821786311158880123e-01 6.724711493670056939e-01 3.550221354577226540e-01 2.105958577000706811e+01
5.237458193979933441e+01 9.541681569033938567e-33 8.848968241812564806e-01 6.339091930152394028e-01 3.556512795584513276e-01 2.128094850512258773e+01
5.267558528428094178e+01 8.976255353096089754e-37 8.876150172466250599e-01 6.005811899959681011e-01 3.562804236591800011e-01 2.151921044276576112e+01
5.297658862876254204e+01 4.457261418047543999e-41 8.903332103119935281e-01 5.723942304406723913e-01 3.569095677599086192e-01 2.175278523593376789e+01
5.327759197324414941e+01 1.168172196642866967e-45 8.930514033773619964e-01 5.485738388754620720e-01 3.575387118606372372e-01 2.195630123992269489e+01
5.357859531772575679e+01 1.615761738767076842e-50 8.957695964427305757e-01 5.280532476879371551e-01 3.581678559613659107e-01 2.210409907920719874e+01
5.387959866220736416e+01 1.179363984209748193e-55 8.984877895080989330e-01 5.096918610623530910e-01 3.587970000620945843e-01 2.217267063882524880e+01
5.418060200668896442e+01 4.542441431184820594e-61 9.012059825734675123e-01 4.923956345395419376e-01 3.594261441628232023e-01 2.214383775507055674e+01
5.448160535117057179e+01 9.231556625329647179e-67 9.039241756388360916e-01 4.752664383465037834e-01 3.600552882635518204e-01 2.200859376691728997e+01
5.478260869565217916e+01 9.898743717209929038e-73 9.066423687042044488e-01 4.577683964752423118e-01 3.606844323642804939e-01 2.176947020336692873e+01
5.508361204013378654e+01 5.599925775666421258e-79 9.093605617695730281e-01 4.397850304398231991e-01 3.613135764650091675e-01 2.143946203889262847e+01
5.538461538461538680e+01 1.671325253874178691e-85 9.120787548349416074e-01 4.214954448218627969e-01 3.619427205657377855e-01 2.103762434079552790e+01
5.568561872909699417e+01 2.631464323213125998e-92 9.147969479003099647e-01 4.031482274351376183e-01 3.625718646664664035e-01 2.058341191452633367e+01
5.598662207357860154e+01 2.185620663106935421e-99 9.175151409656785439e-01 3.848899844429006234e-01 3.632010087671950771e-01 2.009228287959670567e+01
5.628762541806020181e+01 9.575852081849793857e-107 9.202333340310469012e-01 3.667422287925011237e-01 3.638301528679237506e-01 1.957420206775378091e+01
5.658862876254180918e+01 2.213050877746866075e-114 9.229515270964154805e-01 3.486942633585583540e-01 3.644592969686523687e-01 1.903528372216123188e+01
5.688963210702341655e+01 2.697764327327333206e-122 9.256697201617840598e-01 3.308074032988816970e-01 3.650884410693809867e-01 1.848131091222867184e+01
5.719063545150502392e+01 1.734617719612619993e-130 9.283879132271524171e-01 3.132460955724700180e-01 3.657175851701096603e-01 1.792056539411603566e+01
5.749163879598662419e+01 5.882749268851100470e-139 9.311061062925209963e-01 2.962186252173547585e-01 3.663467292708383338e-01 1.736333414311923562e+01
5.779264214046823156e+01 1.052263056453679381e-147 9.338242993578895756e-01 2.798670870774574437e-01 3.669758733715669519e-01 1.681763351618933910e+01
5.809364548494983893e+01 9.927211732042475438e-157 9.365424924232579329e-01 2.641735089045857410e-01 3.676050174722955699e-01 1.628407790551379364e+01
5.839464882943143920e+01 4.939484291513029002e-166 9.392606854886265122e-01 2.489478158115014106e-01 3.682341615730242435e-01 1.575431622670760134e+01
5.869565217391304657e+01 1.296225124649861893e-175 9.419788785539950915e-01 2.339272502769685347e-01 3.688633056737528615e-01 1.521510027276968913e+01
5.899665551839465394e+01 1.793979965614102867e-185 9.446970716193634487e-01 2.189463492165560077e-01 3.694924497744815350e-01 1.465572650484066841e+01
5.929765886287626131e+01 1.309445757224743733e-195 9.474152646847320280e-01 2.040727716428086813e-01 3.701215938752101531e-01 1.407426596813045805e+01
5.959866220735786158e+01 5.040634527235016877e-206 9.501334577501003853e-01 1.896120019708400772e-01 3.707507379759388266e-01 1.347937523402815962e+01
5.989966555183946895e+01 1.023307571311381066e-216 9.528516508154689646e-01 1.759781772749486883e-01 3.713798820766675002e-01 1.288770826465885477e+01
6.020066889632107632e+01 1.095585833936310035e-227 9.555698438808375439e-01 1.635327280405282357e-01 3.720090261773961182e-01 1.231922138860756633e+01
6.050167224080267658e+01 6.185890747032699517e-239 9.582880369462059011e-01 1.525045295754806629e-01 3.726381702781247363e-01 1.179274954006446130e+01
6.080267558528428395e+01 1.841918637231570891e-250 9.610062300115744804e-01 1.430101976532185681e-01 3.732673143788534098e-01 1.132275097700695632e+01
6.110367892976589133e+01 2.892331548783138915e-262 9.637244230769430597e-01 1.350907672371661761e-01 3.738964584795820834e-01 1.091677478632255749e+01
6.140468227424749870e+01 2.395148904976491233e-274 9.664426161423114170e-01 1.286797400842493166e-01 3.745256025803107014e-01 1.057346152008928541e+01
6.170568561872909896e+01 1.045975273468537909e-286 9.691608092076799963e-01 1.235151286104391594e-01 3.751547466810393194e-01 1.028222514981924185e+01
6.200668896321070633e+01 2.408866104929134751e-299 9.718790022730485756e-01 1.190966647984791904e-01 3.757838907817679930e-01 1.002586926763231112e+01
6.230769230769231370e+01 2.925528619258768780e-312 9.745971953384169328e-01 1.147737650427723410e-01 3.764130348824966665e-01 9.785254028714415853e+00
6.260869565217392108e+01 0.000000000000000000e+00 9.773153884037855121e-01 1.099441018269779607e-01 3.770421789832252846e-01 9.543131540558157155e+00
6.290969899665552134e+01 0.000000000000000000e+00 9.800335814691538694e-01 1.042478030298195080e-01 3.776713230839539026e-01 9.285396385676191855e+00
6.321070234113712871e+01 0.000000000000000000e+00 9.827517745345224487e-01 9.764426627101079059e-02 3.783004671846825762e-01 9.001338916603650375e+00
6.351170568561873608e+01 0.000000000000000000e+00 9.854699675998910280e-01 9.035051466031243650e-02 3.789296112854112497e-01 8.685647425310941472e+00
6.381270903010033635e+01 0.000000000000000000e+00 9.881881606652593852e-01 8.271529251247007608e-02 3.795587553861398677e-01 8.341792455982005805e+00
6.411371237458195083e+01 0.000000000000000000e+00 9.909063537306279645e-01 7.511989730992543746e-02 3.801878994868684858e-01 7.982755454160024300e+00
6.441471571906355109e+01 0.000000000000000000e+00 9.936245467959965438e-01 6.793446801017653802e-02 3.808170435875971593e-01 7.626033525982262695e+00
6.471571906354515136e+01 0.000000000000000000e+00 9.963427398613649011e-01 6.149182218493171731e-02 3.814461876883257774e-01 7.285171498925343769e+00
6.501672240802676583e+01 0.000000000000000000e+00 9.990609329267334804e-01 5.603780834638318747e-02 3.820753317890543954e-01 6.963874234421676412e+00
6.531772575250836610e+01 0.000000000000000000e+00 1.001779125992101838e+00 5.166878311285365288e-02 3.827044758897830690e-01 6.656804482211477136e+00
6.561872909698996637e+01 0.000000000000000000e+00 1.004497319057470417e+00 4.830646385038207813e-02 3.833336199905117425e-01 6.355760580382118441e+00
6.591973244147158084e+01 0.000000000000000000e+00 1.007215512122838996e+00 4.574296445369638309e-02 3.839627640912403606e-01 6.056427508030211904e+00
6.622073578595318111e+01 0.000000000000000000e+00 1.009933705188207353e+00 4.373620884406475423e-02 3.845919081919689786e-01 5.761537873769126072e+00
6.652173913043478137e+01 0.000000000000000000e+00 1.012651898253575933e+00 4.210205223132221231e-02 3.852210522926976521e-01 5.479151839352870645e+00
6.682274247491639585e+01 0.000000000000000000e+00 1.015370091318944512e+00 4.075830432818540461e-02 3.858501963934263257e-01 5.217489665960930445e+00
6.712374581939799612e+01 0.000000000000000000e+00 1.018088284384312869e+00 3.970772183725653631e-02 3.864793404941549437e-01 4.979573111657212614e+00
6.742474916387959638e+01 0.000000000000000000e+00 1.020806477449681449e+00 3.897525145641793365e-02 3.871084845948835618e-01 4.761322518362769429e+00
6.772575250836121086e+01 0.000000000000000000e+00 1.023524670515050028e+00 3.853333661828123313e-02 3.877376286956122353e-01 4.554683478969717036e+00
6.802675585284281112e+01 0.000000000000000000e+00 1.026242863580418385e+00 3.825890068814306877e-02 3.883667727963409089e-01 4.353401387166817571e+00
6.832775919732442560e+01 0.000000000000000000e+00 1.028961056645786964e+00 3.795473201074205105e-02 3.889959168970695269e-01 4.156548800232655161e+00
6.862876254180602587e+01 0.000000000000000000e+00 1.031679249711155322e+00 3.742710983448012396e-02 3.896250609977981449e-01 3.966775396801599296e+00
6.892976588628762613e+01 0.000000000000000000e+00 1.034397442776523901e+00 3.656474792524235656e-02 3.902542050985268185e-01 3.785131681143615978e+00
6.923076923076924061e+01 0.000000000000000000e+00 1.037115635841892480e+00 3.535916206069894541e-02 3.908833491992554920e-01 3.607470938567082896e+00
6.953177257525084087e+01 0.000000000000000000e+00 1.039833828907260838e+00 3.385953775161318346e-02 3.915124932999841101e-01 3.425814441847263581e+00
6.983277591973244114e+01 0.000000000000000000e+00 1.042552021972629417e+00 3.211853286158147802e-02 3.921416374007127281e-01 3.233481149769917629e+00
7.013377926421405562e+01 0.000000000000000000e+00 1.045270215037997996e+00 3.019171140227175365e-02 3.927707815014414017e-01 3.029698393901817610e+00
7.043478260869565588e+01 0.000000000000000000e+00 1.047988408103366353e+00 2.819186567452394362e-02 3.933999256021700752e-01 2.820324077046916678e+00
7.073578595317725615e+01 0.000000000000000000e+00 1.050706601168734933e+00 2.633328520538491188e-02 3.940290697028986933e-01 2.614748330631245121e+00
7.103678929765887062e+01 0.000000000000000000e+00 1.053424794234103512e+00 2.489936072830665342e-02 3.946582138036273113e-01 2.421664939813623629e+00
7.133779264214047089e+01 0.000000000000000000e+00 1.056142987299471869e+00 2.413213705193982886e-02 3.952873579043559849e-01 2.246388359921517086e+00
7.163879598662208537e+01 0.000000000000000000e+00 1.058861180364840449e+00 2.411177455880045631e-02 3.959165020050846584e-01 2.090573588794329751e+00
7.193979933110368563e+01 0.000000000000000000e+00 1.061579373430208806e+00 2.470612488687298075e-02 3.965456461058132764e-01 1.953497887723969262e+00
7.224080267558528590e+01 0.000000000000000000e+00 1.064297566495577385e+00 2.562114623067242303e-02 3.971747902065418945e-01 1.833551084075174975e+00
7.254180602006690037e+01 0.000000000000000000e+00 1.067015759560945964e+00 2.651761119116939625e-02 3.978039343072705680e-01 1.729025705194683793e+00
7.284280936454850064e+01 0.000000000000000000e+00 1.069733952626314322e+00 2.712748531196488080e-02 3.984330784079992416e-01 1.637985433938297319e+00
7.314381270903010090e+01 0.000000000000000000e+00 1.072452145691682901e+00 2.731801064193167816e-02 3.990622225087278596e-01 1.557512425326275984e+00
7.344481605351171538e+01 0.000000000000000000e+00 1.075170338757051480e+00 2.709012932957400796e-02 3.996913666094564777e-01 1.482995769116984386e+00
7.374581939799331565e+01 0.000000000000000000e+00 1.077888531822419838e+00 2.652928704230411022e-02 4.003205107101851512e-01 1.408321735241379269e+00
7.404682274247491591e+01 0.000000000000000000e+00 1.080606724887788417e+00 2.573813673509267250e-02 4.009496548109138248e-01 1.327521445157914259e+00
7.434782608695653039e+01 0.000000000000000000e+00 1.083324917953156996e+00 2.477954541504820418e-02 4.015787989116424428e-01 1.237350132388980617e+00
7.464882943143813065e+01 0.000000000000000000e+00 1.086043111018525353e+00 2.365294032800804858e-02 4.022079430123710608e-01 1.139053561217496791e+00
7.494983277591973092e+01 0.000000000000000000e+00 1.088761304083893933e+00 2.231484578670575591e-02 4.028370871130997344e-01 1.037636752104622362e+00
7.525083612040134540e+01 0.000000000000000000e+00 1.091479497149262290e+00 2.073243988046573338e-02 4.034662312138284079e-01 9.388180491241101544e-01
7.555183946488294566e+01 0.000000000000000000e+00 1.094197690214630869e+00 1.893773373644490679e-02 4.040953753145570260e-01 8.459588650135936305e-01
7.585284280936456014e+01 0.000000000000000000e+00 1.096915883279999449e+00 1.704711445840387599e-02 4.047245194152856440e-01 7.593265144981757864e-01
7.615384615384616041e+01 0.000000000000000000e+00 1.099634076345367806e+00 1.523120947221413141e-02 4.053536635160143176e-01 6.778206800260442311e-01
7.645484949832776067e+01 0.000000000000000000e+00 1.102352269410736385e+00 1.364945559621447667e-02 4.059828076167429911e-01 6.010840162207895521e-01
7.675585284280937515e+01 0.000000000000000000e+00 1.105070462476104964e+00 1.238378150133784446e-02 4.066119517174716091e-01 5.299992124168628749e-01
7.705685618729097541e+01 0.000000000000000000e+00 1.107788655541473322e+00 1.140681101300365305e-02 4.072410958182002272e-01 4.656114148686116283e-01
7.735785953177257568e+01 0.000000000000000000e+00 1.110506848606841901e+00 1.060276441258627654e-02 4.078702399189289007e-01 4.081118132550144995e-01
7.765886287625419016e+01 0.000000000000000000e+00 1.113225041672210480e+00 9.831766315767322476e-03 4.084993840196575743e-01 3.570587257795750369e-01
7.795986622073579042e+01 0.000000000000000000e+00 1.115943234737578837e+00 9.004492908963122877e-03 4.091285281203861923e-01 3.123319861079080773e-01
7.826086956521739069e+01 0.000000000000000000e+00 1.118661427802947417e+00 8.128739477253564202e-03 4.097576722211148104e-01 2.744695926119588569e-01
7.856187290969900516e+01 0.000000000000000000e+00 1.121379620868315774e+00 7.306518620312438261e-03 4.103868163218434839e-01 2.438741980507320717e-01
7.886287625418060543e+01 0.000000000000000000e+00 1.124097813933684353e+00 6.687136373581389556e-03 4.110159604225721575e-01 2.197647852570667470e-01
7.916387959866221991e+01 0.000000000000000000e+00 1.126816006999052933e+00 6.400038129212058842e-03 4.116451045233007755e-01 2.000692955240389592e-01
7.946488294314382017e+01 0.000000000000000000e+00 1.129534200064421290e+00 6.494101909740255738e-03 4.122742486240293935e-01 1.824423938405665135e-01
7.976588628762542044e+01 0.000000000000000000e+00 1.132252393129789869e+00 6.904456181673111238e-03 4.129033927247580671e-01 1.654488559942855763e-01
8.006688963210703491e+01 0.000000000000000000e+00 1.134970586195158448e+00 7.460735676217420190e-03 4.135325368254867406e-01 1.488786664747120125e-01
8.036789297658863518e+01 0.000000000000000000e+00 1.137688779260526806e+00 7.939101698577567812e-03 4.141616809262153587e-01 1.331072634543338240e-01
8.066889632107023544e+01 0.000000000000000000e+00 1.140406972325895385e+00 8.140648780984152677e-03 4.147908250269439767e-01 1.183018506926355740e-01
8.096989966555184992e+01 0.000000000000000000e+00 1.143125165391263964e+00 7.960329339595286283e-03 4.154199691276726503e-01 1.042327986805057366e-01
8.127090301003345019e+01 0.000000000000000000e+00 1.145843358456632322e+00 7.411315261053710683e-03 4.160491132284013238e-01 9.068606540782321590e-02
8.157190635451505045e+01 0.000000000000000000e+00 1.148561551522000901e+00 6.595602939185664891e-03 4.166782573291299419e-01 7.789311765581281854e-02
8.187290969899666493e+01 0.000000000000000000e+00 1.151279744587369258e+00 5.644890306062838765e-03 4.173074014298585599e-01 6.652837088476415417e-02
8.217391304347826519e+01 0.000000000000000000e+00 1.153997937652737837e+00 4.669807983681789447e-03 4.179365455305872334e-01 5.734446140765036420e-02
8.247491638795986546e+01 0.000000000000000000e+00 1.156716130718106417e+00 3.740987852563595114e-03 4.185656896313159070e-01 5.079638663193160319e-02
8.277591973244147994e+01 0.000000000000000000e+00 1.159434323783474774e+00 2.898002483110677981e-03 4.191948337320445250e-01 4.686776862833685192e-02
8.307692307692308020e+01 0.000000000000000000e+00 1.162152516848843353e+00 2.165877120357157046e-03 4.198239778327731431e-01 4.506944822591025385e-02
8.337792642140469468e+01 0.000000000000000000e+00 1.164870709914211933e+00 1.563074490539164427e-03 4.204531219335018166e-01 4.452649091447451885e-02
8.367892976588629494e+01 0.000000000000000000e+00 1.167588902979580290e+00 1.099352629741127789e-03 4.210822660342304902e-01 4.415899373376673542e-02
8.397993311036789521e+01 0.000000000000000000e+00 1.170307096044948869e+00 7.711756044214912930e-04 4.217114101349591082e-01 4.298118204288920580e-02
8.428093645484950969e+01 0.000000000000000000e+00 1.173025289110317226e+00 5.611149415783934146e-04 4.223405542356877262e-01 4.042761167412187856e-02
8.458193979933110995e+01 0.000000000000000000e+00 1.175743482175685806e+00 4.419266282906929473e-04 4.229696983364163998e-01 3.651291102510399733e-02
8.488294314381271022e+01 0.000000000000000000e+00 1.178461675241054385e+00 3.828546289677890561e-04 4.235988424371450733e-01 3.170200757421070409e-02
8.518394648829432469e+01 0.000000000000000000e+00 1.181179868306422742e+00 3.560775934984037423e-04 4.242279865378736914e-01 2.658171183591637177e-02
8.548494983277592496e+01 0.000000000000000000e+00 1.183898061371791322e+00 3.419220360114833836e-04 4.248571306386023094e-01 2.157905655556638033e-02
8.578595317725752523e+01 0.000000000000000000e+00 1.186616254437159901e+00 3.311176031575929031e-04 4.254862747393309830e-01 1.690521642228640098e-02
8.608695652173913970e+01 0.000000000000000000e+00 1.189334447502528258e+00 3.226561167661298008e-04 4.261154188400596565e-01 1.268169661103770059e-02
8.638795986622073997e+01 0.000000000000000000e+00 1.192052640567896837e+00 3.180994178970811075e-04 4.267445629407882746e-01 9.057654764889178090e-03
8.668896321070235444e+01 0.000000000000000000e+00 1.194770833633265417e+00 3.159230339897892452e-04 4.273737070415168926e-01 6.190958395744517763e-03
8.698996655518395471e+01 0.000000000000000000e+00 1.197489026698633774e+00 3.097926988416969995e-04 4.280028511422455662e-01 4.140312886446017443e-03
8.729096989966555498e+01 0.000000000000000000e+00 1.200207219764002353e+00 2.917326472504634628e-04 4.286319952429742397e-01 2.802542171349894223e-03
8.759197324414716945e+01 0.000000000000000000e+00 1.202925412829370710e+00 2.573600173330263335e-04 4.292611393437028577e-01 1.961432335975469600e-03
8.789297658862876972e+01 0.000000000000000000e+00 1.205643605894739290e+00 2.090072277297889513e-04 4.298902834444314758e-01 1.398235878485757939e-03
8.819397993311036998e+01 0.000000000000000000e+00 1.208361798960107869e+00 1.546002260616977260e-04 4.305194275451601493e-01 9.728213251876326965e-04
8.849498327759198446e+01 0.000000000000000000e+00 1.211079992025476226e+00 1.035293675378690808e-04 4.311485716458888229e-01 6.327752794960230312e-04
8.879598662207358473e+01 0.000000000000000000e+00 1.213798185090844806e+00 6.256011003972284160e-05 4.317777157466174409e-01 3.737218784357194371e-04
8.909698996655518499e+01 0.000000000000000000e+00 1.216516378156213385e+00 3.405305888971592619e-05 4.324068598473460590e-01 1.971900467890214971e-04
8.939799331103679947e+01 0.000000000000000000e+00 1.219234571221581742e+00 1.668180240433007511e-05 4.330360039480747325e-01 9.219641193813159197e-05
8.969899665551839973e+01 0.000000000000000000e+00 1.221952764286950321e+00 7.351083182268704256e-06 4.336651480488034061e-01 3.804808282545567392e-05
9.000000000000000000e+01 0.000000000000000000e+00 1.224670957352318901e+00 2.913223490415867121e-06 4.342942921495320241e-01 1.383375074299307736e-05
