0.000000000000000000e+00 3.444558321701324092e-92 1.822031576314347145e-01 4.082241757322999311e-06 1.807973906030083122e-01 1.642842455019621309e-05
3.010033444816053727e-01 4.591696384432748140e-89 1.849100773867848602e-01 8.127268009636209398e-06 1.813328598929221380e-01 3.775909868802478862e-05
6.020066889632107454e-01 1.043578066475271540e-85 1.876169971421349780e-01 1.543985083904417049e-05 1.818683291828359361e-01 8.034127586794156354e-05
9.030100334448161181e-01 2.021913780526187669e-82 1.903239168974851236e-01 2.801612380849431415e-05 1.824037984727497619e-01 1.585125037966117988e-04
1.204013377926421491e+00 3.339566667740988280e-79 1.930308366528352415e-01 4.861808356920670443e-05 1.829392677626635877e-01 2.906177392207932061e-04
1.505016722408026864e+00 4.702314962869221595e-76 1.957377564081853871e-01 8.082820183244281403e-05 1.834747370525773857e-01 4.964642211690422366e-04
1.806020066889632236e+00 5.644586779687662708e-73 1.984446761635355050e-01 1.290329388932147554e-04 1.840102063424912116e-01 7.928835314535873872e-04
2.107023411371237387e+00 5.776391488937495307e-70 2.011515959188856506e-01 1.983855219185256559e-04 1.845456756324050374e-01 1.188544803051177785e-03
2.408026755852842982e+00 5.039538776667121220e-67 2.038585156742357685e-01 2.948704908329074408e-04 1.850811449223188354e-01 1.679917678903689949e-03
2.709030100334448576e+00 3.748356548818420389e-64 2.065654354295859141e-01 4.256400119364721259e-04 1.856166142122326612e-01 2.250048004731759841e-03
3.010033444816053727e+00 2.376915552634001484e-61 2.092723551849360319e-01 5.997593004896812621e-04 1.861520835021464870e-01 2.870611410220142920e-03
3.311036789297658878e+00 1.285040573784471551e-58 2.119792749402861776e-01 8.293446807246027510e-04 1.866875527920602851e-01 3.506412935339473826e-03
3.612040133779264472e+00 5.923226692370249631e-56 2.146861946956363232e-01 1.130817631965929998e-03 1.872230220819741109e-01 4.121054296101508627e-03
3.913043478260870067e+00 2.327808661845894440e-53 2.173931144509864410e-01 1.525729458904152716e-03 1.877584913718879367e-01 4.682982834891734336e-03
4.214046822742474774e+00 7.799979720443346701e-51 2.201000342063365589e-01 2.040497949891517497e-03 1.882939606618017347e-01 5.171768084443306712e-03
4.515050167224080369e+00 2.228474925981943901e-48 2.228069539616867045e-01 2.704595921931656627e-03 1.888294299517155606e-01 5.584519870338141428e-03
4.816053511705685963e+00 5.428776904805694596e-46 2.255138737170368501e-01 3.547285090017066999e-03 1.893648992416293864e-01 5.942025588469266456e-03
5.117056856187291558e+00 1.127688786824700984e-43 2.282207934723869680e-01 4.593750527390720248e-03 1.899003685315431844e-01 6.294054488199098650e-03
5.418060200668897153e+00 1.997486856063292888e-41 2.309277132277370859e-01 5.862140618332306423e-03 1.904358378214570102e-01 6.723477627415365594e-03
5.719063545150501859e+00 3.017184381874519296e-39 2.336346329830872315e-01 7.363189264813435955e-03 1.909713071113708360e-01 7.348848318024401791e-03
6.020066889632107454e+00 3.886516715778888699e-37 2.363415527384373771e-01 9.103569330806181650e-03 1.915067764012846341e-01 8.324330310540117503e-03
6.321070234113713049e+00 4.269523452084284284e-35 2.390484724937874950e-01 1.109296673215242647e-02 1.920422456911984599e-01 9.834244799571408013e-03
6.622073578595317755e+00 4.000184425371885027e-33 2.417553922491376406e-01 1.335344447543118651e-02 1.925777149811122857e-01 1.207743065534145482e-02
6.923076923076923350e+00 3.196586451794281976e-31 2.444623120044877584e-01 1.592852683375418563e-02 1.931131842710260837e-01 1.523543452078772453e-02
7.224080267558528945e+00 2.178842004435725483e-29 2.471692317598379041e-01 1.888907545681499725e-02 1.936486535609399096e-01 1.942118921548575267e-02
7.525083612040134540e+00 1.266859236690124492e-27 2.498761515151880497e-01 2.233371676670963674e-02 1.941841228508537354e-01 2.461448750273008759e-02
7.826086956521740134e+00 6.283896027719565470e-26 2.525830712705381398e-01 2.638323387007076790e-02 1.947195921407675612e-01 3.060650184061309079e-02
8.127090301003345729e+00 2.659300217838906156e-24 2.552899910258882854e-01 3.117051452927484950e-02 1.952550614306813592e-01 3.698932053767699929e-02
8.428093645484949548e+00 9.602614738627669990e-23 2.579969107812384310e-01 3.682961697730627315e-02 1.957905307205951850e-01 4.322364567455905249e-02
8.729096989966555142e+00 2.959029092973299585e-21 2.607038305365885766e-01 4.348843405887214270e-02 1.963260000105089831e-01 4.878845205695356291e-02
9.030100334448160737e+00 7.782341932914448652e-20 2.634107502919387223e-01 5.126865163703872574e-02 1.968614693004228089e-01 5.336741977771172069e-02
9.331103678929766332e+00 1.747226359365503957e-18 2.661176700472888124e-01 6.029410937911779816e-02 1.973969385903366347e-01 5.698550338455185549e-02
9.632107023411371927e+00 3.349335962132842635e-17 2.688245898026389580e-01 7.070496728190352187e-02 1.979324078802504605e-01 6.000907926938501419e-02
9.933110367892977521e+00 5.483442204243207685e-16 2.715315095579891036e-01 8.267163112747914766e-02 1.984678771701642586e-01 6.298017360915963980e-02
1.023411371237458312e+01 7.669647467521036908e-15 2.742384293133391937e-01 9.640074963339941017e-02 1.990033464600780844e-01 6.634713806299143146e-02
1.053511705685618871e+01 9.168640405564344850e-14 2.769453490686893393e-01 1.121267976956661500e-01 1.995388157499918824e-01 7.022681905810378156e-02
1.083612040133779431e+01 9.372838054723409669e-13 2.796522688240394849e-01 1.300867763393623033e-01 2.000742850399057082e-01 7.433384776553830786e-02
1.113712374581939812e+01 8.199146953371016372e-12 2.823591885793896306e-01 1.504812439940729218e-01 2.006097543298195340e-01 7.812878902537841175e-02
1.143812709030100372e+01 6.142980703885215622e-11 2.850661083347397762e-01 1.734304182880094247e-01 2.011452236197333598e-01 8.111264963691548757e-02
1.173913043478260931e+01 3.946377969159197096e-10 2.877730280900898663e-01 1.989376123478295288e-01 2.016806929096471579e-01 8.310767290542357688e-02
1.204013377926421491e+01 2.177077204510885158e-09 2.904799478454400119e-01 2.268724968959931476e-01 2.022161621995609837e-01 8.437275764161790426e-02
1.234113712374582050e+01 1.033349808379858798e-08 2.931868676007901575e-01 2.569831396947653279e-01 2.027516314894747818e-01 8.550459931252384072e-02
1.264214046822742610e+01 4.230734668251577016e-08 2.958937873561403031e-01 2.889389180680010938e-01 2.032871007793886076e-01 8.720655569742868929e-02
1.294314381270903169e+01 1.498999179927366190e-07 2.986007071114904488e-01 3.223976322602610800e-01 2.038225700693024334e-01 9.007808135738973321e-02
1.324414715719063551e+01 4.615751878522961376e-07 3.013076268668405389e-01 3.570817632602691916e-01 2.043580393592162592e-01 9.454010703805691695e-02
1.354515050167224111e+01 1.241959697314103055e-06 3.040145466221906845e-01 3.928436335667426227e-01 2.048935086491300572e-01 1.008949049163864881e-01
1.384615384615384670e+01 2.940638599086069347e-06 3.067214663775408301e-01 4.296997273297912812e-01 2.054289779390438830e-01 1.094111640833678178e-01
1.414715719063545230e+01 6.182314025736211000e-06 3.094283861328909202e-01 4.678216080581006353e-01 2.059644472289577088e-01 1.203100522507612319e-01
1.444816053511705789e+01 1.167391798278808661e-05 3.121353058882411213e-01 5.074833566257267448e-01 2.064999165188715069e-01 1.336205029049466753e-01
1.474916387959866348e+01 2.008585577802176508e-05 3.148422256435912114e-01 5.489794657256269472e-01 2.070353858087853327e-01 1.490018186615640894e-01
1.505016722408026908e+01 3.204609493380912975e-05 3.175491453989413571e-01 5.925376421047169329e-01 2.075708550986991585e-01 1.656944348893050756e-01
1.535117056856187467e+01 4.838086783742808758e-05 3.202560651542915027e-01 6.382536442735392557e-01 2.081063243886129566e-01 1.826971952391700516e-01
1.565217391304348027e+01 7.065858346251395342e-05 3.229629849096415928e-01 6.860683816638938337e-01 2.086417936785267824e-01 1.991191391249942655e-01
1.595317725752508409e+01 1.020793479027258435e-04 3.256699046649917384e-01 7.357928928662376133e-01 2.091772629684406082e-01 2.145244425884066664e-01
1.625418060200669146e+01 1.488544569418390976e-04 3.283768244203418840e-01 7.871695727225410666e-01 2.097127322583544062e-01 2.290792262339576280e-01
1.655518394648829528e+01 2.222456101355774888e-04 3.310837441756919741e-01 8.399446115697981607e-01 2.102482015482682320e-01 2.434305007756299988e-01
1.685618729096989910e+01 3.411045823205571771e-04 3.337906639310421752e-01 8.939224095068949438e-01 2.107836708381820578e-01 2.584167423572280020e-01
1.715719063545150647e+01 5.339532607708677783e-04 3.364975836863922654e-01 9.489796929348002230e-01 2.113191401280958559e-01 2.748102126851573734e-01
1.745819397993311028e+01 8.385545590739528583e-04 3.392045034417424110e-01 1.005032710225560511e+00 2.118546094180096817e-01 2.932584913812388283e-01
1.775919732441471766e+01 1.296469897704304519e-03 3.419114231970925566e-01 1.061969124139715337e+00 2.123900787079235075e-01 3.144532463453007520e-01
1.806020066889632147e+01 1.942067495406558670e-03 3.446183429524426467e-01 1.119569824849972361e+00 2.129255479978373056e-01 3.393973797771740464e-01
1.836120401337792885e+01 2.790418020533192139e-03 3.473252627077927923e-01 1.177449610786405421e+00 2.134610172877511314e-01 3.695561655045586091e-01
1.866220735785953266e+01 3.832899805854979389e-03 3.500321824631429379e-01 1.235038549402964980e+00 2.139964865776649572e-01 4.067060312853946202e-01
1.896321070234114003e+01 5.047105156565568317e-03 3.527391022184930280e-01 1.291611483472288269e+00 2.145319558675787552e-01 4.524259367924605146e-01
1.926421404682274385e+01 6.417736444268289965e-03 3.554460219738432292e-01 1.346358038975028482e+00 2.150674251574925810e-01 5.073636099100422570e-01
1.956521739130434767e+01 7.955431861964457063e-03 3.581529417291933193e-01 1.398475711575783320e+00 2.156028944474064069e-01 5.705793485538490639e-01
1.986622073578595504e+01 9.700224592994846282e-03 3.608598614845434649e-01 1.447266955085700468e+00 2.161383637373202049e-01 6.393359948911507828e-01
2.016722408026755886e+01 1.170586584945290144e-02 3.635667812398936105e-01 1.492225977793576908e+00 2.166738330272340307e-01 7.095960872620968862e-01
2.046822742474916623e+01 1.401242752913593043e-02 3.662737009952437006e-01 1.533107305694949130e+00 2.172093023171478565e-01 7.772102384865522406e-01
2.076923076923077005e+01 1.662115881281651941e-02 3.689806207505939017e-01 1.569971245194918152e+00 2.177447716070616546e-01 8.394426582252965119e-01
2.107023411371237742e+01 1.948616022828602440e-02 3.716875405059439919e-01 1.603199583938701878e+00 2.182802408969754804e-01 8.962535756269894849e-01
2.137123745819398124e+01 2.253016903931353426e-02 3.743944602612941375e-01 1.633471105415843727e+00 2.188157101868893062e-01 9.507812315597723440e-01
2.167224080267558861e+01 2.567635283307170141e-02 3.771013800166442831e-01 1.661686369388974294e+00 2.193511794768031042e-01 1.008746647043953004e+00
2.197324414715719243e+01 2.887467279198101255e-02 3.798082997719943732e-01 1.688839210506768662e+00 2.198866487667169300e-01 1.076913702303395892e+00
2.227424749163879625e+01 3.210456160940982490e-02 3.825152195273445188e-01 1.715848395870634757e+00 2.204221180566307559e-01 1.161092421086929116e+00
2.257525083612040362e+01 3.535515336267575082e-02 3.852221392826946644e-01 1.743381241118512559e+00 2.209575873465445817e-01 1.264342830781833849e+00
2.287625418060200744e+01 3.860287781641985605e-02 3.879290590380447545e-01 1.771713050552408575e+00 2.214930566364583797e-01 1.385982740219482645e+00
2.317725752508361481e+01 4.180739595254230612e-02 3.906359787933949557e-01 1.800664689118025796e+00 2.220285259263722055e-01 1.521754126960129794e+00
2.347826086956521863e+01 4.492818791586166566e-02 3.933428985487450458e-01 1.829643317822163828e+00 2.225639952162860036e-01 1.665121129805222200e+00
2.377926421404682600e+01 4.794036670880430506e-02 3.960498183040951914e-01 1.857782910487682404e+00 2.230994645061998294e-01 1.809261580221910970e+00
2.408026755852842982e+01 5.082565109846490237e-02 3.987567380594453370e-01 1.884151255113027057e+00 2.236349337961136552e-01 1.949033362778193501e+00
2.438127090301003363e+01 5.354308852619114184e-02 4.014636578147954271e-01 1.907969570158112749e+00 2.241704030860274810e-01 2.082205777847516259e+00
2.468227424749164101e+01 5.601409435301012152e-02 4.041705775701456282e-01 1.928787280586217845e+00 2.247058723759412791e-01 2.209581182020468049e+00
2.498327759197324482e+01 5.814850068893850921e-02 4.068774973254957183e-01 1.946569207235443244e+00 2.252413416658551049e-01 2.334134008306770980e+00
2.528428093645485220e+01 5.989857063067442755e-02 4.095844170808458640e-01 1.961679848906525025e+00 2.257768109557689029e-01 2.459684184159380838e+00
2.558528428093645601e+01 6.129864248903189178e-02 4.122913368361960096e-01 1.974779496229100095e+00 2.263122802456827287e-01 2.589694793310078680e+00
2.588628762541806339e+01 6.245299563973537998e-02 4.149982565915460997e-01 1.986669330868946481e+00 2.268477495355965545e-01 2.726556553932867555e+00
2.618729096989966720e+01 6.346653404671519227e-02 4.177051763468962453e-01 1.998131158825594778e+00 2.273832188255103803e-01 2.871403471590428857e+00
2.648829431438127102e+01 6.435697421017189113e-02 4.204120961022463909e-01 2.009801721312327594e+00 2.279186881154241784e-01 3.024310957078125917e+00
2.678929765886287839e+01 6.501649576636053807e-02 4.231190158575964810e-01 2.022106221661169823e+00 2.284541574053380042e-01 3.184710092667793369e+00
2.709030100334448221e+01 6.526588778135303248e-02 4.258259356129466822e-01 2.035257071766261916e+00 2.289896266952518022e-01 3.351892231451170101e+00
2.739130434782608958e+01 6.496672517113538659e-02 4.285328553682967723e-01 2.049306797070043817e+00 2.295250959851656281e-01 3.525454270062173823e+00
2.769230769230769340e+01 6.410074148648249592e-02 4.312397751236469179e-01 2.064231129595694547e+00 2.300605652750794539e-01 3.705472559124773912e+00
2.799331103678930077e+01 6.275833170527118920e-02 4.339466948789970635e-01 2.080011059904070425e+00 2.305960345649932797e-01 3.892240161331303128e+00
2.829431438127090459e+01 6.106717353208965249e-02 4.366536146343471536e-01 2.096682984187510090e+00 2.311315038549070777e-01 4.085639249135654794e+00
2.859531772575251196e+01 5.913832684071517604e-02 4.393605343896973547e-01 2.114336255340370840e+00 2.316669731448209035e-01 4.284518605109011169e+00
2.889632107023411578e+01 5.706905461585590200e-02 4.420674541450474448e-01 2.133057273833104617e+00 2.322024424347347016e-01 4.486547737208200992e+00
2.919732441471571960e+01 5.497541766600885782e-02 4.447743739003975350e-01 2.152843468310987163e+00 2.327379117246485274e-01 4.688789666571359760e+00
2.949832775919732697e+01 5.300494401259925326e-02 4.474812936557477361e-01 2.173528840265069206e+00 2.332733810145623532e-01 4.888822229183274359e+00
2.979933110367893079e+01 5.130763627339822441e-02 4.501882134110978262e-01 2.194764351894003429e+00 2.338088503044761790e-01 5.085949653072123766e+00
3.010033444816053816e+01 4.998200065448323015e-02 4.528951331664480273e-01 2.216076769514630840e+00 2.343443195943899771e-01 5.282053154996865452e+00
3.040133779264214198e+01 4.903143514773274786e-02 4.556020529217981174e-01 2.236994995490283245e+00 2.348797888843038029e-01 5.481819018761422413e+00
3.070234113712374935e+01 4.836072157717005715e-02 4.583089726771482075e-01 2.257199166432727555e+00 2.354152581742176009e-01 5.692227635965806165e+00
3.100334448160535317e+01 4.781754340549389248e-02 4.610158924324984087e-01 2.276632158639366743e+00 2.359507274641314267e-01 5.921233754454680032e+00
3.130434782608696054e+01 4.725304505498093000e-02 4.637228121878484988e-01 2.295524734518720411e+00 2.364861967540452525e-01 6.175697258674728296e+00
3.160535117056856436e+01 4.656366667540148829e-02 4.664297319431985889e-01 2.314319780162633844e+00 2.370216660439590783e-01 6.458991048805064139e+00
3.190635451505016817e+01 4.569808650247206283e-02 4.691366516985487900e-01 2.333521914696786936e+00 2.375571353338728764e-01 6.769167387132591251e+00
3.220735785953177555e+01 4.464627571711730220e-02 4.718435714538988801e-01 2.353527509820096508e+00 2.380926046237867022e-01 7.098694570354592948e+00
3.250836120401338292e+01 4.343560644212653837e-02 4.745504912092490812e-01 2.374495148566204694e+00 2.386280739137005003e-01 7.436278213654216707e+00
3.280936454849498318e+01 4.213563946676644745e-02 4.772574109645991713e-01 2.396298031714245269e+00 2.391635432036143261e-01 7.770296635664560192e+00
3.311036789297659055e+01 4.084927138439803374e-02 4.799643307199492615e-01 2.418568123580939311e+00 2.396990124935281519e-01 8.092467844589087633e+00
3.341137123745819792e+01 3.967314880043986552e-02 4.826712504752994626e-01 2.440810809898403377e+00 2.402344817834419777e-01 8.400130244901387044e+00
3.371237458193979819e+01 3.864341924947404389e-02 4.853781702306495527e-01 2.462549349779934449e+00 2.407699510733557757e-01 8.696178648961776503e+00
3.401337792642140556e+01 3.771136609836803211e-02 4.880850899859997538e-01 2.483454760248313686e+00 2.413054203632696015e-01 8.986907200958057729e+00
3.431438127090301293e+01 3.677962740967240934e-02 4.907920097413498439e-01 2.503427071961496164e+00 2.418408896531833996e-01 9.279057981109861686e+00
3.461538461538462030e+01 3.577577964858301429e-02 4.934989294966999340e-01 2.522612425814559689e+00 2.423763589430972254e-01 9.577627895033076655e+00
3.491638795986622057e+01 3.470195523753719091e-02 4.962058492520501352e-01 2.541360359137734282e+00 2.429118282330110512e-01 9.885324593142645000e+00
3.521739130434782794e+01 3.362374130319630700e-02 4.989127690074002253e-01 2.560140790072054973e+00 2.434472975229248770e-01 1.020346134677955874e+01
3.551839464882943531e+01 3.262009313811938677e-02 5.016196887627503154e-01 2.579446786840201788e+00 2.439827668128387028e-01 1.053327732140778217e+01
3.581939799331104268e+01 3.174098262052006680e-02 5.043266085181005165e-01 2.599706480543634957e+00 2.445182361027525009e-01 1.087663049407346527e+01
3.612040133779264295e+01 3.099515650556686555e-02 5.070335282734506066e-01 2.621218047811585627e+00 2.450537053926662989e-01 1.123562851051596034e+01
3.642140468227425032e+01 3.035873469092855229e-02 5.097404480288008077e-01 2.644110491736280988e+00 2.455891746825801247e-01 1.161150771526315495e+01
3.672240802675585769e+01 2.978726827869628349e-02 5.124473677841508978e-01 2.668325160289182651e+00 2.461246439724939505e-01 1.200344019932821737e+01
3.702341137123745796e+01 2.922218267298015704e-02 5.151542875395009879e-01 2.693611592621052431e+00 2.466601132624077763e-01 1.240782859478431810e+01
3.732441471571906533e+01 2.859348197869628072e-02 5.178612072948511891e-01 2.719535809472181764e+00 2.471955825523216022e-01 1.281830082734442655e+01
3.762541806020067270e+01 2.782872784422695325e-02 5.205681270502012792e-01 2.745505696244999072e+00 2.477310518422354002e-01 1.322636502934444458e+01
3.792642140468228007e+01 2.687604112638843426e-02 5.232750468055513693e-01 2.770821485780901483e+00 2.482665211321491983e-01 1.362261701103635403e+01
3.822742474916388034e+01 2.573335628068157063e-02 5.259819665609015704e-01 2.794755812288613583e+00 2.488019904220630241e-01 1.399835958053644624e+01
3.852842809364548771e+01 2.446269669353436094e-02 5.286888863162516605e-01 2.816657361313623653e+00 2.493374597119768499e-01 1.434735010068265382e+01
3.882943143812709508e+01 2.317452748264094836e-02 5.313958060716018617e-01 2.836059040063442449e+00 2.498729290018906757e-01 1.466719877214137568e+01
3.913043478260869534e+01 2.198809664430952104e-02 5.341027258269519518e-01 2.852762741140652203e+00 2.504083982918045015e-01 1.495989805514276938e+01
3.943143812709030271e+01 2.098777669150522079e-02 5.368096455823020419e-01 2.866874295983321996e+00 2.509438675817182718e-01 1.523119660290454469e+01
3.973244147157191009e+01 2.019335960019853077e-02 5.395165653376522430e-01 2.878775685120015915e+00 2.514793368716320976e-01 1.548895463733006572e+01
4.003344481605351746e+01 1.955393838713931354e-02 5.422234850930023331e-01 2.889042050939779838e+00 2.520148061615459234e-01 1.574101712227161620e+01
4.033444816053511772e+01 1.896994815788122235e-02 5.449304048483525342e-01 2.898328759444071423e+00 2.525502754514597492e-01 1.599332618400814177e+01
4.063545150501672509e+01 1.834078876482186232e-02 5.476373246037026243e-01 2.907259307849167307e+00 2.530857447413735750e-01 1.624888164256340062e+01
4.093645484949833246e+01 1.761877265695345821e-02 5.503442443590527144e-01 2.916335472019643937e+00 2.536212140312874008e-01 1.650778622198970780e+01
4.123745819397993273e+01 1.683591954670033558e-02 5.530511641144029156e-01 2.925873303967465144e+00 2.541566833212012266e-01 1.676814579612326739e+01
4.153846153846154010e+01 1.608214009020902599e-02 5.557580838697530057e-01 2.935954959486428706e+00 2.546921526111149969e-01 1.702728277593083916e+01
4.183946488294314747e+01 1.545081981331106538e-02 5.584650036251030958e-01 2.946387011708633263e+00 2.552276219010288227e-01 1.728272964322541227e+01
4.214046822742475484e+01 1.499387044313468982e-02 5.611719233804532969e-01 2.956670838399218848e+00 2.557630911909426485e-01 1.753272258849588638e+01
4.244147157190635511e+01 1.471292585741462711e-02 5.638788431358033870e-01 2.966008381203114386e+00 2.562985604808564744e-01 1.777615581662841748e+01
4.274247491638796248e+01 1.457559847519653701e-02 5.665857628911535881e-01 2.973371398437406832e+00 2.568340297707703002e-01 1.801204349072913047e+01
4.304347826086956985e+01 1.453039147734132980e-02 5.692926826465036783e-01 2.977645673481495781e+00 2.573694990606840705e-01 1.823861781777514679e+01
4.334448160535117722e+01 1.451253877746222672e-02 5.719996024018537684e-01 2.977829228120238980e+00 2.579049683505979518e-01 1.845247984075284009e+01
4.364548494983277749e+01 1.445366922496214498e-02 5.747065221572039695e-01 2.973233063824537226e+00 2.584404376405117221e-01 1.864858078849217549e+01
4.394648829431438486e+01 1.430342615423375700e-02 5.774134419125540596e-01 2.963622933808732096e+00 2.589759069304255479e-01 1.882174485207814030e+01
4.424749163879599223e+01 1.405188062253212057e-02 5.801203616679042607e-01 2.949258669843576541e+00 2.595113762203393737e-01 1.896961149825135351e+01
4.454849498327759250e+01 1.373466667637337525e-02 5.828272814232543508e-01 2.930825150019518155e+00 2.600468455102531995e-01 1.909564515774888349e+01
4.484949832775919987e+01 1.341503565293101011e-02 5.855342011786044409e-01 2.909286908636575575e+00 2.605823148001670253e-01 1.921018213841146505e+01
4.515050167224080724e+01 1.315323909229171827e-02 5.882411209339546421e-01 2.885718501011126591e+00 2.611177840900807956e-01 1.932811501148627187e+01
4.545150501672241461e+01 1.297947883550019769e-02 5.909480406893047322e-01 2.861158129473905021e+00 2.616532533799946214e-01 1.946360996161282841e+01
4.575250836120401488e+01 1.288136327065071002e-02 5.936549604446548223e-01 2.836509538195872704e+00 2.621887226699084472e-01 1.962417420341857266e+01
4.605351170568562225e+01 1.280808456570074055e-02 5.963618802000050234e-01 2.812491541363473679e+00 2.627241919598222730e-01 1.980718296386202582e+01
4.635451505016722962e+01 1.268821738845349670e-02 5.990687999553551135e-01 2.789618961343950598e+00 2.632596612497360988e-01 2.000098092167995389e+01
4.665551839464882988e+01 1.245594629128097229e-02 6.017757197107053146e-01 2.768197969245616008e+00 2.637951305396498691e-01 2.019028020550727476e+01
4.695652173913043725e+01 1.207659391302258120e-02 6.044826394660554048e-01 2.748328409418089535e+00 2.643305998295637504e-01 2.036308554066410537e+01
4.725752508361204463e+01 1.155794351080044816e-02 6.071895592214054949e-01 2.729916686222011890e+00 2.648660691194775207e-01 2.051531286070932580e+01
4.755852842809365200e+01 1.093917503525926836e-02 6.098964789767556960e-01 2.712707802093758946e+00 2.654015384093913466e-01 2.065044491185629028e+01
4.785953177257525226e+01 1.026617722438870513e-02 6.126033987321057861e-01 2.696341966441563986e+00 2.659370076993051724e-01 2.077444596345981509e+01
4.816053511705685963e+01 9.574172184482525327e-03 6.153103184874558762e-01 2.680432534131982791e+00 2.664724769892189982e-01 2.088902728929813435e+01
4.846153846153846700e+01 8.889861893481990421e-03 6.180172382428060773e-01 2.664652587372716042e+00 2.670079462791328240e-01 2.098738496432298817e+01
4.876254180602006727e+01 8.243035223426346120e-03 6.207241579981561674e-01 2.648811159596475839e+00 2.675434155690465943e-01 2.105503292637864021e+01
4.906354515050167464e+01 7.666864918615695461e-03 6.234310777535063686e-01 2.632898934454920958e+00 2.680788848589604201e-01 2.107530891379240146e+01
4.936454849498328201e+01 7.180494526323522898e-03 6.261379975088564587e-01 2.617087743205237516e+00 2.686143541488742459e-01 2.103651621170761032e+01
4.966555183946488938e+01 6.770970729661484298e-03 6.288449172642065488e-01 2.601677854234849541e+00 2.691498234387880717e-01 2.093704770061131981e+01
4.996655518394648965e+01 6.395782866904287968e-03 6.315518370195567499e-01 2.587000260209460833e+00 2.696852927287018975e-01 2.078633081974178154e+01
5.026755852842809702e+01 6.006791030802340753e-03 6.342587567749068400e-01 2.573294648718884137e+00 2.702207620186156678e-01 2.060178582056650853e+01
5.056856187290970439e+01 5.576038475204480108e-03 6.369656765302570411e-01 2.560592973500374292e+00 2.707562313085295491e-01 2.040366391411806291e+01
5.086956521739130466e+01 5.105716037676557781e-03 6.396725962856071313e-01 2.548639541788183749e+00 2.712917005984433194e-01 2.020988050362229771e+01
5.117056856187291203e+01 4.620940079136166834e-03 6.423795160409572214e-01 2.536870160521614181e+00 2.718271698883571452e-01 2.003213445211614285e+01
5.147157190635451940e+01 4.154961294978509051e-03 6.450864357963074225e-01 2.524457972094758862e+00 2.723626391782709710e-01 1.987363085814904906e+01
5.177257525083612677e+01 3.736196909512135098e-03 6.477933555516575126e-01 2.510417752602551733e+00 2.728981084681847968e-01 1.972831184813787075e+01
5.207357859531772704e+01 3.381865210538312436e-03 6.505002753070076027e-01 2.493748968388325160e+00 2.734335777580986226e-01 1.958169457445580264e+01
5.237458193979933441e+01 3.098408341831487139e-03 6.532071950623578038e-01 2.473592985138497458e+00 2.739690470480123929e-01 1.941369529984101305e+01
5.267558528428094178e+01 2.885095045064840595e-03 6.559141148177078939e-01 2.449379898556685919e+00 2.745045163379262187e-01 1.920356818847402636e+01
5.297658862876254204e+01 2.736265171110936062e-03 6.586210345730580951e-01 2.420942160592225001e+00 2.750399856278400446e-01 1.893613460096761258e+01
5.327759197324414941e+01 2.640607526397228434e-03 6.613279543284081852e-01 2.388573657972496544e+00 2.755754549177538704e-01 1.860733097616382992e+01
5.357859531772575679e+01 2.579707076889212105e-03 6.640348740837582753e-01 2.353015725653002654e+00 2.761109242076676962e-01 1.822666620881888733e+01
5.387959866220736416e+01 2.529357538004879669e-03 6.667417938391084764e-01 2.315359682144794817e+00 2.766463934975815220e-01 1.781507143764563494e+01
5.418060200668896442e+01 2.465262307507283708e-03 6.694487135944585665e-01 2.276871645260625243e+00 2.771818627874953478e-01 1.739859345189175954e+01
5.448160535117057179e+01 2.371435584395385245e-03 6.721556333498087676e-01 2.238767700000110050e+00 2.777173320774091181e-01 1.700035283704914235e+01
5.478260869565217916e+01 2.246989188943952082e-03 6.748625531051588577e-01 2.201988392119293980e+00 2.782528013673229439e-01 1.663399163113077961e+01
5.508361204013378654e+01 2.106677007078599367e-03 6.775694728605089479e-01 2.167030705445212035e+00 2.787882706572367697e-01 1.630104206626759478e+01
5.538461538461538680e+01 1.973336437260064975e-03 6.802763926158591490e-01 2.133885489666198509e+00 2.793237399471505955e-01 1.599280606391533510e+01
5.568561872909699417e+01 1.865610092867567120e-03 6.829833123712092391e-01 2.102098701093369382e+00 2.798592092370644213e-01 1.569548093953750723e+01
5.598662207357860154e+01 1.788678988794065866e-03 6.856902321265593292e-01 2.070934984470529372e+00 2.803946785269781916e-01 1.539620733270522734e+01
5.628762541806020181e+01 1.734207236960621026e-03 6.883971518819095303e-01 2.039587391430256691e+00 2.809301478168920174e-01 1.508768019713015285e+01
5.658862876254180918e+01 1.688162832139911444e-03 6.911040716372596204e-01 2.007362265131920509e+00 2.814656171068058432e-01 1.476974780188505498e+01
5.688963210702341655e+01 1.639195568927229738e-03 6.938109913926097105e-01 1.973780832594357104e+00 2.820010863967196690e-01 1.444768180668688018e+01
5.719063545150502392e+01 1.582143036311103477e-03 6.965179111479599117e-01 1.938574608461653526e+00 2.825365556866334948e-01 1.412815789429312829e+01
5.749163879598662419e+01 1.517403249171752526e-03 6.992248309033100018e-01 1.901595887751285074e+00 2.830720249765473207e-01 1.381498027997583122e+01
5.779264214046823156e+01 1.449559184900865889e-03 7.019317506586602029e-01 1.862698965120451744e+00 2.836074942664611465e-01 1.350671907414234063e+01
5.809364548494983893e+01 1.386419623242695362e-03 7.046386704140102930e-01 1.821658002603447235e+00 2.841429635563749168e-01 1.319747588930875004e+01
5.839464882943143920e+01 1.337221308956309520e-03 7.073455901693603831e-01 1.778169706415180018e+00 2.846784328462887426e-01 1.288031514122051391e+01
5.869565217391304657e+01 1.309228524600723710e-03 7.100525099247105842e-01 1.731950828899417205e+00 2.852139021362025684e-01 1.255141593460118976e+01
5.899665551839465394e+01 1.304258136462329047e-03 7.127594296800606744e-01 1.682897625235872718e+00 2.857493714261163942e-01 1.221263058504589161e+01
5.929765886287626131e+01 1.317808992542651757e-03 7.154663494354107645e-01 1.631243833965424939e+00 2.862848407160302200e-01 1.187111094852531323e+01
5.959866220735786158e+01 1.341507772050021165e-03 7.181732691907609656e-01 1.577647499857725011e+00 2.868203100059439903e-01 1.153632679847912890e+01
5.989966555183946895e+01 1.366139620850137949e-03 7.208801889461110557e-01 1.523157752253575081e+00 2.873557792958578161e-01 1.121611658652568266e+01
6.020066889632107632e+01 1.382261317502622580e-03 7.235871087014612568e-01 1.469053225116111250e+00 2.878912485857716419e-01 1.091371874939727604e+01
6.050167224080267658e+01 1.379488420960850708e-03 7.262940284568113469e-01 1.416589548249823638e+00 2.884267178756854677e-01 1.062707282151755628e+01
6.080267558528428395e+01 1.348288402347920609e-03 7.290009482121614370e-01 1.366727556018551670e+00 2.889621871655992935e-01 1.035053635956732698e+01
6.110367892976589133e+01 1.284709778124085546e-03 7.317078679675116382e-01 1.319923969987479184e+00 2.894976564555131193e-01 1.007804340680212718e+01
6.140468227424749870e+01 1.193396248072337192e-03 7.344147877228617283e-01 1.276048688479252124e+00 2.900331257454269451e-01 9.806029674639503924e+00
6.170568561872909896e+01 1.085313319919650526e-03 7.371217074782118184e-01 1.234454090475653798e+00 2.905685950353407154e-01 9.534510041490216636e+00
6.200668896321070633e+01 9.728026357149780964e-04 7.398286272335620195e-01 1.194175856196544538e+00 2.911040643252545412e-01 9.265671135961435212e+00
6.230769230769231370e+01 8.670132802810908996e-04 7.425355469889121096e-01 1.154207114673859502e+00 2.916395336151683670e-01 9.000874785763731012e+00
6.260869565217392108e+01 7.782555148233219347e-04 7.452424667442623107e-01 1.113769340958730147e+00 2.921750029050821929e-01 8.738125954532904416e+00
6.290969899665552134e+01 7.153933280945369306e-04 7.479493864996124008e-01 1.072508016878725545e+00 2.927104721949960187e-01 8.471915830893843591e+00
6.321070234113712871e+01 6.821062072445118396e-04 7.506563062549624910e-01 1.030565184126920997e+00 2.932459414849097890e-01 8.195819661378473953e+00
6.351170568561873608e+01 6.727035411321397214e-04 7.533632260103126921e-01 9.885165385524588011e-01 2.937814107748236703e-01 7.906317108564548946e+00
6.381270903010033635e+01 6.720732971957337626e-04 7.560701457656627822e-01 9.471976548803855422e-01 2.943168800647374406e-01 7.605400947943505408e+00
6.411371237458195083e+01 6.617069689969724746e-04 7.587770655210129833e-01 9.074725993052806805e-01 2.948523493546512664e-01 7.300304759237646657e+00
6.441471571906355109e+01 6.289429182367270617e-04 7.614839852763630734e-01 8.700109734217841284e-01 2.953878186445650922e-01 7.000518236745212342e+00
6.471571906354515136e+01 5.732727312935452469e-04 7.641909050317131635e-01 8.351327584199946807e-01 2.959232879344789180e-01 6.713853521546538694e+00
6.501672240802676583e+01 5.051438672918404484e-04 7.668978247870633647e-01 8.027563796714833888e-01 2.964587572243927438e-01 6.443684064151206314e+00
6.531772575250836610e+01 4.386275614519593875e-04 7.696047445424134548e-01 7.724523115955385100e-01 2.969942265143065141e-01 6.188570624415458354e+00
6.561872909698996637e+01 3.838999206536174613e-04 7.723116642977635449e-01 7.435738636391482359e-01 2.975296958042203399e-01 5.944070715958494233e+00
6.591973244147158084e+01 3.442271056998956772e-04 7.750185840531137460e-01 7.154189208991309501e-01 2.980651650941341657e-01 5.705470566120134812e+00
6.622073578595318111e+01 3.174338645465656799e-04 7.777255038084638361e-01 6.873760536368328511e-01 2.986006343840479915e-01 5.469945530477157369e+00
6.652173913043478137e+01 2.989632592916783693e-04 7.804324235638140372e-01 6.590227836388818927e-01 2.991361036739618173e-01 5.237192737607088588e+00
6.682274247491639585e+01 2.841667172307826622e-04 7.831393433191641273e-01 6.301647012060087594e-01 2.996715729638755876e-01 5.008500870949333716e+00
6.712374581939799612e+01 2.693232473602844598e-04 7.858462630745142175e-01 6.008225193441931733e-01 3.002070422537894689e-01 4.785040379676644307e+00
6.742474916387959638e+01 2.520922043864192320e-04 7.885531828298644186e-01 5.711844661572081927e-01 3.007425115437032392e-01 4.566486529267382188e+00
6.772575250836121086e+01 2.319977843216759739e-04 7.912601025852145087e-01 5.415432358881029362e-01 3.012779808336170650e-01 4.350797324869382976e+00
6.802675585284281112e+01 2.105491448049864216e-04 7.939670223405647098e-01 5.122333022336724717e-01 3.018134501235308909e-01 4.135251894406112072e+00
6.832775919732442560e+01 1.901906624780161500e-04 7.966739420959147999e-01 4.835795818245404165e-01 3.023489194134447167e-01 3.918130695222494353e+00
6.862876254180602587e+01 1.724322388199837593e-04 7.993808618512648900e-01 4.558641898175296858e-01 3.028843887033585425e-01 3.700086175904740315e+00
6.892976588628762613e+01 1.568215106218502175e-04 8.020877816066150912e-01 4.293140833254825983e-01 3.034198579932723128e-01 3.484457126272399563e+00
6.923076923076924061e+01 1.417556781029736211e-04 8.047947013619651813e-01 4.041077040283960753e-01 3.039553272831861386e-01 3.276353784647025424e+00
6.953177257525084087e+01 1.261042854908270348e-04 8.075016211173152714e-01 3.803933326397863079e-01 3.044907965730999644e-01 3.080941740243817950e+00
6.983277591973244114e+01 1.099348415760698945e-04 8.102085408726654725e-01 3.583075140171453343e-01 3.050262658630137902e-01 2.901681752369412948e+00
7.013377926421405562e+01 9.401826013212050874e-05 8.129154606280155626e-01 3.379811402343160243e-01 3.055617351529276160e-01 2.739227972258208244e+00
7.043478260869565588e+01 7.911173854875635364e-05 8.156223803833657637e-01 3.195250932757630058e-01 3.060972044428413863e-01 2.591335756406078161e+00
7.073578595317725615e+01 6.572845308953556760e-05 8.183293001387158538e-01 3.029958843152319448e-01 3.066326737327552676e-01 2.453685789045856325e+00
7.103678929765887062e+01 5.416381893784314686e-05 8.210362198940659439e-01 2.883513139848820073e-01 3.071681430226690379e-01 2.321203390130963662e+00
7.133779264214047089e+01 4.439820300393154689e-05 8.237431396494161451e-01 2.754127607581495218e-01 3.077036123125828637e-01 2.189364623827784850e+00
7.163879598662208537e+01 3.600399425212345617e-05 8.264500594047662352e-01 2.638512572791198441e-01 3.082390816024966895e-01 2.055124825714738535e+00
7.193979933110368563e+01 2.836568804956368127e-05 8.291569791601163253e-01 2.532084384745277306e-01 3.087745508924105153e-01 1.917354923537255562e+00
7.224080267558528590e+01 2.113305121045996768e-05 8.318638989154665264e-01 2.429528116121823511e-01 3.093100201823243411e-01 1.776865981778077863e+00
7.254180602006690037e+01 1.448104661957555100e-05 8.345708186708166165e-01 2.325604366735659068e-01 3.098454894722381114e-01 1.636151645435846236e+00
7.284280936454850064e+01 8.920266414238283383e-06 8.372777384261668177e-01 2.216010329383392152e-01 3.103809587621519928e-01 1.498915371035617783e+00
7.314381270903010090e+01 4.858406074201445345e-06 8.399846581815169078e-01 2.098084192059293807e-01 3.109164280520657631e-01 1.369391164415620477e+00
7.344481605351171538e+01 2.313336181195827034e-06 8.426915779368669979e-01 1.971184963665212064e-01 3.114518973419795889e-01 1.251502476575226730e+00
7.374581939799331565e+01 9.557301256210772992e-07 8.453984976922171990e-01 1.836669519229372216e-01 3.119873666318934147e-01 1.148015007984458213e+00
7.404682274247491591e+01 3.408696202743719237e-07 8.481054174475672891e-01 1.697494252505960532e-01 3.125228359218071850e-01 1.059921053941347724e+00
7.434782608695653039e+01 1.045934758776369142e-07 8.508123372029174902e-01 1.557557978420663347e-01 3.130583052117210663e-01 9.862574926466378678e-01
7.464882943143813065e+01 2.754529207998875228e-08 8.535192569582675803e-01 1.420952416452019862e-01 3.135937745016348366e-01 9.244133340164339963e-01
7.494983277591973092e+01 6.215575048758914163e-09 8.562261767136176704e-01 1.291287970450503697e-01 3.141292437915486624e-01 8.708129852069660393e-01
7.525083612040134540e+01 1.200257409922409622e-09 8.589330964689678716e-01 1.171221504417486736e-01 3.146647130814624882e-01 8.217556072234506459e-01
7.555183946488294566e+01 1.981686369199256927e-10 8.616400162243179617e-01 1.062246189012113762e-01 3.152001823713763140e-01 7.741766649016931234e-01
7.585284280936456014e+01 2.795568332960067334e-11 8.643469359796680518e-01 9.647330191154920853e-02 3.157356516612901398e-01 7.261488246890338560e-01
7.615384615384616041e+01 3.367893274478860435e-12 8.670538557350182529e-01 8.781592953827435655e-02 3.162711209512039101e-01 6.770212856760444708e-01
7.645484949832776067e+01 3.463617626103979742e-13 8.697607754903683430e-01 8.014334767691401462e-02 3.168065902411177914e-01 6.271941199905941566e-01
7.675585284280937515e+01 3.039862913229546617e-14 8.724676952457185442e-01 7.332294697489559476e-02 3.173420595310315617e-01 5.776290470924643206e-01
7.705685618729097541e+01 2.276295051156226757e-15 8.751746150010686343e-01 6.722675635885219658e-02 3.178775288209453875e-01 5.292855707180533775e-01
7.735785953177257568e+01 1.454031173887729906e-16 8.778815347564187244e-01 6.175097622818234017e-02 3.184129981108592133e-01 4.827005492993996505e-01
7.765886287625419016e+01 7.921847858256457358e-18 8.805884545117689255e-01 5.682619644440006779e-02 3.189484674007729836e-01 4.378700388093961782e-01
7.795986622073579042e+01 3.680755322082918908e-19 8.832953742671190156e-01 5.241889079959704406e-02 3.194839366906868650e-01 3.944549214537169668e-01
7.826086956521739069e+01 1.458361771657027354e-20 8.860022940224692167e-01 4.852521875923668238e-02 3.200194059806006353e-01 3.521739317890819065e-01
7.856187290969900516e+01 4.926966403223730527e-22 8.887092137778193068e-01 4.515834083996942555e-02 3.205548752705144611e-01 3.111512658402043052e-01
7.886287625418060543e+01 1.419235002795117797e-23 8.914161335331693969e-01 4.233095878544727159e-02 3.210903445604282869e-01 2.720128149079358848e-01
7.916387959866221991e+01 3.485529180094408400e-25 8.941230532885195981e-01 4.003581214250365866e-02 3.216258138503421127e-01 2.356715544154112385e-01
7.946488294314382017e+01 7.298037041512195509e-27 8.968299730438696882e-01 3.822808631320695483e-02 3.221612831402559385e-01 2.029276565585852454e-01
7.976588628762542044e+01 1.302724858584607467e-28 8.995368927992197783e-01 3.681445184936344567e-02 3.226967524301697088e-01 1.741176536762936156e-01
8.006688963210703491e+01 1.982428395543331581e-30 9.022438125545699794e-01 3.565304617394218084e-02 3.232322217200835901e-01 1.490093868449853254e-01
8.036789297658863518e+01 2.571765626538469658e-32 9.049507323099200695e-01 3.456670723956823538e-02 3.237676910099973604e-01 1.269834098381587284e-01
8.066889632107023544e+01 2.844113097794999888e-34 9.076576520652702706e-01 3.336834983192708132e-02 3.243031602999111862e-01 1.073732801791112967e-01
8.096989966555184992e+01 2.681252955826380104e-36 9.103645718206203608e-01 3.189343467246812808e-02 3.248386295898250120e-01 8.976303909136930381e-02
8.127090301003345019e+01 2.154760951403889697e-38 9.130714915759704509e-01 3.003144094175731749e-02 3.253740988797387823e-01 7.409336904196071882e-02
8.157190635451505045e+01 1.476136771953584236e-40 9.157784113313206520e-01 2.774752496925613279e-02 3.259095681696526636e-01 6.055617897273229966e-02
8.187290969899666493e+01 8.620189790123194240e-43 9.184853310866707421e-01 2.508782627725059458e-02 3.264450374595664339e-01 4.937183300097780503e-02
8.217391304347826519e+01 4.291082919449120499e-45 9.211922508420209432e-01 2.216664727875043012e-02 3.269805067494802597e-01 4.058249182767638408e-02
8.247491638795986546e+01 1.820851159972539174e-47 9.238991705973710333e-01 1.913930882452888338e-02 3.275159760393940855e-01 3.395665983701934981e-02
8.277591973244147994e+01 6.586238628208380082e-50 9.266060903527211234e-01 1.616872422385749047e-02 3.280514453293079113e-01 2.902595889304010121e-02
8.307692307692308020e+01 2.030739870281254877e-52 9.293130101080713246e-01 1.339501978723316514e-02 3.285869146192217372e-01 2.521312107816808812e-02
8.337792642140469468e+01 5.337324018981494587e-55 9.320199298634214147e-01 1.091553239524434109e-02 3.291223839091355075e-01 2.198439809829411465e-02
8.367892976588629494e+01 1.195760298309782811e-57 9.347268496187715048e-01 8.778301120583397940e-03 3.296578531990493888e-01 1.896715657084079021e-02
8.397993311036789521e+01 2.283573616766735120e-60 9.374337693741217059e-01 6.987607192740351303e-03 3.301933224889631591e-01 1.599895239403889904e-02
8.428093645484950969e+01 3.717366880496966182e-63 9.401406891294717960e-01 5.516943450676102187e-03 3.307287917788769849e-01 1.310398628252083982e-02
8.458193979933110995e+01 5.158277270235497091e-66 9.428476088848219971e-01 4.323880435147481847e-03 3.312642610687908107e-01 1.041788781544054389e-02
8.488294314381271022e+01 6.101297843343742443e-69 9.455545286401720873e-01 3.362432637662383667e-03 3.317997303587045810e-01 8.096167503927425430e-03
8.518394648829432469e+01 6.151592854339317297e-72 9.482614483955221774e-01 2.590755166745620057e-03 3.323351996486184623e-01 6.241295116456018442e-03
8.548494983277592496e+01 5.286891046297060836e-75 9.509683681508723785e-01 1.974195969816281739e-03 3.328706689385322326e-01 4.869221409412763206e-03
8.578595317725752523e+01 3.873113507987103092e-78 9.536752879062224686e-01 1.485116010117960806e-03 3.334061382284460584e-01 3.916047709150853248e-03
8.608695652173913970e+01 2.418615876392734403e-81 9.563822076615725587e-01 1.101255040605066604e-03 3.339416075183598842e-01 3.270042957487223536e-03
8.638795986622073997e+01 1.287419701343965367e-84 9.590891274169227598e-01 8.040188327325784078e-04 3.344770768082737100e-01 2.809704278326219818e-03
8.668896321070235444e+01 5.841438165003692058e-88 9.617960471722728499e-01 5.773554021621078594e-04 3.350125460981875358e-01 2.433673936613586081e-03
8.698996655518395471e+01 2.259256987381987266e-91 9.645029669276230511e-01 4.072754509198631004e-04 3.355480153881013061e-01 2.076720567569726675e-03
8.729096989966555498e+01 7.448306918411159924e-95 9.672098866829731412e-01 2.817543689153017357e-04 3.360834846780151874e-01 1.712239895267269121e-03
8.759197324414716945e+01 2.093126412595865466e-98 9.699168064383232313e-01 1.907203033410693213e-04 3.366189539679289577e-01 1.344592699461218252e-03
8.789297658862876972e+01 5.013940993631264478e-102 9.726237261936734324e-01 1.259574447231368163e-04 3.371544232578427835e-01 9.956531543908072029e-04
8.819397993311036998e+01 1.023785005638584559e-105 9.753306459490235225e-01 8.089764828251493154e-05 3.376898925477566094e-01 6.904275796103317032e-04
8.849498327759198446e+01 1.781902869309347388e-109 9.780375657043737236e-01 5.035630722664304867e-05 3.382253618376704352e-01 4.462093486768105516e-04
8.879598662207358473e+01 2.643656036262664566e-113 9.807444854597238137e-01 3.027890245111428211e-05 3.387608311275842610e-01 2.678598139212498542e-04
8.909698996655518499e+01 3.343270230010894504e-117 9.834514052150739039e-01 1.753386734011858002e-05 3.392963004174980313e-01 1.490010524117969944e-04
8.939799331103679947e+01 3.603990052540214230e-121 9.861583249704241050e-01 9.752495582979475521e-06 3.398317697074119126e-01 7.667383587414517093e-05
8.969899665551839973e+01 3.311625546560184473e-125 9.888652447257741951e-01 5.198580280800230265e-06 3.403672389973256829e-01 3.645490957158400617e-05
9.000000000000000000e+01 5.187694143895021574e-129 9.915721644811243962e-01 2.650882943517573937e-06 3.409027082872395087e-01 1.600080039030767721e-05
