0.000000000000000000e+00 1.065451753385454788e-02 2.475562106631634673e-04 3.193575499690984865e-01 3.018845529025870889e-04 1.384586228818101450e+00
3.010033444816053727e-01 1.065987581390707636e-02 1.079877960698119935e-02 3.198671215222296249e-01 4.386817490333209252e-03 1.378304335563915961e+00
6.020066889632107454e-01 1.067578331506135840e-02 2.135000300329923523e-02 3.213417456770427116e-01 8.471750427763831415e-03 1.361749644837972673e+00
9.030100334448161181e-01 1.070175316138227001e-02 3.190122639961727458e-02 3.237582699911393247e-01 1.255668336519445358e-02 1.336661998013278119e+00
1.204013377926421491e+00 1.073702244139684153e-02 4.245244979593530699e-02 3.270824268928892997e-01 1.664161630262507574e-02 1.305483447630725546e+00
1.505016722408026864e+00 1.078061859510165074e-02 5.300367319225333940e-02 3.312724232568823313e-01 2.072654924005569790e-02 1.270904311389817520e+00
1.806020066889632236e+00 1.083144049949331597e-02 6.355489658857138568e-02 3.362805154405246189e-01 2.481148217748632007e-02 1.235431861319586044e+00
2.107023411371237387e+00 1.088834464065677014e-02 7.410611998488941810e-02 3.420517338975475607e-01 2.889641511491694223e-02 1.201081938028866869e+00
2.408026755852842982e+00 1.095022688377309678e-02 8.465734338120745051e-02 3.485207637582397600e-01 3.298134805234756439e-02 1.169239768349990660e+00
2.709030100334448576e+00 1.101609201622658074e-02 9.520856677752548292e-02 3.556095056773549978e-01 3.706628098977818309e-02 1.140677971812681157e+00
3.010033444816053727e+00 1.108510611996982483e-02 1.057597901738435153e-01 3.632281718432437412e-01 4.115121392720880872e-02 1.115679469848979810e+00
3.311036789297658878e+00 1.115663031348771046e-02 1.163110135701615616e-01 3.712816058621061788e-01 4.523614686463943435e-02 1.094200943376685498e+00
3.612040133779264472e+00 1.123023770348422455e-02 1.268622369664796079e-01 3.796802860236368482e-01 4.932107980207005304e-02 1.076024800797991565e+00
3.913043478260870067e+00 1.130571773459759788e-02 1.374134603627976403e-01 3.883531732034732897e-01 5.340601273950067174e-02 1.060871618390887283e+00
4.214046822742474774e+00 1.138307299399263055e-02 1.479646837591156727e-01 3.972582800897036526e-01 5.749094567693129737e-02 1.048467266488829264e+00
4.515050167224080369e+00 1.146251279703683519e-02 1.585159071554337051e-01 4.063872172344558664e-01 6.157587861436192300e-02 1.038571730103913682e+00
4.816053511705685963e+00 1.154444589178924875e-02 1.690671305517517375e-01 4.157619220502982715e-01 6.566081155179254170e-02 1.030979854093361237e+00
5.117056856187291558e+00 1.162947208049997828e-02 1.796183539480697700e-01 4.254245175040523574e-01 6.974574448922316039e-02 1.025502748314345958e+00
5.418060200668897153e+00 1.171837031736810107e-02 1.901695773443878024e-01 4.354236720349799472e-01 7.383067742665377908e-02 1.021937609762738397e+00
5.719063545150501859e+00 1.181207962660373728e-02 2.007208007407058348e-01 4.458019968286527357e-01 7.791561036408441165e-02 1.020035343337958977e+00
6.020066889632107454e+00 1.191166935851259261e-02 2.112720241370238672e-01 4.565885133707767718e-01 8.200054330151503035e-02 1.019477896188788923e+00
6.321070234113713049e+00 1.201829676849763655e-02 2.218232475333419274e-01 4.677982998756801125e-01 8.608547623894564904e-02 1.019877180167925390e+00
6.622073578595317755e+00 1.213315216992854988e-02 2.323744709296599598e-01 4.794388299399646169e-01 9.017040917637628161e-02 1.020802449002856882e+00
6.923076923076923350e+00 1.225739428184984860e-02 2.429256943259779922e-01 4.915201845404447156e-01 9.425534211380690031e-02 1.021833578394269582e+00
7.224080267558528945e+00 1.239208022884334334e-02 2.534769177222960801e-01 5.040650204570756854e-01 9.834027505123751900e-02 1.022627292309858493e+00
7.525083612040134540e+00 1.253809558793125313e-02 2.640281411186140570e-01 5.171142726630744146e-01 1.024252079886681377e-01 1.022976552124861715e+00
7.826086956521740134e+00 1.269608991451657599e-02 2.745793645149321449e-01 5.307259181235463030e-01 1.065101409260987564e-01 1.022843480991712184e+00
8.127090301003345729e+00 1.286642261414764135e-02 2.851305879112501218e-01 5.449661980347620949e-01 1.105950738635293890e-01 1.022353854762008130e+00
8.428093645484949548e+00 1.304912327309576230e-02 2.956818113075682097e-01 5.598947803221524522e-01 1.146800068009600077e-01 1.021753622243003923e+00
8.729096989966555142e+00 1.324386992614730481e-02 3.062330347038861866e-01 5.755468412851965088e-01 1.187649397383906263e-01 1.021340289619337316e+00
9.030100334448160737e+00 1.344998826571513519e-02 3.167842581002042746e-01 5.919156526583773115e-01 1.228498726758212589e-01 1.021389537901847611e+00
9.331103678929766332e+00 1.366647422870768784e-02 3.273354814965222515e-01 6.089390230304829732e-01 1.269348056132518776e-01 1.022097534998823054e+00
9.632107023411371927e+00 1.389204130887537574e-02 3.378867048928403394e-01 6.264921378081368397e-01 1.310197385506824963e-01 1.023552642901433885e+00
9.933110367892977521e+00 1.412519195350373652e-02 3.484379282891583163e-01 6.443882824842134260e-01 1.351046714881131150e-01 1.025739813570302417e+00
1.023411371237458312e+01 1.436430941736811275e-02 3.589891516854764042e-01 6.623878115018442259e-01 1.391896044255437337e-01 1.028571020702137240e+00
1.053511705685618871e+01 1.460776279458330350e-02 3.695403750817943811e-01 6.802145842766564865e-01 1.432745373629743524e-01 1.031928759227631831e+00
1.083612040133779431e+01 1.485401437919776219e-02 3.800915984781124690e-01 6.975779333393088422e-01 1.473594703004049711e-01 1.035708186495629235e+00
1.113712374581939812e+01 1.510171600992642367e-02 3.906428218744304459e-01 7.141971591054125934e-01 1.514444032378356175e-01 1.039846262998129767e+00
1.143812709030100372e+01 1.534978057883090719e-02 4.011940452707485338e-01 7.298248220193211955e-01 1.555293361752662362e-01 1.044331648288331582e+00
1.173913043478260931e+01 1.559741701670246637e-02 4.117452686670665107e-01 7.442650569469392297e-01 1.596142691126968549e-01 1.049195378550300095e+00
1.204013377926421491e+01 1.584412181071523373e-02 4.222964920633845987e-01 7.573839750115878289e-01 1.636992020501274736e-01 1.054488109947355312e+00
1.234113712374582050e+01 1.608962680191679262e-02 4.328477154597026866e-01 7.691108529679597794e-01 1.677841349875580923e-01 1.060253854586490796e+00
1.264214046822742610e+01 1.633381043653112791e-02 4.433989388560206635e-01 7.794308116142690812e-01 1.718690679249887110e-01 1.066511551408384051e+00
1.294314381270903169e+01 1.657658630031221339e-02 4.539501622523387514e-01 7.883714359876142774e-01 1.759540008624193297e-01 1.073253408122818442e+00
1.324414715719063551e+01 1.681778720226536142e-02 4.645013856486567283e-01 7.959867512758772579e-01 1.800389337998499761e-01 1.080462356692657222e+00
1.354515050167224111e+01 1.705706425032062212e-02 4.750526090449748162e-01 8.023419190322828021e-01 1.841238667372805948e-01 1.088141640389156173e+00
1.384615384615384670e+01 1.729381789646508225e-02 4.856038324412927931e-01 8.075011451652316374e-01 1.882087996747112135e-01 1.096341241394099608e+00
1.414715719063545230e+01 1.752717221292588931e-02 4.961550558376108810e-01 8.115200727519763513e-01 1.922937326121418322e-01 1.105163422660421668e+00
1.444816053511705789e+01 1.775599579120355417e-02 5.067062792339289690e-01 8.144428824227988306e-01 1.963786655495724509e-01 1.114736295371790087e+00
1.474916387959866348e+01 1.797896421108730741e-02 5.172575026302469459e-01 8.163037304274158856e-01 2.004635984870030696e-01 1.125158791830158433e+00
1.505016722408026908e+01 1.819465173183280188e-02 5.278087260265650338e-01 8.171319644242516222e-01 2.045485314244336883e-01 1.136436476905708925e+00
1.535117056856187467e+01 1.840163520606042519e-02 5.383599494228830107e-01 8.169604521983040435e-01 2.086334643618643070e-01 1.148436768556393650e+00
1.565217391304348027e+01 1.859859213670073119e-02 5.489111728192010986e-01 8.158359977507619876e-01 2.127183972992949257e-01 1.160888410907412016e+00
1.595317725752508409e+01 1.878437743448075833e-02 5.594623962155190755e-01 8.138300952144357225e-01 2.168033302367255721e-01 1.173433898746232940e+00
1.625418060200669146e+01 1.895806910708961596e-02 5.700136196118371634e-01 8.110474343633485850e-01 2.208882631741561908e-01 1.185722040835909707e+00
1.655518394648829528e+01 1.911898045795153156e-02 5.805648430081551403e-01 8.076291371184416423e-01 2.249731961115868095e-01 1.197510898244136701e+00
1.685618729096989910e+01 1.926664365582244492e-02 5.911160664044732282e-01 8.037481785437500248e-01 2.290581290490174282e-01 1.208746421970160689e+00
1.715719063545150647e+01 1.940077505461835355e-02 6.016672898007912051e-01 7.995960155215917631e-01 2.331430619864480469e-01 1.219590648764834473e+00
1.745819397993311028e+01 1.952123514348394137e-02 6.122185131971092931e-01 7.953618052950627293e-01 2.372279949238786656e-01 1.230390665892517665e+00
1.775919732441471766e+01 1.962799500436396283e-02 6.227697365934272700e-01 7.912080106888085274e-01 2.413129278613092843e-01 1.241598208565136696e+00
1.806020066889632147e+01 1.972111706465378908e-02 6.333209599897453579e-01 7.872477819070600180e-01 2.453978607987399307e-01 1.253663219446388144e+00
1.836120401337792885e+01 1.980075198127088584e-02 6.438721833860633348e-01 7.835296210111448723e-01 2.494827937361705494e-01 1.266929872159249681e+00
1.866220735785953266e+01 1.986714740217110017e-02 6.544234067823814227e-01 7.800333151375166141e-01 2.535677266736011681e-01 1.281560711734682556e+00
1.896321070234114003e+01 1.992065988084252073e-02 6.649746301786993996e-01 7.766783717863755543e-01 2.576526596110317868e-01 1.297505859887053470e+00
1.926421404682274385e+01 1.996175967276549515e-02 6.755258535750174875e-01 7.733430207759081076e-01 2.617375925484624055e-01 1.314522284295889465e+00
1.956521739130434767e+01 1.999101998588410575e-02 6.860770769713355755e-01 7.698892081414651090e-01 2.658225254858930242e-01 1.332235478412789886e+00
1.986622073578595504e+01 2.000908696002092271e-02 6.966283003676535523e-01 7.661876679031841553e-01 2.699074584233236429e-01 1.350225192067865621e+00
2.016722408026755886e+01 2.001663281867196303e-02 7.071795237639716403e-01 7.621374847024009469e-01 2.739923913607542616e-01 1.368110888838416361e+00
2.046822742474916623e+01 2.001430040808980029e-02 7.177307471602896172e-01 7.576764130968548505e-01 2.780773242981848803e-01 1.385613622953576263e+00
2.076923076923077005e+01 2.000265093461620416e-02 7.282819705566077051e-01 7.527809917164886011e-01 2.821622572356154990e-01 1.402579484245615404e+00
2.107023411371237742e+01 1.998212698131351939e-02 7.388331939529256820e-01 7.474582940479672644e-01 2.862471901730461177e-01 1.418963427861350102e+00
2.137123745819398124e+01 1.995303966827344580e-02 7.493844173492437699e-01 7.417331106830571397e-01 2.903321231104767364e-01 1.434786529126970134e+00
2.167224080267558861e+01 1.991558300581265997e-02 7.599356407455617468e-01 7.356348989749320610e-01 2.944170560479073551e-01 1.450089002407267014e+00
2.197324414715719243e+01 1.986987174462709685e-02 7.704868641418798347e-01 7.291879403936029069e-01 2.985019889853380293e-01 1.464901709556081677e+00
2.227424749163879625e+01 1.981599328671466986e-02 7.810380875381978116e-01 7.224063337136982232e-01 3.025869219227686480e-01 1.479249757305300728e+00
2.257525083612040362e+01 1.975406109319818512e-02 7.915893109345158996e-01 7.152935577304246895e-01 3.066718548601992667e-01 1.493186424524071354e+00
2.287625418060200744e+01 1.968425731035056830e-02 8.021405343308338765e-01 7.078451272714875175e-01 3.107567877976298854e-01 1.506840090721706105e+00
2.317725752508361481e+01 1.960685581192582114e-02 8.126917577271519644e-01 7.000526899407952808e-01 3.148417207350605040e-01 1.520447568013167272e+00
2.347826086956521863e+01 1.952222239498443979e-02 8.232429811234699413e-01 6.919085612007424002e-01 3.189266536724911227e-01 1.534348802380081311e+00
2.377926421404682600e+01 1.943079482073266709e-02 8.337942045197880292e-01 6.834105573813352708e-01 3.230115866099217414e-01 1.548930953797753807e+00
2.408026755852842982e+01 1.933305012339398693e-02 8.443454279161060061e-01 6.745673946014226763e-01 3.270965195473523601e-01 1.564530382055666191e+00
2.438127090301003363e+01 1.922946897333837821e-02 8.548966513124240940e-01 6.654045339950714899e-01 3.311814524847829788e-01 1.581321244829491546e+00
2.468227424749164101e+01 1.912050651012502794e-02 8.654478747087421819e-01 6.559693437042096731e-01 3.352663854222135975e-01 1.599230343503062590e+00
2.498327759197324482e+01 1.900657638671892150e-02 8.759990981050601588e-01 6.463334215526775894e-01 3.393513183596442162e-01 1.617913480496619538e+00
2.528428093645485220e+01 1.888805078033837376e-02 8.865503215013782468e-01 6.365896055267135090e-01 3.434362512970748349e-01 1.636809196147874346e+00
2.558528428093645601e+01 1.876527500810027879e-02 8.971015448976962237e-01 6.268420598085802098e-01 3.475211842345054536e-01 1.655258657095040720e+00
2.588628762541806339e+01 1.863859213153700942e-02 9.076527682940143116e-01 6.171898061891496479e-01 3.516061171719360723e-01 1.672656947717956255e+00
2.618729096989966720e+01 1.850837110782530687e-02 9.182039916903322885e-01 6.077065639434692246e-01 3.556910501093666910e-01 1.688590738688413362e+00
2.648829431438127102e+01 1.837503172756695807e-02 9.287552150866503764e-01 5.984218173580353461e-01 3.597759830467973652e-01 1.702923541127372431e+00
2.678929765886287839e+01 1.823906048407768210e-02 9.393064384829683533e-01 5.893087376051645565e-01 3.638609159842279839e-01 1.715808279294446015e+00
2.709030100334448221e+01 1.810101320741363401e-02 9.498576618792864412e-01 5.802834548887598753e-01 3.679458489216586026e-01 1.727629079213765184e+00
2.739130434782608958e+01 1.796150237089893728e-02 9.604088852756044181e-01 5.712173802892649421e-01 3.720307818590892213e-01 1.738891840032677605e+00
2.769230769230769340e+01 1.782116918854092721e-02 9.709601086719225060e-01 5.619606395913848695e-01 3.761157147965198400e-01 1.750092313840760250e+00
2.799331103678930077e+01 1.768064284830669908e-02 9.815113320682404829e-01 5.523714065450323618e-01 3.802006477339504587e-01 1.761591584547525180e+00
2.829431438127090459e+01 1.754049137650281684e-02 9.920625554645585709e-01 5.423441444742597151e-01 3.842855806713810773e-01 1.773524799804738539e+00
2.859531772575251196e+01 1.740117052386725913e-02 1.002613778860876659e+00 5.318301044538544797e-01 3.883705136088116960e-01 1.785762043917159758e+00
2.889632107023411578e+01 1.726297838789985981e-02 1.013165002257194747e+00 5.208457446756078468e-01 3.924554465462423147e-01 1.797930809047600720e+00
2.919732441471571960e+01 1.712602383408813600e-02 1.023716225653512613e+00 5.094681862120362670e-01 3.965403794836729334e-01 1.809497181760649553e+00
2.949832775919732697e+01 1.699021579764212198e-02 1.034267449049830701e+00 4.978202086469109000e-01 4.006253124211035521e-01 1.819888384824118965e+00
2.979933110367893079e+01 1.685527810348555131e-02 1.044818672446148788e+00 4.860495448317079803e-01 4.047102453585341708e-01 1.828626194592396281e+00
3.010033444816053816e+01 1.672079074438936191e-02 1.055369895842466876e+00 4.743078077975556028e-01 4.087951782959647895e-01 1.835434561870898706e+00
3.040133779264214198e+01 1.658625417391846810e-02 1.065921119238784742e+00 4.627333873056394542e-01 4.128801112333954082e-01 1.840290244063147895e+00
3.070234113712374935e+01 1.645116892533198677e-02 1.076472342635102830e+00 4.514407174667832701e-01 4.169650441708260269e-01 1.843402798193777503e+00
3.100334448160535317e+01 1.631511963983304017e-02 1.087023566031420918e+00 4.405162539388214338e-01 4.210499771082566456e-01 1.845134241563995969e+00
3.130434782608696054e+01 1.617785109023747725e-02 1.097574789427739006e+00 4.300199643823328643e-01 4.251349100456872643e-01 1.845889213262495554e+00
3.160535117056856436e+01 1.603932438463473442e-02 1.108126012824056872e+00 4.199904180909606044e-01 4.292198429831179385e-01 1.846014339554542527e+00
3.190635451505016817e+01 1.589974416445396124e-02 1.118677236220374960e+00 4.104515702652118403e-01 4.333047759205485572e-01 1.845737220447349447e+00
3.220735785953177555e+01 1.575955180860256002e-02 1.129228459616693048e+00 4.014197482476637990e-01 4.373897088579791759e-01 1.845155430192162882e+00
3.250836120401338292e+01 1.561938467952489300e-02 1.139779683013011136e+00 3.929098055222623453e-01 4.414746417954097946e-01 1.844264234230734045e+00
3.280936454849498318e+01 1.548000645126378430e-02 1.150330906409329002e+00 3.849396960650511845e-01 4.455595747328404133e-01 1.842998657020080699e+00
3.311036789297659055e+01 1.534221775799961274e-02 1.160882129805647089e+00 3.775328247040158347e-01 4.496445076702710320e-01 1.841266211702008881e+00
3.341137123745819792e+01 1.520675919567084609e-02 1.171433353201965177e+00 3.707176006739010821e-01 4.537294406077016506e-01 1.838958733692328984e+00
3.371237458193979819e+01 1.507421975680848375e-02 1.181984576598283265e+00 3.645238585099560003e-01 4.578143735451322693e-01 1.835947529513060728e+00
3.401337792642140556e+01 1.494496300742070502e-02 1.192535799994601353e+00 3.589763213153267518e-01 4.618993064825628880e-01 1.832076696382026082e+00
3.431438127090301293e+01 1.481908089743434569e-02 1.203087023390919219e+00 3.540860058028544866e-01 4.659842394199935067e-01 1.827169852742427381e+00
3.461538461538462030e+01 1.469638140383625231e-02 1.213638246787237307e+00 3.498411890330442864e-01 4.700691723574241254e-01 1.821056413252416739e+00
3.491638795986622057e+01 1.457641175078314318e-02 1.224189470183555395e+00 3.461999961233251932e-01 4.741541052948547441e-01 1.813610726477120627e+00
3.521739130434782794e+01 1.445851432530624939e-02 1.234740693579873483e+00 3.430866183666138047e-01 4.782390382322853628e-01 1.804788302223592211e+00
3.551839464882943531e+01 1.434190821382577523e-02 1.245291916976191349e+00 3.403925876483525070e-01 4.823239711697159815e-01 1.794642990843614561e+00
3.581939799331104268e+01 1.422578606522672574e-02 1.255843140372509437e+00 3.379835500326772713e-01 4.864089041071466002e-01 1.783317225372589077e+00
3.612040133779264295e+01 1.410941415041914830e-02 1.266394363768827525e+00 3.357108511717335486e-01 4.904938370445772744e-01 1.771009293266059048e+00
3.642140468227425032e+01 1.399222325634342200e-02 1.276945587165145612e+00 3.334262441388108344e-01 4.945787699820078931e-01 1.757930288676725405e+00
3.672240802675585769e+01 1.387387942370979683e-02 1.287496810561463478e+00 3.309973748672270233e-01 4.986637029194385118e-01 1.744264544147624996e+00
3.702341137123745796e+01 1.375432629376274751e-02 1.298048033957781566e+00 3.283215139593577692e-01 5.027486358568691305e-01 1.730141580450722305e+00
3.732441471571906533e+01 1.363379456972441291e-02 1.308599257354099654e+00 3.253353081422014070e-01 5.068335687942997492e-01 1.715619815770792256e+00
3.762541806020067270e+01 1.351277830225579638e-02 1.319150480750417742e+00 3.220190509938621326e-01 5.109185017317303679e-01 1.700678026977421098e+00
3.792642140468228007e+01 1.339198180607097804e-02 1.329701704146735608e+00 3.183949713765433231e-01 5.150034346691609866e-01 1.685212328575760976e+00
3.822742474916388034e+01 1.327224446229221221e-02 1.340252927543053696e+00 3.145200981273882923e-01 5.190883676065916053e-01 1.669042046151713699e+00
3.852842809364548771e+01 1.315445300585072960e-02 1.350804150939371784e+00 3.104751484010820906e-01 5.231733005440222239e-01 1.651932119699426993e+00
3.882943143812709508e+01 1.303945183901212938e-02 1.361355374335689872e+00 3.063514140038542943e-01 5.272582334814528426e-01 1.633637961505358449e+00
3.913043478260869534e+01 1.292796135364499693e-02 1.371906597732007960e+00 3.022377006902989272e-01 5.313431664188834613e-01 1.613970129166478973e+00
3.943143812709030271e+01 1.282051232520323332e-02 1.382457821128325826e+00 2.982090620733867659e-01 5.354280993563140800e-01 1.592864449162161522e+00
3.973244147157191009e+01 1.271740153712346173e-02 1.393009044524643913e+00 2.943185258503954738e-01 5.395130322937446987e-01 1.570434733476066436e+00
4.003344481605351746e+01 1.261867047202507378e-02 1.403560267920962001e+00 2.905924352448752690e-01 5.435979652311753174e-01 1.546985573924941404e+00
4.033444816053511772e+01 1.252410581852067203e-02 1.414111491317280089e+00 2.870295720143914986e-01 5.476828981686059361e-01 1.522973474348726208e+00
4.063545150501672509e+01 1.243325828019146290e-02 1.424662714713597955e+00 2.836039313480134827e-01 5.517678311060365548e-01 1.498922157937360167e+00
4.093645484949833246e+01 1.234547510663143270e-02 1.435213938109916043e+00 2.802708197559394265e-01 5.558527640434671735e-01 1.475314882526404858e+00
4.123745819397993273e+01 1.225994192834712997e-02 1.445765161506234131e+00 2.769757288597847200e-01 5.599376969808977922e-01 1.452495406653267151e+00
4.153846153846154010e+01 1.217573053689018255e-02 1.456316384902552219e+00 2.736651112733629043e-01 5.640226299183284109e-01 1.430605865091055806e+00
4.183946488294314747e+01 1.209185060503480125e-02 1.466867608298870085e+00 2.702977513485629313e-01 5.681075628557590296e-01 1.409575893833489690e+00
4.214046822742475484e+01 1.200730430709340442e-02 1.477418831695188173e+00 2.668549988237610693e-01 5.721924957931896483e-01 1.389159359126153959e+00
4.244147157190635511e+01 1.192114286022610478e-02 1.487970055091506261e+00 2.633479133395484340e-01 5.762774287306202670e-01 1.369000893156052667e+00
4.274247491638796248e+01 1.183252302257060962e-02 1.498521278487824349e+00 2.598195501959047471e-01 5.803623616680508857e-01 1.348709437350241735e+00
4.304347826086956985e+01 1.174075987953133310e-02 1.509072501884142214e+00 2.563413064139178354e-01 5.844472946054815043e-01 1.327920486101983988e+00
4.334448160535117722e+01 1.164537054560907739e-02 1.519623725280460302e+00 2.530033781965138617e-01 5.885322275429121230e-01 1.306338559138790378e+00
4.364548494983277749e+01 1.154610258635316300e-02 1.530174948676778390e+00 2.499007135255894296e-01 5.926171604803428528e-01 1.283760788692552390e+00
4.394648829431438486e+01 1.144294174124179178e-02 1.540726172073096478e+00 2.471170157445208571e-01 5.967020934177734715e-01 1.260087192973478931e+00
4.424749163879599223e+01 1.133609615566195938e-02 1.551277395469414566e+00 2.447100036889748309e-01 6.007870263552040901e-01 1.235322512022643204e+00
4.454849498327759250e+01 1.122595842760274951e-02 1.561828618865732432e+00 2.427010266597421917e-01 6.048719592926347088e-01 1.209570826992133696e+00
4.484949832775919987e+01 1.111305137224145520e-02 1.572379842262050520e+00 2.410712469518317413e-01 6.089568922300653275e-01 1.183021145620853920e+00
4.515050167224080724e+01 1.099796720721864934e-02 1.582931065658368608e+00 2.397651421331692401e-01 6.130418251674959462e-01 1.155922207216822040e+00
4.545150501672241461e+01 1.088131163965520842e-02 1.593482289054686696e+00 2.387004104100861612e-01 6.171267581049265649e-01 1.128548054804806799e+00
4.575250836120401488e+01 1.076366335712176762e-02 1.604033512451004562e+00 2.377819102510078109e-01 6.212116910423571836e-01 1.101160356650791261e+00
4.605351170568562225e+01 1.064555572010981305e-02 1.614584735847322650e+00 2.369164021641873841e-01 6.252966239797878023e-01 1.073976152331429290e+00
4.635451505016722962e+01 1.052748186351466081e-02 1.625135959243640738e+00 2.360248139398969935e-01 6.293815569172184210e-01 1.047148764023660306e+00
4.665551839464882988e+01 1.040991836997232772e-02 1.635687182639958825e+00 2.350495443800841855e-01 6.334664898546490397e-01 1.020765311629458383e+00
4.695652173913043725e+01 1.029335778659448003e-02 1.646238406036276691e+00 2.339557540467206431e-01 6.375514227920796584e-01 9.948587937120663138e-01
4.725752508361204463e+01 1.017833783104843230e-02 1.656789629432594779e+00 2.327272726998477759e-01 6.416363557295102771e-01 9.694287062773827568e-01
4.755852842809365200e+01 1.006545581070509426e-02 1.667340852828912867e+00 2.313591934052439403e-01 6.457212886669408958e-01 9.444630857812051916e-01
4.785953177257525226e+01 9.955360356157056875e-03 1.677892076225230955e+00 2.298499859847473181e-01 6.498062216043715145e-01 9.199561579766382113e-01
4.816053511705685963e+01 9.848718091893636159e-03 1.688443299621548821e+00 2.281958185014744955e-01 6.538911545418021332e-01 8.959178223039244715e-01
4.846153846153846700e+01 9.746158925388000160e-03 1.698994523017866909e+00 2.263887996714666340e-01 6.579760874792327519e-01 8.723728912705999150e-01
4.876254180602006727e+01 9.648208778860830129e-03 1.709545746414184997e+00 2.244194071139858082e-01 6.620610204166633705e-01 8.493496739377013327e-01
4.906354515050167464e+01 9.555221696540841525e-03 1.720096969810503085e+00 2.222819521475803972e-01 6.661459533540939892e-01 8.268602562305702453e-01
4.936454849498328201e+01 9.467323794023325967e-03 1.730648193206821173e+00 2.199810051973955793e-01 6.702308862915246079e-01 8.048788550053413982e-01
4.966555183946488938e+01 9.384379573548711981e-03 1.741199416603139039e+00 2.175365039444013548e-01 6.743158192289552266e-01 7.833280243675513344e-01
4.996655518394648965e+01 9.305987332965172734e-03 1.751750639999457126e+00 2.149857539217002178e-01 6.784007521663858453e-01 7.620821848611638583e-01
5.026755852842809702e+01 9.231505669171443176e-03 1.762301863395775214e+00 2.123814661970853113e-01 6.824856851038164640e-01 7.409921105991397194e-01
5.056856187290970439e+01 9.160108383162749932e-03 1.772853086792093302e+00 2.097860431396312009e-01 6.865706180412470827e-01 7.199242757643534718e-01
5.086956521739130466e+01 9.090861223842042552e-03 1.783404310188411168e+00 2.072632519275438567e-01 6.906555509786777014e-01 6.988002812224950455e-01
5.117056856187291203e+01 9.022811349439739670e-03 1.793955533584729256e+00 2.048690471705158500e-01 6.947404839161083201e-01 6.776194254746079615e-01
5.147157190635451940e+01 8.955079294407464890e-03 1.804506756981047344e+00 2.026435354171444436e-01 6.988254168535389388e-01 6.564541320768071397e-01
5.177257525083612677e+01 8.886943482907156550e-03 1.815057980377365432e+00 2.006058816950291313e-01 7.029103497909695575e-01 6.354205334525075966e-01
5.207357859531772704e+01 8.817908629739870663e-03 1.825609203773683298e+00 1.987533478925454233e-01 7.069952827284001762e-01 6.146383901620326995e-01
5.237458193979933441e+01 8.747751360622882041e-03 1.836160427170001386e+00 1.970647013728550889e-01 7.110802156658307949e-01 5.941991754276602089e-01
5.267558528428094178e+01 8.676538750604078157e-03 1.846711650566319474e+00 1.955071256074689678e-01 7.151651486032614136e-01 5.741560946781933961e-01
5.297658862876254204e+01 8.604617999769857348e-03 1.857262873962637562e+00 1.940447945559149456e-01 7.192500815406921433e-01 5.545379758211771426e-01
5.327759197324414941e+01 8.532578011988175073e-03 1.867814097358955649e+00 1.926467611915566314e-01 7.233350144781227620e-01 5.353768098588331803e-01
5.357859531772575679e+01 8.461186141075492315e-03 1.878365320755273515e+00 1.912919823888807880e-01 7.274199474155533807e-01 5.167324142303331147e-01
5.387959866220736416e+01 8.391305734994339641e-03 1.888916544151591603e+00 1.899701649559178418e-01 7.315048803529839994e-01 4.986998627759478553e-01
5.418060200668896442e+01 8.323802192807056716e-03 1.899467767547909691e+00 1.886784217377335260e-01 7.355898132904146181e-01 4.813941324986704129e-01
5.448160535117057179e+01 8.259446817614290656e-03 1.910018990944227779e+00 1.874150401043415126e-01 7.396747462278452367e-01 4.649170836036431442e-01
5.478260869565217916e+01 8.198828515806888539e-03 1.920570214340545645e+00 1.861725355348725075e-01 7.437596791652758554e-01 4.493194620835430642e-01
5.508361204013378654e+01 8.142283096176938101e-03 1.931121437736863733e+00 1.849322986983778228e-01 7.478446121027064741e-01 4.345722808319663621e-01
5.538461538461538680e+01 8.089848416646063314e-03 1.941672661133181821e+00 1.836625286911327259e-01 7.519295450401370928e-01 4.205578808774535493e-01
5.568561872909699417e+01 8.041250960946298015e-03 1.952223884529499909e+00 1.823200339600167252e-01 7.560144779775677115e-01 4.070837045399320897e-01
5.598662207357860154e+01 7.995925875566602808e-03 1.962775107925817775e+00 1.808552913280278007e-01 7.600994109149983302e-01 3.939145910856310939e-01
5.628762541806020181e+01 7.953068522597403489e-03 1.973326331322135863e+00 1.792192881318553366e-01 7.641843438524289489e-01 3.808147028936416656e-01
5.658862876254180918e+01 7.911711775460789423e-03 1.983877554718453950e+00 1.773703786795213233e-01 7.682692767898595676e-01 3.675888622869611377e-01
5.688963210702341655e+01 7.870820162550841437e-03 1.994428778114772038e+00 1.752796771842126400e-01 7.723542097272901863e-01 3.541145315762734280e-01
5.719063545150502392e+01 7.829389994943460052e-03 2.004980001511090126e+00 1.729341887706198622e-01 7.764391426647208050e-01 3.403586856697002894e-01
5.749163879598662419e+01 7.786544057797050410e-03 2.015531224907407992e+00 1.703376412349005831e-01 7.805240756021514237e-01 3.263773883038448287e-01
5.779264214046823156e+01 7.741610344591994160e-03 2.026082448303726302e+00 1.675095341677664273e-01 7.846090085395820424e-01 3.122994236961433301e-01
5.809364548494983893e+01 7.694176509343218263e-03 2.036633671700044168e+00 1.644831064638934692e-01 7.886939414770126611e-01 2.982984428988320058e-01
5.839464882943143920e+01 7.644114880702249440e-03 2.047184895096362034e+00 1.613027526340316264e-01 7.927788744144432798e-01 2.845601574029255620e-01
5.869565217391304657e+01 7.591576588461685683e-03 2.057736118492680344e+00 1.580210611746466765e-01 7.968638073518738985e-01 2.712514817532386546e-01
5.899665551839465394e+01 7.536957109133739750e-03 2.068287341888998210e+00 1.546953418750361131e-01 8.009487402893045171e-01 2.584970001011868690e-01
5.929765886287626131e+01 7.480838862266229843e-03 2.078838565285316076e+00 1.513834470709004842e-01 8.050336732267351358e-01 2.463654024731871395e-01
5.959866220735786158e+01 7.423918971735578992e-03 2.089389788681634386e+00 1.481389323168558203e-01 8.091186061641657545e-01 2.348659241623091976e-01
5.989966555183946895e+01 7.366931661933345983e-03 2.099941012077952252e+00 1.450060366249914245e-01 8.132035391015963732e-01 2.239534190600235009e-01
6.020066889632107632e+01 7.310574870808707500e-03 2.110492235474270561e+00 1.420153658546848274e-01 8.172884720390269919e-01 2.135406032284933031e-01
6.050167224080267658e+01 7.255449592546028489e-03 2.121043458870588427e+00 1.391812999605664680e-01 8.213734049764576106e-01 2.035163082469914619e-01
6.080267558528428395e+01 7.202018428265817909e-03 2.131594682266906293e+00 1.365018881972389908e-01 8.254583379138882293e-01 1.937681596938820583e-01
6.110367892976589133e+01 7.150587136171800313e-03 2.142145905663224603e+00 1.339613963596494040e-01 8.295432708513188480e-01 1.842065813652184747e-01
6.140468227424749870e+01 7.101309972708307224e-03 2.152697129059542469e+00 1.315349414343031931e-01 8.336282037887494667e-01 1.747852074899168551e-01
6.170568561872909896e+01 7.054216613889449997e-03 2.163248352455860335e+00 1.291940777171491639e-01 8.377131367261800854e-01 1.655121047574681092e-01
6.200668896321070633e+01 7.009255699412338635e-03 2.173799575852178645e+00 1.269120122086443425e-01 8.417980696636107041e-01 1.564477523551524585e-01
6.230769230769231370e+01 6.966347773228627298e-03 2.184350799248496511e+00 1.246673909747661180e-01 8.458830026010413228e-01 1.476894257089138018e-01
6.260869565217392108e+01 6.925438824624916001e-03 2.194902022644814821e+00 1.224461861836220467e-01 8.499679355384719415e-01 1.393461385135881525e-01
6.290969899665552134e+01 6.886545011570736549e-03 2.205453246041132687e+00 1.202418694197927435e-01 8.540528684759026712e-01 1.315116566666617304e-01
6.321070234113712871e+01 6.849779731937676551e-03 2.216004469437450553e+00 1.180545133255824913e-01 8.581378014133332899e-01 1.242437164308019815e-01
6.351170568561873608e+01 6.815356195794856735e-03 2.226555692833768862e+00 1.158895614897641480e-01 8.622227343507639086e-01 1.175550528269318079e-01
6.381270903010033635e+01 6.783562065455299092e-03 2.237106916230086728e+00 1.137567580041887183e-01 8.663076672881945273e-01 1.114172004491282147e-01
6.411371237458195083e+01 6.754707301480827701e-03 2.247658139626405038e+00 1.116692981774500409e-01 8.703926002256251460e-01 1.057732906433859060e-01
6.441471571906355109e+01 6.729051466589004195e-03 2.258209363022722904e+00 1.096428830035853091e-01 8.744775331630557647e-01 1.005533188303666253e-01
6.471571906354515136e+01 6.706721477032244125e-03 2.268760586419040770e+00 1.076942246292314498e-01 8.785624661004863833e-01 9.568572412598697063e-02
6.501672240802676583e+01 6.687634096982964654e-03 2.279311809815359080e+00 1.058387296057401034e-01 8.826473990379170020e-01 9.110221114237489204e-02
6.531772575250836610e+01 6.671438409331344882e-03 2.289863033211676946e+00 1.040875068605825599e-01 8.867323319753476207e-01 8.673682450877261141e-02
6.561872909698996637e+01 6.657491527392569476e-03 2.300414256607994812e+00 1.024443231391960196e-01 8.908172649127782394e-01 8.252323214615484015e-02
6.591973244147158084e+01 6.644876007258265251e-03 2.310965480004313122e+00 1.009034399920911568e-01 8.949021978502088581e-01 7.839460370416442836e-02
6.622073578595318111e+01 6.632460526954452040e-03 2.321516703400630988e+00 9.944924463011149685e-02 8.989871307876394768e-01 7.428845207070876311e-02
6.652173913043478137e+01 6.618997721325405384e-03 2.332067926796949298e+00 9.805818464213886254e-02 9.030720637250700955e-01 7.015568395050605921e-02
6.682274247491639585e+01 6.603246178916052228e-03 2.342619150193267163e+00 9.670283651737812680e-02 9.071569966625007142e-01 6.597061851319591108e-02
6.712374581939799612e+01 6.584098990735190102e-03 2.353170373589585029e+00 9.535720893278051835e-02 9.112419295999313329e-01 6.173801294571788778e-02
6.742474916387959638e+01 6.560699886944010122e-03 2.363721596985903339e+00 9.400188180581130204e-02 9.153268625373619516e-01 5.749422044913828772e-02
6.772575250836121086e+01 6.532530175502595897e-03 2.374272820382221205e+00 9.262753045122217033e-02 9.194117954747925703e-01 5.330168371180583203e-02
6.802675585284281112e+01 6.499454886914736093e-03 2.384824043778539515e+00 9.123584260493740328e-02 9.234967284122231890e-01 4.923801481398514673e-02
6.832775919732442560e+01 6.461723566622162331e-03 2.395375267174857381e+00 8.983766485512344191e-02 9.275816613496538077e-01 4.538225949391857389e-02
6.862876254180602587e+01 6.419928536345120319e-03 2.405926490571175247e+00 8.844911303210457876e-02 9.316665942870844264e-01 4.180141200475253477e-02
6.892976588628762613e+01 6.374929698387426548e-03 2.416477713967493557e+00 8.708700333130819926e-02 9.357515272245150451e-01 3.853996049801777790e-02
6.923076923076924061e+01 6.327758989022100496e-03 2.427028937363811423e+00 8.576506641598145853e-02 9.398364601619456637e-01 3.561439084413840772e-02
6.953177257525084087e+01 6.279518895969992201e-03 2.437580160760129289e+00 8.449196857829960328e-02 9.439213930993762824e-01 3.301334140688519381e-02
6.983277591973244114e+01 6.231288173292322957e-03 2.448131384156447599e+00 8.327138510735254684e-02 9.480063260368069011e-01 3.070272959712115612e-02
7.013377926421405562e+01 6.184044663037513434e-03 2.458682607552765464e+00 8.210359246100497332e-02 9.520912589742375198e-01 2.863402100092516875e-02
7.043478260869565588e+01 6.138610901079449844e-03 2.469233830949083774e+00 8.098758943054631954e-02 9.561761919116681385e-01 2.675325840995133181e-02
7.073578595317725615e+01 6.095623903653977702e-03 2.479785054345401640e+00 7.992277854984246310e-02 9.602611248490987572e-01 2.500871147488857582e-02
7.103678929765887062e+01 6.055526966716745160e-03 2.490336277741719506e+00 7.890966316838381178e-02 9.643460577865293759e-01 2.335592921283501100e-02
7.133779264214047089e+01 6.018578910530730797e-03 2.500887501138037816e+00 7.794959000441661900e-02 9.684309907239599946e-01 2.176015863687639704e-02
7.163879598662208537e+01 5.984875080173869023e-03 2.511438724534355682e+00 7.704399687342203262e-02 9.725159236613906133e-01 2.019700273330924528e-02
7.193979933110368563e+01 5.954374415756715638e-03 2.521989947930673548e+00 7.619372303660139345e-02 9.766008565988212320e-01 1.865244641656424104e-02
7.224080267558528590e+01 5.926927726723830656e-03 2.532541171326991858e+00 7.539870891181413293e-02 9.806857895362519617e-01 1.712293915955129253e-02
7.254180602006690037e+01 5.902303593754669800e-03 2.543092394723309724e+00 7.465802748382732723e-02 9.847707224736825804e-01 1.561541641403587158e-02
7.284280936454850064e+01 5.880209770543454520e-03 2.553643618119628034e+00 7.396989079071199236e-02 9.888556554111131991e-01 1.414649706743669084e-02
7.314381270903010090e+01 5.860309336196353053e-03 2.564194841515945900e+00 7.333123412458059098e-02 9.929405883485438178e-01 1.274004522384264079e-02
7.344481605351171538e+01 5.842232008754093091e-03 2.574746064912263765e+00 7.273671946588493309e-02 9.970255212859744365e-01 1.142290919438109995e-02
7.374581939799331565e+01 5.825581886571205154e-03 2.585297288308582075e+00 7.217738820411476186e-02 1.001110454223405055e+00 1.021960330397155524e-02
7.404682274247491591e+01 5.809943393838919515e-03 2.595848511704899941e+00 7.163952609921502013e-02 1.005195387160835674e+00 9.147404877965234840e-03
7.434782608695653039e+01 5.794887353771044011e-03 2.606399735101218251e+00 7.110440570997200727e-02 1.009280320098266293e+00 8.213350164059446054e-03
7.464882943143813065e+01 5.779978906660671739e-03 2.616950958497536117e+00 7.054937900340858825e-02 1.013365253035696911e+00 7.413891949013004176e-03
7.494983277591973092e+01 5.764788469038445093e-03 2.627502181893853983e+00 6.995037380514856906e-02 1.017450185973127530e+00 6.736927831996153589e-03
7.525083612040134540e+01 5.748906171771333944e-03 2.638053405290172293e+00 6.928536457522548042e-02 1.021535118910558149e+00 6.165097014699504226e-03
7.555183946488294566e+01 5.731959338489231448e-03 2.648604628686490159e+00 6.853802480745077585e-02 1.025620051847988767e+00 5.679061331661037181e-03
7.585284280936456014e+01 5.713631725566358996e-03 2.659155852082808025e+00 6.770065834635277668e-02 1.029704984785419386e+00 5.259912806402502333e-03
7.615384615384616041e+01 5.693682608724884124e-03 2.669707075479126335e+00 6.677568639613913615e-02 1.033789917722850005e+00 4.890525396777404936e-03
7.645484949832776067e+01 5.671963514991528940e-03 2.680258298875444201e+00 6.577536809782466576e-02 1.037874850660280623e+00 4.556169859580951227e-03
7.675585284280937515e+01 5.648430544484788277e-03 2.690809522271762511e+00 6.471991270949774278e-02 1.041959783597711242e+00 4.244823473343663743e-03
7.705685618729097541e+01 5.623150788107594313e-03 2.701360745668080376e+00 6.363453735458828031e-02 1.046044716535141861e+00 3.947408806231741431e-03
7.735785953177257568e+01 5.596302197478896130e-03 2.711911969064398242e+00 6.254621166461703241e-02 1.050129649472572479e+00 3.657932829110456530e-03
7.765886287625419016e+01 5.568167186081261245e-03 2.722463192460716552e+00 6.148076819329088838e-02 1.054214582410003098e+00 3.373376487559744293e-03
7.795986622073579042e+01 5.539120987427626451e-03 2.733014415857034418e+00 6.046079859136311435e-02 1.058299515347433717e+00 3.093249178952224305e-03
7.826086956521739069e+01 5.509616165507567886e-03 2.743565639253352728e+00 5.950442173007251118e-02 1.062384448284864336e+00 2.818873534430772591e-03
7.856187290969900516e+01 5.480164583574232383e-03 2.754116862649670594e+00 5.862473720125348925e-02 1.066469381222294954e+00 2.552573965716666612e-03
7.886287625418060543e+01 5.451317667276779633e-03 2.764668086045988460e+00 5.782965888127930554e-02 1.070554314159725573e+00 2.296946293795570568e-03
7.916387959866221991e+01 5.423645167620977370e-03 2.775219309442306770e+00 5.712187311287818953e-02 1.074639247097156192e+00 2.054312525735193639e-03
7.946488294314382017e+01 5.397712128954616773e-03 2.785770532838624636e+00 5.649882250451209592e-02 1.078724180034586810e+00 1.826382070046925817e-03
7.976588628762542044e+01 5.374053652765153725e-03 2.796321756234942502e+00 5.595277688712999714e-02 1.082809112972017429e+00 1.614096187636242675e-03
8.006688963210703491e+01 5.353147440443407380e-03 2.806872979631260812e+00 5.547112636637644562e-02 1.086894045909448048e+00 1.417628224491035991e-03
8.036789297658863518e+01 5.335384929143304270e-03 2.817424203027578677e+00 5.503697988971583549e-02 1.090978978846878666e+00 1.236519626295436028e-03
8.066889632107023544e+01 5.321042861933348266e-03 2.827975426423896987e+00 5.463000589265976092e-02 1.095063911784309285e+00 1.069924569447114988e-03
8.096989966555184992e+01 5.310258020176592160e-03 2.838526649820214853e+00 5.422728787447997356e-02 1.099148844721739904e+00 9.169116646869714419e-04
8.127090301003345019e+01 5.303008278602915591e-03 2.849077873216532719e+00 5.380387538553909471e-02 1.103233777659170523e+00 7.767485448580522958e-04
8.157190635451505045e+01 5.299102938491488494e-03 2.859629096612851029e+00 5.333274830904376207e-02 1.107318710596601141e+00 6.490958554539452349e-04
8.187290969899666493e+01 5.298184457991320269e-03 2.870180320009168895e+00 5.278408638547578413e-02 1.111403643534031760e+00 5.340670167962799104e-04
8.217391304347826519e+01 5.299742416676706674e-03 2.880731543405487205e+00 5.212400459837025768e-02 1.115488576471462379e+00 4.321546785847395298e-04
8.247491638795986546e+01 5.303139118023640457e-03 2.891282766801805071e+00 5.131320697721436508e-02 1.119573509408892997e+00 3.440606713699978264e-04
8.277591973244147994e+01 5.307644949352794544e-03 2.901833990198122937e+00 5.030624800849085171e-02 1.123658442346323616e+00 2.704781144664954130e-04
8.307692307692308020e+01 5.312480699712703210e-03 2.912385213594441247e+00 4.905219948084328652e-02 1.127743375283754235e+00 2.118642818046709373e-04
8.337792642140469468e+01 5.316863563745650653e-03 2.922936436990759113e+00 4.749743889947981995e-02 1.131828308221184853e+00 1.682264075682674367e-04
8.367892976588629494e+01 5.320053486714802077e-03 2.933487660387076978e+00 4.559095874911739399e-02 1.135913241158615472e+00 1.389359065304160521e-04
8.397993311036789521e+01 5.321396707086855152e-03 2.944038883783395288e+00 4.329203778602565972e-02 1.139998174096046091e+00 1.225945693855479460e-04
8.428093645484950969e+01 5.320363693267680071e-03 2.954590107179713154e+00 4.057938266579502046e-02 1.144083107033476709e+00 1.169906313140772714e-04
8.458193979933110995e+01 5.316579063354098973e-03 2.965141330576031464e+00 3.746010504759354071e-02 1.148168039970907328e+00 1.191875340038702798e-04
8.488294314381271022e+01 5.309841507954540449e-03 2.975692553972349330e+00 3.397639459870146345e-02 1.152252972908337947e+00 1.257712376093176915e-04
8.518394648829432469e+01 5.300132254640265404e-03 2.986243777368667196e+00 3.020774293455914458e-02 1.156337905845768566e+00 1.332418951720442724e-04
8.548494983277592496e+01 5.287611287819341498e-03 2.996795000764985506e+00 2.626722413105229276e-02 1.160422838783199184e+00 1.384847981581259881e-04
8.578595317725752523e+01 5.272601410477608525e-03 3.007346224161303372e+00 2.229158721469663013e-02 1.164507771720629803e+00 1.392148555769517871e-04
8.608695652173913970e+01 5.255561277759644885e-03 3.017897447557621238e+00 1.842645864559381425e-02 1.168592704658060422e+00 1.342790844613123266e-04
8.638795986622073997e+01 5.237049639923705736e-03 3.028448670953939548e+00 1.480931083010052912e-02 1.172677637595491040e+00 1.237323403036499653e-04
8.668896321070235444e+01 5.217684033394853066e-03 3.038999894350257414e+00 1.155355381596008535e-02 1.176762570532921659e+00 1.086652320618551419e-04
8.698996655518395471e+01 5.198097860172535244e-03 3.049551117746575724e+00 8.736882768134097629e-03 1.180847503470352500e+00 9.083681666039587928e-05
8.729096989966555498e+01 5.178900033037597134e-03 3.060102341142893589e+00 6.395921339316317823e-03 1.184932436407783118e+00 7.221971954528832321e-05
8.759197324414716945e+01 5.160641047314728190e-03 3.070653564539211455e+00 4.527607319008685252e-03 1.189017369345213737e+00 5.458111421875599939e-05
8.789297658862876972e+01 5.143788482971700660e-03 3.081204787935529765e+00 3.096195870316773013e-03 1.193102302282644356e+00 3.919627207942692271e-05
8.819397993311036998e+01 5.128713662018457436e-03 3.091756011331847631e+00 2.043677235918390546e-03 1.197187235220074975e+00 2.673685847796262310e-05
8.849498327759198446e+01 5.115689684417753895e-03 3.102307234728165941e+00 1.301066059755202550e-03 1.201272168157505593e+00 1.731801131063721673e-05
8.879598662207358473e+01 5.104899577543080616e-03 3.112858458124483807e+00 7.983829236203949424e-04 1.205357101094936212e+00 1.064810757899737359e-05
8.909698996655518499e+01 5.096452044821117751e-03 3.123409681520801673e+00 4.719618125737977616e-04 1.209442034032366831e+00 6.213020187487528574e-06
8.939799331103679947e+01 5.090401460743603466e-03 3.133960904917119983e+00 2.686440845658989458e-04 1.213526966969797449e+00 3.439242133579465284e-06
8.969899665551839973e+01 5.086768426265102401e-03 3.144512128313437849e+00 1.471774739204399914e-04 1.217611899907228068e+00 1.805641410291386951e-06
9.000000000000000000e+01 5.085557382750322854e-03 3.155063351709755715e+00 7.757857230761966557e-05 1.221696832844658687e+00 8.988649219632495737e-07
