0.000000000000000000e+00 3.379002178423641295e-04 1.474445553498147932e-04 1.134763472477799510e-02 2.961706642967167069e-05 9.470744467978421677e-02
3.010033444816053727e-01 3.380376689470368859e-04 4.256910968958971253e-03 1.280199168308293438e-02 1.346939098323468847e-03 9.663336565587168914e-02
6.020066889632107454e-01 3.384662260129982963e-04 8.366377382568127713e-03 1.587355775118742471e-02 2.664261130217266023e-03 1.012817849977385165e-01
9.030100334448161181e-01 3.392319006201307240e-04 1.247584379617728417e-02 1.847205894833217274e-02 3.981583162111062765e-03 1.064526083269006357e-01
1.204013377926421491e+00 3.404028917938885300e-04 1.658531020978644063e-02 2.018740784626188098e-02 5.298905194004860375e-03 1.100972883966188365e-01
1.505016722408026864e+00 3.420576681732472491e-04 2.069477662339559709e-02 2.227826614698853389e-02 6.616227225898657985e-03 1.113883006404395304e-01
1.806020066889632236e+00 3.442704303390463892e-04 2.480424303700475355e-02 2.534707324549394583e-02 7.933549257792453860e-03 1.107193959974622499e-01
2.107023411371237387e+00 3.470968460437998224e-04 2.891370945061391001e-02 2.893432202974812600e-02 9.250871289686251470e-03 1.089465112231459282e-01
2.408026755852842982e+00 3.505639013734544165e-04 3.302317586422306994e-02 3.213521888108396979e-02 1.056819332158004908e-02 1.067841653216044379e-01
2.709030100334448576e+00 3.546677243506013888e-04 3.713264227783222293e-02 3.433476698824546730e-02 1.188551535347384669e-02 1.047157213840204104e-01
3.010033444816053727e+00 3.593818604204375151e-04 4.124210869144137592e-02 3.562558193797794870e-02 1.320283738536764430e-02 1.030578460468373897e-01
3.311036789297658878e+00 3.646757938673164082e-04 4.535157510505054279e-02 3.691000100152208585e-02 1.452015941726144017e-02 1.019508532857227728e-01
3.612040133779264472e+00 3.705402293967172654e-04 4.946104151865969578e-02 3.966179742199162778e-02 1.583748144915523431e-02 1.014487370974112013e-01
3.913043478260870067e+00 3.770129136481714161e-04 5.357050793226884877e-02 4.456599512567708393e-02 1.715480348104903713e-02 1.017074289996039577e-01
4.214046822742474774e+00 3.841977100070640143e-04 5.767997434587800176e-02 5.047188736512818463e-02 1.847212551294283300e-02 1.029559920534085377e-01
4.515050167224080369e+00 3.922708550109135339e-04 6.178944075948716863e-02 5.518840511542227184e-02 1.978944754483662888e-02 1.051997665768993617e-01
4.816053511705685963e+00 4.014716087191894534e-04 6.589890717309632162e-02 5.799782486218635347e-02 2.110676957673042475e-02 1.080540173479044991e-01
5.117056856187291558e+00 4.120788441442883453e-04 7.000837358670547461e-02 6.008016105502012733e-02 2.242409160862422063e-02 1.109796435267247916e-01
5.418060200668897153e+00 4.243790338703874081e-04 7.411784000031462760e-02 6.239499699140291927e-02 2.374141364051802344e-02 1.136571158759594191e-01
5.719063545150501859e+00 4.386332297590920279e-04 7.822730641392379447e-02 6.532103868039612626e-02 2.505873567241181932e-02 1.160597894073130548e-01
6.020066889632107454e+00 4.550502808497221968e-04 8.233677282753294746e-02 6.932431387537779655e-02 2.637605770430561519e-02 1.181717435596346955e-01
6.321070234113713049e+00 4.737709053785205669e-04 8.644623924114210045e-02 7.443887328476417320e-02 2.769337973619941107e-02 1.196972181624588044e-01
6.622073578595317755e+00 4.948633798453553733e-04 9.055570565475126732e-02 7.975610082533439449e-02 2.901070176809320694e-02 1.200865224684078691e-01
6.923076923076923350e+00 5.183280240553385333e-04 9.466517206836042031e-02 8.515098270693841065e-02 3.032802379998700976e-02 1.188886104552109996e-01
7.224080267558528945e+00 5.441057021235443320e-04 9.877463848196957330e-02 9.220170625475143655e-02 3.164534583188079869e-02 1.161744310706942368e-01
7.525083612040134540e+00 5.720859201517615976e-04 1.028841048955787263e-01 1.008064223202434773e-01 3.296266786377460151e-02 1.127078850991976022e-01
7.826086956521740134e+00 6.021125393150233290e-04 1.069935713091878793e-01 1.075189014778254598e-01 3.427998989566839738e-02 1.096712152710345584e-01
8.127090301003345729e+00 6.339885416629556340e-04 1.111030377227970461e-01 1.107811017772696999e-01 3.559731192756219326e-02 1.080486390623294352e-01
8.428093645484949548e+00 6.674841524673301918e-04 1.152125041364061991e-01 1.143812401115692629e-01 3.691463395945598913e-02 1.080927836693531124e-01
8.729096989966555142e+00 7.023535727368875005e-04 1.193219705500153521e-01 1.219950982770473535e-01 3.823195599134978501e-02 1.093245659687404336e-01
9.030100334448160737e+00 7.383639686241539940e-04 1.234314369636245190e-01 1.338770517551259032e-01 3.954927802324358782e-02 1.110701598520522360e-01
9.331103678929766332e+00 7.753365685134389670e-04 1.275409033772336720e-01 1.505722510319811858e-01 4.086660005513738370e-02 1.130009858279635987e-01
9.632107023411371927e+00 8.131949910895006637e-04 1.316503697908428250e-01 1.723801041248788635e-01 4.218392208703117957e-02 1.151770255500990520e-01
9.933110367892977521e+00 8.520119361253010405e-04 1.357598362044519780e-01 1.969557214875603257e-01 4.350124411892497545e-02 1.177166819202261488e-01
1.023411371237458312e+01 8.920435487621668083e-04 1.398693026180611310e-01 2.237594113273584373e-01 4.481856615081877132e-02 1.206033698832648937e-01
1.053511705685618871e+01 9.337417900229433082e-04 1.439787690316702840e-01 2.557761246089507723e-01 4.613588818271257413e-02 1.237837804539380082e-01
1.083612040133779431e+01 9.777387285871796518e-04 1.480882354452794369e-01 2.934926531776671510e-01 4.745321021460637001e-02 1.272323932002252800e-01
1.113712374581939812e+01 1.024801777914418960e-03 1.521977018588886177e-01 3.345719429979147064e-01 4.877053224650016588e-02 1.307923538659243878e-01
1.143812709030100372e+01 1.075764221718638345e-03 1.563071682724977707e-01 3.773180120404910354e-01 5.008785427839396176e-02 1.340498277175691533e-01
1.173913043478260931e+01 1.131439780327799915e-03 1.604166346861069237e-01 4.240853434984125925e-01 5.140517631028775764e-02 1.365184726691680006e-01
1.204013377926421491e+01 1.192532817499827001e-03 1.645261010997160767e-01 4.830266521996405826e-01 5.272249834218156045e-02 1.380138980278370064e-01
1.234113712374582050e+01 1.259556863672060953e-03 1.686355675133252296e-01 5.554737603981660943e-01 5.403982037407535632e-02 1.388651293360903261e-01
1.264214046822742610e+01 1.332773466917280217e-03 1.727450339269343826e-01 6.332204708775740487e-01 5.535714240596915220e-02 1.397659489061918170e-01
1.294314381270903169e+01 1.412161053219316426e-03 1.768545003405435356e-01 7.152979642948574801e-01 5.667446443786294807e-02 1.413673191629968573e-01
1.324414715719063551e+01 1.497419589606384599e-03 1.809639667541527164e-01 8.093786703802295923e-01 5.799178646975674395e-02 1.439076879154807254e-01
1.354515050167224111e+01 1.588011697036048305e-03 1.850734331677618694e-01 9.239796854904361867e-01 5.930910850165053982e-02 1.471325086121925974e-01
1.384615384615384670e+01 1.683235136909785098e-03 1.891828995813710224e-01 1.064548093661185524e+00 6.062643053354434264e-02 1.504785491507710515e-01
1.414715719063545230e+01 1.782316372977410610e-03 1.932923659949801753e-01 1.231007046783514136e+00 6.194375256543813851e-02 1.533363601506591845e-01
1.444816053511705789e+01 1.884511394900189544e-03 1.974018324085893283e-01 1.421010147849918193e+00 6.326107459733193439e-02 1.553660240617870392e-01
1.474916387959866348e+01 1.989199055420233595e-03 2.015112988221984813e-01 1.637154052653267300e+00 6.457839662922573720e-02 1.568966516574945846e-01
1.505016722408026908e+01 2.095953953197522007e-03 2.056207652358076343e-01 1.889341146706537966e+00 6.589571866111954002e-02 1.591013367426847847e-01
1.535117056856187467e+01 2.204589676729298755e-03 2.097302316494167873e-01 2.192772164126869150e+00 6.721304069301332895e-02 1.635061775925398531e-01
1.565217391304348027e+01 2.315167766592566689e-03 2.138396980630259403e-01 2.552498008658517392e+00 6.853036272490713177e-02 1.709610117301976762e-01
1.595317725752508409e+01 2.427971871532856422e-03 2.179491644766351210e-01 2.951767135882025439e+00 6.984768475680092070e-02 1.808589064433606952e-01
1.625418060200669146e+01 2.543449718543585019e-03 2.220586308902442740e-01 3.372745506014707129e+00 7.116500678869472352e-02 1.912881179133658349e-01
1.655518394648829528e+01 2.662127982049478005e-03 2.261680973038534270e-01 3.813657818244540643e+00 7.248232882058852633e-02 2.000372963658731129e-01
1.685618729096989910e+01 2.784507760285370986e-03 2.302775637174625800e-01 4.277709305995212929e+00 7.379965085248231527e-02 2.057404390504611047e-01
1.715719063545150647e+01 2.910951841203196673e-03 2.343870301310717330e-01 4.750781869645625655e+00 7.511697288437611808e-02 2.084613064715835629e-01
1.745819397993311028e+01 3.041579102102390329e-03 2.384964965446808860e-01 5.200761444348896312e+00 7.643429491626990702e-02 2.095297617635489829e-01
1.775919732441471766e+01 3.176184901743458414e-03 2.426059629582900390e-01 5.612918748135265368e+00 7.775161694816370983e-02 2.109061884858066949e-01
1.806020066889632147e+01 3.314207024773714334e-03 2.467154293718992197e-01 6.006877635956761274e+00 7.906893898005751264e-02 2.144154589745853323e-01
1.836120401337792885e+01 3.454752558196938061e-03 2.508248957855083727e-01 6.388280995326439005e+00 8.038626101195130158e-02 2.210416553195075628e-01
1.866220735785953266e+01 3.596691185989476808e-03 2.549343621991175257e-01 6.716703780932518519e+00 8.170358304384510439e-02 2.304382837323525890e-01
1.896321070234114003e+01 3.738805993022978075e-03 2.590438286127266787e-01 6.970348835419234668e+00 8.302090507573889333e-02 2.408798988360022209e-01
1.926421404682274385e+01 3.879977277680093494e-03 2.631532950263358317e-01 7.171792713127392638e+00 8.433822710763269614e-02 2.498435050485899311e-01
1.956521739130434767e+01 4.019362645609304147e-03 2.672627614399449847e-01 7.314878108570378679e+00 8.565554913952649896e-02 2.551353888300015860e-01
1.986622073578595504e+01 4.156532154861389446e-03 2.713722278535541377e-01 7.351963078716308608e+00 8.697287117142028789e-02 2.560368429826139769e-01
2.016722408026755886e+01 4.291523110464684487e-03 2.754816942671632907e-01 7.270334408853839747e+00 8.829019320331409071e-02 2.537083221461884364e-01
2.046822742474916623e+01 4.424795043083098317e-03 2.795911606807724437e-01 7.119524570077026659e+00 8.960751523520787964e-02 2.505135310438303953e-01
2.076923076923077005e+01 4.557088202963012653e-03 2.837006270943815966e-01 6.939867819598791954e+00 9.092483726710168246e-02 2.487800346031517340e-01
2.107023411371237742e+01 4.689213024817368014e-03 2.878100935079907496e-01 6.705300481852319194e+00 9.224215929899548527e-02 2.498988350266748704e-01
2.137123745819398124e+01 4.821817112956584134e-03 2.919195599215999026e-01 6.370680377775678416e+00 9.355948133088927421e-02 2.541601535193984684e-01
2.167224080267558861e+01 4.955184915856937662e-03 2.960290263352090556e-01 5.959644282300669893e+00 9.487680336278307702e-02 2.610206247405033597e-01
2.197324414715719243e+01 5.089120429402637508e-03 3.001384927488182641e-01 5.545158387148075185e+00 9.619412539467686596e-02 2.694307925978971507e-01
2.227424749163879625e+01 5.222945430722500740e-03 3.042479591624274171e-01 5.148549184156639313e+00 9.751144742657066877e-02 2.782489526283736248e-01
2.257525083612040362e+01 5.355618845314736969e-03 3.083574255760365701e-01 4.738017649228585704e+00 9.882876945846447159e-02 2.868257543327722980e-01
2.287625418060200744e+01 5.485953476749468039e-03 3.124668919896457231e-01 4.322715003421262026e+00 1.001460914903582605e-01 2.954023786845264565e-01
2.317725752508361481e+01 5.612882053795145883e-03 3.165763584032548761e-01 3.960976345237121610e+00 1.014634135222520633e-01 3.047816470835912894e-01
2.347826086956521863e+01 5.735711866696760475e-03 3.206858248168640291e-01 3.672898869607327921e+00 1.027807355541458523e-01 3.153514970548382257e-01
2.377926421404682600e+01 5.854309678725017410e-03 3.247952912304731821e-01 3.426493518052855958e+00 1.040980575860396551e-01 3.263590281092826895e-01
2.408026755852842982e+01 5.969175493772019975e-03 3.289047576440823351e-01 3.188313351939138229e+00 1.054153796179334579e-01 3.362541167623570026e-01
2.438127090301003363e+01 6.081390460628413770e-03 3.330142240576914880e-01 2.947336013309938441e+00 1.067327016498272468e-01 3.438594529713340231e-01
2.468227424749164101e+01 6.192453304808890474e-03 3.371236904713006410e-01 2.718833245954910716e+00 1.080500236817210497e-01 3.492961476457797643e-01
2.498327759197324482e+01 6.304043322918518807e-03 3.412331568849097940e-01 2.523363948087866682e+00 1.093673457136148386e-01 3.539793963424548995e-01
2.528428093645485220e+01 6.417760214072077557e-03 3.453426232985189470e-01 2.357837480294470378e+00 1.106846677455086414e-01 3.599665108253167212e-01
2.558528428093645601e+01 6.534889639650169960e-03 3.494520897121281000e-01 2.212541604293458253e+00 1.120019897774024303e-01 3.691759286137540896e-01
2.588628762541806339e+01 6.656230426667473880e-03 3.535615561257372530e-01 2.085482730136801077e+00 1.133193118092962332e-01 3.825510832484833035e-01
2.618729096989966720e+01 6.782000131151817539e-03 3.576710225393464060e-01 1.973302091396932578e+00 1.146366338411900360e-01 3.993254290799138073e-01
2.648829431438127102e+01 6.911816951471933673e-03 3.617804889529556145e-01 1.873782553380440641e+00 1.159539558730838249e-01 4.171345508916965428e-01
2.678929765886287839e+01 7.044743354479133558e-03 3.658899553665647675e-01 1.788029149349347424e+00 1.172712779049776277e-01 4.333757921082796449e-01
2.709030100334448221e+01 7.179372902226088815e-03 3.699994217801739205e-01 1.717078007438721521e+00 1.185885999368714167e-01 4.468660482861707139e-01
2.739130434782608958e+01 7.313945596601469264e-03 3.741088881937830735e-01 1.655785717667761059e+00 1.199059219687652195e-01 4.583841726037748421e-01
2.769230769230769340e+01 7.446484560552782753e-03 3.782183546073922265e-01 1.592298616913605525e+00 1.212232440006590223e-01 4.698665409001175908e-01
2.799331103678930077e+01 7.574952895714649401e-03 3.823278210210013794e-01 1.519660710870101683e+00 1.225405660325528112e-01 4.832319028414177042e-01
2.829431438127090459e+01 7.697430099484420599e-03 3.864372874346105324e-01 1.444022859877948095e+00 1.238578880644466140e-01 4.996825823179591453e-01
2.859531772575251196e+01 7.812301398794448647e-03 3.905467538482196854e-01 1.379633722832090958e+00 1.251752100963404168e-01 5.195186140745731151e-01
2.889632107023411578e+01 7.918443075546980833e-03 3.946562202618288384e-01 1.330709939575444700e+00 1.264925321282341919e-01 5.421640425830157595e-01
2.919732441471571960e+01 8.015377058422141002e-03 3.987656866754379914e-01 1.288700781185403876e+00 1.278098541601279947e-01 5.662799168952020734e-01
2.949832775919732697e+01 8.103363863416247065e-03 4.028751530890471444e-01 1.249407134860035073e+00 1.291271761920217975e-01 5.899934624122438187e-01
2.979933110367893079e+01 8.183407676076519602e-03 4.069846195026562974e-01 1.209572206894039770e+00 1.304444982239156003e-01 6.113226571071941340e-01
3.010033444816053816e+01 8.257161006232310516e-03 4.110940859162654504e-01 1.163634330823340557e+00 1.317618202558094032e-01 6.289235808785644810e-01
3.040133779264214198e+01 8.326735598424908624e-03 4.152035523298746034e-01 1.114550143587666131e+00 1.330791422877031782e-01 6.430806443116454663e-01
3.070234113712374935e+01 8.394445773779679598e-03 4.193130187434837564e-01 1.070189538988818301e+00 1.343964643195969810e-01 6.562895334595215679e-01
3.100334448160535317e+01 8.462524674334533439e-03 4.234224851570929093e-01 1.034860893984890229e+00 1.357137863514907838e-01 6.725163024768451292e-01
3.130434782608696054e+01 8.532859323812471905e-03 4.275319515707020623e-01 1.007704026977725764e+00 1.370311083833845867e-01 6.950404016699640586e-01
3.160535117056856436e+01 8.606786120388535896e-03 4.316414179843112708e-01 9.823661807284297387e-01 1.383484304152783895e-01 7.242770620189521447e-01
3.190635451505016817e+01 8.684976097213843380e-03 4.357508843979204238e-01 9.509577183635757880e-01 1.396657524471721645e-01 7.574677610999263067e-01
3.220735785953177555e+01 8.767422479619896292e-03 4.398603508115295768e-01 9.157345415667337285e-01 1.409830744790659673e-01 7.906878622513218158e-01
3.250836120401338292e+01 8.853525630932970042e-03 4.439698172251387298e-01 8.908407717867363740e-01 1.423003965109597702e-01 8.215612394945388530e-01
3.280936454849498318e+01 8.942255710089974316e-03 4.480792836387478828e-01 8.767082660520854054e-01 1.436177185428535730e-01 8.505669465012077879e-01
3.311036789297659055e+01 9.032363388731418433e-03 4.521887500523570358e-01 8.541269164333353814e-01 1.449350405747473758e-01 8.802447075640382756e-01
3.341137123745819792e+01 9.122604618547035943e-03 4.562982164659661888e-01 8.178270761017681911e-01 1.462523626066411508e-01 9.133078141476094203e-01
3.371237458193979819e+01 9.211946394336190808e-03 4.604076828795753418e-01 7.860232334712536906e-01 1.475696846385349537e-01 9.511438573465371693e-01
3.401337792642140556e+01 9.299725608722277451e-03 4.645171492931844948e-01 7.682169669880233309e-01 1.488870066704287565e-01 9.933891248391772955e-01
3.431438127090301293e+01 9.385740936496019676e-03 4.686266157067936478e-01 7.551907660190355642e-01 1.502043287023225593e-01 1.038291583236911730e+00
3.461538461538462030e+01 9.470266800927997289e-03 4.727360821204028007e-01 7.383506052378548956e-01 1.515216507342163621e-01 1.083551328064704444e+00
3.491638795986622057e+01 9.553987933473711419e-03 4.768455485340119537e-01 7.148471152464782596e-01 1.528389727661101372e-01 1.127827464072798769e+00
3.521739130434782794e+01 9.637862543042052810e-03 4.809550149476211067e-01 6.846913939094901869e-01 1.541562947980039400e-01 1.172445442324061560e+00
3.551839464882943531e+01 9.722931696895068324e-03 4.850644813612302597e-01 6.525141376082921330e-01 1.554736168298977428e-01 1.221429824146786247e+00
3.581939799331104268e+01 9.810101886472110885e-03 4.891739477748394127e-01 6.250633458108857399e-01 1.567909388617915456e-01 1.278740094161337382e+00
3.612040133779264295e+01 9.899935601962311926e-03 4.932834141884486212e-01 6.026779882140382849e-01 1.581082608936853484e-01 1.344717780323356537e+00
3.642140468227425032e+01 9.992488584784072619e-03 4.973928806020577742e-01 5.814404826634372858e-01 1.594255829255791235e-01 1.415166244481773861e+00
3.672240802675585769e+01 1.008722931520322948e-02 5.015023470156668717e-01 5.638652948530934461e-01 1.607429049574729263e-01 1.484042113496402582e+00
3.702341137123745796e+01 1.018306428770792728e-02 5.056118134292759692e-01 5.519972870891522998e-01 1.620602269893667291e-01 1.547608145357911580e+00
3.732441471571906533e+01 1.027847240499759479e-02 5.097212798428851777e-01 5.388395326722114076e-01 1.633775490212605319e-01 1.607260186576288552e+00
3.762541806020067270e+01 1.037172742991505046e-02 5.138307462564942751e-01 5.216584546022929869e-01 1.646948710531543347e-01 1.669271793829768091e+00
3.792642140468228007e+01 1.046116552791988979e-02 5.179402126701034836e-01 5.059147202356106821e-01 1.660121930850481098e-01 1.740953028936985447e+00
3.822742474916388034e+01 1.054544252646169057e-02 5.220496790837125811e-01 4.914247895510591158e-01 1.673295151169419126e-01 1.824899775070877750e+00
3.852842809364548771e+01 1.062372715377743818e-02 5.261591454973217896e-01 4.746613070257820199e-01 1.686468371488357154e-01 1.915683786598962657e+00
3.882943143812709508e+01 1.069579219319690723e-02 5.302686119109309981e-01 4.590995149463459879e-01 1.699641591807295182e-01 2.002803635161383156e+00
3.913043478260869534e+01 1.076199043117861444e-02 5.343780783245400956e-01 4.489619130987220208e-01 1.712814812126233210e-01 2.078278570356188570e+00
3.943143812709030271e+01 1.082312879991725353e-02 5.384875447381493041e-01 4.415211398217810945e-01 1.725988032445170961e-01 2.142238324170551156e+00
3.973244147157191009e+01 1.088027466921979124e-02 5.425970111517584016e-01 4.340122164601469268e-01 1.739161252764108989e-01 2.201800471268530401e+00
4.003344481605351746e+01 1.093453821763711899e-02 5.467064775653676101e-01 4.272645743638758264e-01 1.752334473083047017e-01 2.265396848095229565e+00
4.033444816053511772e+01 1.098687377808510966e-02 5.508159439789767076e-01 4.193094669943698283e-01 1.765507693401985045e-01 2.338269797498949920e+00
4.063545150501672509e+01 1.103793399307399087e-02 5.549254103925859161e-01 4.064359568815850698e-01 1.778680913720923074e-01 2.422052392386223385e+00
4.093645484949833246e+01 1.108799779590984372e-02 5.590348768061950135e-01 3.908890398324037507e-01 1.791854134039860824e-01 2.516785236371421153e+00
4.123745819397993273e+01 1.113697999816555019e-02 5.631443432198042220e-01 3.781144469439187694e-01 1.805027354358798852e-01 2.622247208733810453e+00
4.153846153846154010e+01 1.118451795380083665e-02 5.672538096334133195e-01 3.668581893136558802e-01 1.818200574677736880e-01 2.737532738885269712e+00
4.183946488294314747e+01 1.123011923440432949e-02 5.713632760470225280e-01 3.517274116318024890e-01 1.831373794996674909e-01 2.860458344924588836e+00
4.214046822742475484e+01 1.127334337531234881e-02 5.754727424606316255e-01 3.328061753840498294e-01 1.844547015315612937e-01 2.988449267383736618e+00
4.244147157190635511e+01 1.131398187011779452e-02 5.795822088742408340e-01 3.140969393103039686e-01 1.857720235634550687e-01 3.120242865503257246e+00
4.274247491638796248e+01 1.135219668567769534e-02 5.836916752878499315e-01 2.976342032957953188e-01 1.870893455953488715e-01 3.256383197167789234e+00
4.304347826086956985e+01 1.138858198032559159e-02 5.878011417014591400e-01 2.845413018669754601e-01 1.884066676272426744e-01 3.397766601665224595e+00
4.334448160535117722e+01 1.142412798134595855e-02 5.919106081150682375e-01 2.763649414221192591e-01 1.897239896591364772e-01 3.543614847094075149e+00
4.364548494983277749e+01 1.146008814267441070e-02 5.960200745286774460e-01 2.710210901177951270e-01 1.910413116910302800e-01 3.690930353640875072e+00
4.394648829431438486e+01 1.149777511853835449e-02 6.001295409422866545e-01 2.617172297982503504e-01 1.923586337229240550e-01 3.836202214757098883e+00
4.424749163879599223e+01 1.153833020583967806e-02 6.042390073558957519e-01 2.467916663690533363e-01 1.936759557548178579e-01 3.977937011064893724e+00
4.454849498327759250e+01 1.158251825084508253e-02 6.083484737695049605e-01 2.337953644239696982e-01 1.949932777867116607e-01 4.117621954079674573e+00
4.484949832775919987e+01 1.163059295959299570e-02 6.124579401831140579e-01 2.282559282706822790e-01 1.963105998186054635e-01 4.258404281041492823e+00
4.515050167224080724e+01 1.168225854232518394e-02 6.165674065967232664e-01 2.276557691215060353e-01 1.976279218504992663e-01 4.403301652355429141e+00
4.545150501672241461e+01 1.173672922154964104e-02 6.206768730103323639e-01 2.270129322496707847e-01 1.989452438823930414e-01 4.554754876219054616e+00
4.575250836120401488e+01 1.179286633347219858e-02 6.247863394239415724e-01 2.233966005666935539e-01 2.002625659142868442e-01 4.714972821117631163e+00
4.605351170568562225e+01 1.184935980845377816e-02 6.288958058375506699e-01 2.163574726091952172e-01 2.015798879461806470e-01 4.885634944748616704e+00
4.635451505016722962e+01 1.190491900052151851e-02 6.330052722511598784e-01 2.083357063006373855e-01 2.028972099780744498e-01 5.067150638828787024e+00
4.665551839464882988e+01 1.195844502553095393e-02 6.371147386647689759e-01 2.021588142205761607e-01 2.042145320099682526e-01 5.258576825554992062e+00
4.695652173913043725e+01 1.200916789866908647e-02 6.412242050783781844e-01 1.974246082512843559e-01 2.055318540418620277e-01 5.458291723239161009e+00
4.725752508361204463e+01 1.205674138079397724e-02 6.453336714919872819e-01 1.918687822512277485e-01 2.068491760737558305e-01 5.664921029007861542e+00
4.755852842809365200e+01 1.210129316505251240e-02 6.494431379055964904e-01 1.853839951657427765e-01 2.081664981056496333e-01 5.878175466340426425e+00
4.785953177257525226e+01 1.214342784945461433e-02 6.535526043192055878e-01 1.810046613550089500e-01 2.094838201375434361e-01 6.098847052665608004e+00
4.816053511705685963e+01 1.218417805652944642e-02 6.576620707328147963e-01 1.789287670853960677e-01 2.108011421694372389e-01 6.327384575676529010e+00
4.846153846153846700e+01 1.222489933416581048e-02 6.617715371464240048e-01 1.742929697349112628e-01 2.121184642013310140e-01 6.562183073626165708e+00
4.876254180602006727e+01 1.226711026890843145e-02 6.658810035600331023e-01 1.653513058028800997e-01 2.134357862332248168e-01 6.799444848417442344e+00
4.906354515050167464e+01 1.231229082226315691e-02 6.699904699736423108e-01 1.553780773338971632e-01 2.147531082651186196e-01 7.034792952175727088e+00
4.936454849498328201e+01 1.236166614237250820e-02 6.740999363872514083e-01 1.463346642986420032e-01 2.160704302970124224e-01 7.265205386582754166e+00
4.966555183946488938e+01 1.241601461081092914e-02 6.782094028008606168e-01 1.373035491019221344e-01 2.173877523289061975e-01 7.489918737376912716e+00
4.996655518394648965e+01 1.247554217508243385e-02 6.823188692144697143e-01 1.285364708506006592e-01 2.187050743608000003e-01 7.709826917667552237e+00
5.026755852842809702e+01 1.253985686969057677e-02 6.864283356280789228e-01 1.229441337937376144e-01 2.200223963926938031e-01 7.926085850693411317e+00
5.056856187290970439e+01 1.260805840354388072e-02 6.905378020416880203e-01 1.203570361006492812e-01 2.213397184245876059e-01 8.139494351942490269e+00
5.086956521739130466e+01 1.267893222903541776e-02 6.946472684552972288e-01 1.172753183219832351e-01 2.226570404564814087e-01 8.351253153361998471e+00
5.117056856187291203e+01 1.275121257342986050e-02 6.987567348689063262e-01 1.122659970714151856e-01 2.239743624883751838e-01 8.563686355134519701e+00
5.147157190635451940e+01 1.282386171094418090e-02 7.028662012825155347e-01 1.060338979558500677e-01 2.252916845202689866e-01 8.779222871555099061e+00
5.177257525083612677e+01 1.289630834050555647e-02 7.069756676961246322e-01 1.004106884533101790e-01 2.266090065521627894e-01 8.997948173894238622e+00
5.207357859531772704e+01 1.296859756147252137e-02 7.110851341097338407e-01 9.679452651738551516e-02 2.279263285840565922e-01 9.216185100193518664e+00
5.237458193979933441e+01 1.304142569511905839e-02 7.151946005233429382e-01 9.452810768112351880e-02 2.292436506159503951e-01 9.428283194812987489e+00
5.267558528428094178e+01 1.311605905244879813e-02 7.193040669369521467e-01 9.243405442072676059e-02 2.305609726478441701e-01 9.630346513124569796e+00
5.297658862876254204e+01 1.319415960750922219e-02 7.234135333505613552e-01 8.911166384646554417e-02 2.318782946797379729e-01 9.821647223634904833e+00
5.327759197324414941e+01 1.327755654649035062e-02 7.275229997641704527e-01 8.349141011559568781e-02 2.331956167116317757e-01 1.000206567836895033e+01
5.357859531772575679e+01 1.336800789146722415e-02 7.316324661777796612e-01 7.683963760891986128e-02 2.345129387435255786e-01 1.016960069512885312e+01
5.387959866220736416e+01 1.346699130555148796e-02 7.357419325913887587e-01 7.190869185180186196e-02 2.358302607754193814e-01 1.032174159123149693e+01
5.418060200668896442e+01 1.357555086716382906e-02 7.398513990049979672e-01 6.931554482572233056e-02 2.371475828073131564e-01 1.045764330523412866e+01
5.448160535117057179e+01 1.369421127714227394e-02 7.439608654186070646e-01 6.709861475166677136e-02 2.384649048392069592e-01 1.057612352341234896e+01
5.478260869565217916e+01 1.382295651010189558e-02 7.480703318322162731e-01 6.471130829678164997e-02 2.397822268711007621e-01 1.067221097198975421e+01
5.508361204013378654e+01 1.396125903261381633e-02 7.521797982458253706e-01 6.282631142818903558e-02 2.410995489029945649e-01 1.073962389047711419e+01
5.538461538461538680e+01 1.410813981379942933e-02 7.562892646594345791e-01 6.103864670895339101e-02 2.424168709348883677e-01 1.077829591550908184e+01
5.568561872909699417e+01 1.426223894596556456e-02 7.603987310730436766e-01 5.947297482883433933e-02 2.437341929667821427e-01 1.079680553638723417e+01
5.598662207357860154e+01 1.442188156570578181e-02 7.645081974866528851e-01 5.879791998468890390e-02 2.450515149986759456e-01 1.080519841239410894e+01
5.628762541806020181e+01 1.458513285323662263e-02 7.686176639002619826e-01 5.869427853696063124e-02 2.463688370305697484e-01 1.080689232901886143e+01
5.658862876254180918e+01 1.474984692561297911e-02 7.727271303138711911e-01 5.887016091913226112e-02 2.476861590624635512e-01 1.079934286396629517e+01
5.688963210702341655e+01 1.491372395997475099e-02 7.768365967274802886e-01 5.915712575407693075e-02 2.490034810943573540e-01 1.078123260675447348e+01
5.719063545150502392e+01 1.507439398338871785e-02 7.809460631410894971e-01 5.817351457914995971e-02 2.503208031262511568e-01 1.075649415028331113e+01
5.749163879598662419e+01 1.522954161063479715e-02 7.850555295546985946e-01 5.492301051748119806e-02 2.516381251581449319e-01 1.073021219977391993e+01
5.779264214046823156e+01 1.537707343587080104e-02 7.891649959683078031e-01 5.103701047491444182e-02 2.529554471900387069e-01 1.070036385645336985e+01
5.809364548494983893e+01 1.551531208029350781e-02 7.932744623819170116e-01 4.857386295793646169e-02 2.542727692219325375e-01 1.065408408759393488e+01
5.839464882943143920e+01 1.564318411743641918e-02 7.973839287955261090e-01 4.749232033297049599e-02 2.555900912538263126e-01 1.057432842812849749e+01
5.869565217391304657e+01 1.576035992377660191e-02 8.014933952091353175e-01 4.705297635727630212e-02 2.569074132857201431e-01 1.045324258845020537e+01
5.899665551839465394e+01 1.586730652452533405e-02 8.056028616227444150e-01 4.613823105740031544e-02 2.582247353176139182e-01 1.030037071605892507e+01
5.929765886287626131e+01 1.596523013880043335e-02 8.097123280363536235e-01 4.339827778574091577e-02 2.595420573495076932e-01 1.013669869598237128e+01
5.959866220735786158e+01 1.605590919692918492e-02 8.138217944499627210e-01 3.983685037476111107e-02 2.608593793814015238e-01 9.978467578809395278e+00
5.989966555183946895e+01 1.614144383077959974e-02 8.179312608635719295e-01 3.796518108680636133e-02 2.621767014132952989e-01 9.825443499917678736e+00
6.020066889632107632e+01 1.622396662451022764e-02 8.220407272771810270e-01 3.847168534580442528e-02 2.634940234451891294e-01 9.664685988409836170e+00
6.050167224080267658e+01 1.630536664338200215e-02 8.261501936907902355e-01 3.950536257855194466e-02 2.648113454770829045e-01 9.484619616657962382e+00
6.080267558528428395e+01 1.638707344571102564e-02 8.302596601043993330e-01 3.795873512072123895e-02 2.661286675089766796e-01 9.283591002424168792e+00
6.110367892976589133e+01 1.646993291258649558e-02 8.343691265180085415e-01 3.341290425305772777e-02 2.674459895408705101e-01 9.065570297106500419e+00
6.140468227424749870e+01 1.655418753686784331e-02 8.384785929316176389e-01 2.965470455536553876e-02 2.687633115727642852e-01 8.831684706871882895e+00
6.170568561872909896e+01 1.663955543610677254e-02 8.425880593452268474e-01 2.913471482175837915e-02 2.700806336046581158e-01 8.578916684300347484e+00
6.200668896321070633e+01 1.672538802057936883e-02 8.466975257588359449e-01 2.967429735676115066e-02 2.713979556365518908e-01 8.306072101691436060e+00
6.230769230769231370e+01 1.681087678065516441e-02 8.508069921724451534e-01 2.858249415768971194e-02 2.727152776684456659e-01 8.018894862072459162e+00
6.260869565217392108e+01 1.689527434510062348e-02 8.549164585860542509e-01 2.608944240889059935e-02 2.740325997003394964e-01 7.728886615880585786e+00
6.290969899665552134e+01 1.697809307542125570e-02 8.590259249996634594e-01 2.349428000766490623e-02 2.753499217322332715e-01 7.447079753559006754e+00
6.321070234113712871e+01 1.705924637630636467e-02 8.631353914132726679e-01 2.129911373107684289e-02 2.766672437641271021e-01 7.178117216007821710e+00
6.351170568561873608e+01 1.713910503704661054e-02 8.672448578268817654e-01 1.940684093781109426e-02 2.779845657960208771e-01 6.920089086192793282e+00
6.381270903010033635e+01 1.721845446218146433e-02 8.713543242404909739e-01 1.761770019749702224e-02 2.793018878279146522e-01 6.670358504817994749e+00
6.411371237458195083e+01 1.729835785146643587e-02 8.754637906541000714e-01 1.629492734763483483e-02 2.806192098598084828e-01 6.430322374944849706e+00
6.441471571906355109e+01 1.737995157618485442e-02 8.795732570677092799e-01 1.643316734649913693e-02 2.819365318917022578e-01 6.202488956680601184e+00
6.471571906354515136e+01 1.746421617339878607e-02 8.836827234813183773e-01 1.824019721252725587e-02 2.832538539235960884e-01 5.983059588432938725e+00
6.501672240802676583e+01 1.755177339925928157e-02 8.877921898949275858e-01 2.047025055090693699e-02 2.845711759554898634e-01 5.759641124432381964e+00
6.531772575250836610e+01 1.764275316552383829e-02 8.919016563085366833e-01 2.202183742288235310e-02 2.858884979873836385e-01 5.518041677328187511e+00
6.561872909698996637e+01 1.773675510876683223e-02 8.960111227221458918e-01 2.262123724777920578e-02 2.872058200192774691e-01 5.252136700793111679e+00
6.591973244147158084e+01 1.783290389733737172e-02 9.001205891357549893e-01 2.185071988687515426e-02 2.885231420511712441e-01 4.968086435736282169e+00
6.622073578595318111e+01 1.792997366086176991e-02 9.042300555493641978e-01 1.986521579563469558e-02 2.898404640830650747e-01 4.679838356065342708e+00
6.652173913043478137e+01 1.802654286716178292e-02 9.083395219629732953e-01 1.815268737701162052e-02 2.911577861149588498e-01 4.400189435512937841e+00
6.682274247491639585e+01 1.812114047165458777e-02 9.124489883765825038e-01 1.735739298869835509e-02 2.924751081468526248e-01 4.134564125324784456e+00
6.712374581939799612e+01 1.821235590581641792e-02 9.165584547901916013e-01 1.660679988709692564e-02 2.937924301787464554e-01 3.881462004274869315e+00
6.742474916387959638e+01 1.829890379744914322e-02 9.206679212038008098e-01 1.568516772009443186e-02 2.951097522106402304e-01 3.637705596690158139e+00
6.772575250836121086e+01 1.837965184633010701e-02 9.247773876174100183e-01 1.483790087770229214e-02 2.964270742425340610e-01 3.403372786431238417e+00
6.802675585284281112e+01 1.845363095882065346e-02 9.288868540310191158e-01 1.363207442419496485e-02 2.977443962744278361e-01 3.182592805730237728e+00
6.832775919732442560e+01 1.852004794906672927e-02 9.329963204446283243e-01 1.192337343697854636e-02 2.990617183063216111e-01 2.980169218246149221e+00
6.862876254180602587e+01 1.857831404119925783e-02 9.371057868582374217e-01 1.047260268228307478e-02 3.003790403382154417e-01 2.797044105607855435e+00
6.892976588628762613e+01 1.862809089259243392e-02 9.412152532718466302e-01 9.547106045568718585e-03 3.016963623701092168e-01 2.628029245082807996e+00
6.923076923076924061e+01 1.866934444766044435e-02 9.453247196854557277e-01 8.670077059865227351e-03 3.030136844020030473e-01 2.463482833679821571e+00
6.953177257525084087e+01 1.870238920957583220e-02 9.494341860990649362e-01 8.007293855811116814e-03 3.043310064338968224e-01 2.294309282448208975e+00
6.983277591973244114e+01 1.872790332536472882e-02 9.535436525126740337e-01 8.054352071627400925e-03 3.056483284657905974e-01 2.117491737746141300e+00
7.013377926421405562e+01 1.874689842594180408e-02 9.576531189262832422e-01 8.659319868276237758e-03 3.069656504976844280e-01 1.938183104631236775e+00
7.043478260869565588e+01 1.876063655774707142e-02 9.617625853398923397e-01 9.257200971377187171e-03 3.082829725295782031e-01 1.766294431309778146e+00
7.073578595317725615e+01 1.877049823154518932e-02 9.658720517535015482e-01 9.137459363812215282e-03 3.096002945614720336e-01 1.610195984777345268e+00
7.103678929765887062e+01 1.877781847047376579e-02 9.699815181671106457e-01 7.927640223133967587e-03 3.109176165933658087e-01 1.472728823552128530e+00
7.133779264214047089e+01 1.878371901468820979e-02 9.740909845807198542e-01 6.349450120100278219e-03 3.122349386252595838e-01 1.351896433723426494e+00
7.163879598662208537e+01 1.878897137201309894e-02 9.782004509943289516e-01 5.340724316029996262e-03 3.135522606571534143e-01 1.243933716164197234e+00
7.193979933110368563e+01 1.879392435794402863e-02 9.823099174079381601e-01 5.065050348223455907e-03 3.148695826890471894e-01 1.145399424406073008e+00
7.224080267558528590e+01 1.879851976848956330e-02 9.864193838215473686e-01 5.311926292041213929e-03 3.161869047209410200e-01 1.053472432251326918e+00
7.254180602006690037e+01 1.880240195273606696e-02 9.905288502351564661e-01 5.570117118415320381e-03 3.175042267528347950e-01 9.657480823003332659e-01
7.284280936454850064e+01 1.880510505913423128e-02 9.946383166487656746e-01 5.476202426203818224e-03 3.188215487847285701e-01 8.805813153129549153e-01
7.314381270903010090e+01 1.880628121516430759e-02 9.987477830623747721e-01 5.258252793747062587e-03 3.201388708166224006e-01 7.976734199660564517e-01
7.344481605351171538e+01 1.880591959143769823e-02 1.002857249475983981e+00 5.185136520947022411e-03 3.214561928485161757e-01 7.180004246874186480e-01
7.374581939799331565e+01 1.880450418867065862e-02 1.006966715889593189e+00 5.314094713237896804e-03 3.227735148804100063e-01 6.429376666185485645e-01
7.404682274247491591e+01 1.880306826735799255e-02 1.011076182303202176e+00 5.345030992107657059e-03 3.240908369123037813e-01 5.734891738927572202e-01
7.434782608695653039e+01 1.880312344535796029e-02 1.015185648716811384e+00 4.801731238969917694e-03 3.254081589441975564e-01 5.103777985433280984e-01
7.464882943143813065e+01 1.880646712226471604e-02 1.019295115130420593e+00 3.801486823748771639e-03 3.267254809760913870e-01 4.545214918770561496e-01
7.494983277591973092e+01 1.881489760489990157e-02 1.023404581544029801e+00 2.929697540954832782e-03 3.280428030079851620e-01 4.068123578220198544e-01
7.525083612040134540e+01 1.882988702245939200e-02 1.027514047957638788e+00 2.423645965078004803e-03 3.293601250398789926e-01 3.670410636783371094e-01
7.555183946488294566e+01 1.885227397954699832e-02 1.031623514371247996e+00 2.181328476176606131e-03 3.306774470717727676e-01 3.331408982726725698e-01
7.585284280936456014e+01 1.888203864253800573e-02 1.035732980784857205e+00 2.109028761579765168e-03 3.319947691036665427e-01 3.019082421776256298e-01
7.615384615384616041e+01 1.891821198437490179e-02 1.039842447198466413e+00 2.130571600356413828e-03 3.333120911355603733e-01 2.708289363005933481e-01
7.645484949832776067e+01 1.895894926281203527e-02 1.043951913612075399e+00 2.125826659498275366e-03 3.346294131674541483e-01 2.393844066274070093e-01
7.675585284280937515e+01 1.900176820028055130e-02 1.048061380025684608e+00 2.082823912204248475e-03 3.359467351993479789e-01 2.087636319462807810e-01
7.705685618729097541e+01 1.904391921174286226e-02 1.052170846439293816e+00 2.035522045708789297e-03 3.372640572312417540e-01 1.805317110674156955e-01
7.735785953177257568e+01 1.908282437165365747e-02 1.056280312852903025e+00 1.823648872523672866e-03 3.385813792631355290e-01 1.555621754872806017e-01
7.765886287625419016e+01 1.911650049985072139e-02 1.060389779266512233e+00 1.374197527350699746e-03 3.398987012950293596e-01 1.338813421946530857e-01
7.795986622073579042e+01 1.914387627358970362e-02 1.064499245680121220e+00 8.885557141251581702e-04 3.412160233269231346e-01 1.151306098936173417e-01
7.826086956521739069e+01 1.916492790153457096e-02 1.068608712093730428e+00 5.640848519681117973e-04 3.425333453588169652e-01 9.904701248140092285e-02
7.856187290969900516e+01 1.918059265821659559e-02 1.072718178507339637e+00 4.782304765368636332e-04 3.438506673907107403e-01 8.557910945708002703e-02
7.886287625418060543e+01 1.919246890866967842e-02 1.076827644920948845e+00 5.617319670654046361e-04 3.451679894226045153e-01 7.463005759654821325e-02
7.916387959866221991e+01 1.920236414208549222e-02 1.080937111334557832e+00 6.438578249498742119e-04 3.464853114544983459e-01 6.575450180404787681e-02
7.946488294314382017e+01 1.921179476353655421e-02 1.085046577748167040e+00 6.829352133206534250e-04 3.478026334863921210e-01 5.817879166979807865e-02
7.976588628762542044e+01 1.922155962994520281e-02 1.089156044161776249e+00 8.081739041101694641e-04 3.491199555182859515e-01 5.116588944791797960e-02
8.006688963210703491e+01 1.923149583742904054e-02 1.093265510575385457e+00 1.009673056787589816e-03 3.504372775501797266e-01 4.437217804577532621e-02
8.036789297658863518e+01 1.924048147055622271e-02 1.097374976988994444e+00 1.082539399045130257e-03 3.517545995820735016e-01 3.787357776310343316e-02
8.066889632107023544e+01 1.924668701325138107e-02 1.101484443402603652e+00 9.736286455659049150e-04 3.530719216139673322e-01 3.190364141320024827e-02
8.096989966555184992e+01 1.924801268978662203e-02 1.105593909816212861e+00 7.666885474447003189e-04 3.543892436458611073e-01 2.660664595017711576e-02
8.127090301003345019e+01 1.924260188900811866e-02 1.109703376229822069e+00 4.978579420376267120e-04 3.557065656777549378e-01 2.201100962854439166e-02
8.157190635451505045e+01 1.922930437593403652e-02 1.113812842643431056e+00 2.555028911353828870e-04 3.570238877096487129e-01 1.814582026920902660e-02
8.187290969899666493e+01 1.920798077341862031e-02 1.117922309057040264e+00 1.634773072741456152e-04 3.583412097415424880e-01 1.509249736120431805e-02
8.217391304347826519e+01 1.917958480825197876e-02 1.122031775470649473e+00 2.338703597058684530e-04 3.596585317734363185e-01 1.288926265197989224e-02
8.247491638795986546e+01 1.914601751603027535e-02 1.126141241884258681e+00 3.685348356627344917e-04 3.609758538053300936e-01 1.139605211759306923e-02
8.277591973244147994e+01 1.910980124115947698e-02 1.130250708297867890e+00 4.419752838071902014e-04 3.622931758372239242e-01 1.028135181481996778e-02
8.307692307692308020e+01 1.907365735612976884e-02 1.134360174711476876e+00 3.693486308944585574e-04 3.636104978691176992e-01 9.183860568837741087e-03
8.337792642140469468e+01 1.904008347272356447e-02 1.138469641125086085e+00 1.997986132078433087e-04 3.649278199010114743e-01 7.923503664964019755e-03
8.367892976588629494e+01 1.901101439171634308e-02 1.142579107538695293e+00 6.643299027002473036e-05 3.662451419329053048e-01 6.561475191932721225e-03
8.397993311036789521e+01 1.898762279001732500e-02 1.146688573952304502e+00 1.345671132158303918e-05 3.675624639647990799e-01 5.262058060303880826e-03
8.428093645484950969e+01 1.897028003404547039e-02 1.150798040365913488e+00 4.278864793593506984e-06 3.688797859966929105e-01 4.128619201461848111e-03
8.458193979933110995e+01 1.895866354172849599e-02 1.154907506779522697e+00 1.756220091243417987e-05 3.701971080285866855e-01 3.179700067358864294e-03
8.488294314381271022e+01 1.895197135003075586e-02 1.159016973193131905e+00 6.493322950836078540e-05 3.715144300604804606e-01 2.422116784989711454e-03
8.518394648829432469e+01 1.894919026013503274e-02 1.163126439606741114e+00 1.404367813746546444e-04 3.728317520923742912e-01 1.875800887786146631e-03
8.548494983277592496e+01 1.894936136478836755e-02 1.167235906020350100e+00 1.781897392048649193e-04 3.741490741242680662e-01 1.524152201508122877e-03
8.578595317725752523e+01 1.895179396605791572e-02 1.171345372433959309e+00 1.448532528706666705e-04 3.754663961561618968e-01 1.289729176771454121e-03
8.608695652173913970e+01 1.895619280220810915e-02 1.175454838847568517e+00 1.300669717919172798e-04 3.767837181880556718e-01 1.088923766832200707e-03
8.638795986622073997e+01 1.896268089161521828e-02 1.179564305261177726e+00 2.191499434953502596e-04 3.781010402199494469e-01 8.981216717737580289e-04
8.668896321070235444e+01 1.897171842705473385e-02 1.183673771674786712e+00 3.332574317112032419e-04 3.794183622518432775e-01 7.498670873563257136e-04
8.698996655518395471e+01 1.898393499709078586e-02 1.187783238088395921e+00 3.164071431825623724e-04 3.807356842837370525e-01 6.722444276874418954e-04
8.729096989966555498e+01 1.899990652152818565e-02 1.191892704502005129e+00 1.791191717218817948e-04 3.820530063156308831e-01 6.464842278810217909e-04
8.759197324414716945e+01 1.901991839388639596e-02 1.196002170915614338e+00 6.257438891101365101e-05 3.833703283475246582e-01 6.207013557391281291e-04
8.789297658862876972e+01 1.904376101197296708e-02 1.200111637329223546e+00 2.902110746314619569e-05 3.846876503794184332e-01 5.524098393177973541e-04
8.819397993311036998e+01 1.907060163252102120e-02 1.204221103742832533e+00 6.557679702959742893e-05 3.860049724113122638e-01 4.359739383604890645e-04
8.849498327759198446e+01 1.909896622104782782e-02 1.208330570156441741e+00 1.396108768960017477e-04 3.873222944432060388e-01 2.982798559598281714e-04
8.879598662207358473e+01 1.912684687680832676e-02 1.212440036570050950e+00 1.761582572057289540e-04 3.886396164750998694e-01 1.746463617757225059e-04
8.909698996655518499e+01 1.915192670673288022e-02 1.216549502983660158e+00 1.292060597349914311e-04 3.899569385069936445e-01 8.674963823514425163e-05
8.939799331103679947e+01 1.917188906407360158e-02 1.220658969397269145e+00 5.505409016238163491e-05 3.912742605388874195e-01 3.631559970693997157e-05
8.969899665551839973e+01 1.918475760856502149e-02 1.224768435810878353e+00 1.362744719184654330e-05 3.925915825707812501e-01 1.274855181752196142e-05
9.000000000000000000e+01 1.918920327924281827e-02 1.228877902224487562e+00 1.959554550563261169e-06 3.939089046026750252e-01 3.738952919379188387e-06
