0.000000000000000000e+00 2.792325601129418529e-08 2.766565163298306818e-01 4.975995761673686871e-07 7.585774669429316830e-02 1.304416233988888172e-06
3.010033444816053727e-01 3.334720112517710509e-08 2.859764717774850862e-01 1.235637006369342851e-06 8.038541677057210733e-02 4.266162944805553915e-06
6.020066889632107454e-01 5.049429374352061043e-08 2.952964272251395461e-01 2.829457436327936372e-06 8.491308684685104635e-02 1.164595976436900749e-05
9.030100334448161181e-01 8.181847571745292156e-08 3.046163826727939505e-01 6.006018996424056511e-06 8.944075692312998538e-02 2.653565020311055960e-05
1.204013377926421491e+00 1.308278892242035923e-07 3.139363381204484105e-01 1.189583867536437610e-05 9.396842699940892440e-02 5.046622088025470713e-05
1.505016722408026864e+00 2.012078736282483340e-07 3.232562935681028149e-01 2.215357023699185185e-05 9.849609707568786343e-02 8.011031483361839432e-05
1.806020066889632236e+00 2.956653554254459997e-07 3.325762490157572748e-01 3.909879074923345091e-05 1.030237671519667886e-01 1.061433306818473053e-04
2.107023411371237387e+00 4.147004002758980030e-07 3.418962044634116793e-01 6.584742851107834095e-05 1.075514372282457276e-01 1.173853087638532320e-04
2.408026755852842982e+00 5.556414077469685906e-07 3.512161599110661392e-01 1.062960553084397807e-04 1.120791073045246666e-01 1.083559997601376749e-04
2.709030100334448576e+00 7.123193088152852984e-07 3.605361153587205436e-01 1.647015839855195906e-04 1.166067773808036057e-01 8.348805165080048260e-05
3.010033444816053727e+00 8.756312948447904759e-07 3.698560708063750035e-01 2.446448140676618296e-04 1.211344474570825447e-01 5.371124551465223626e-05
3.311036789297658878e+00 1.034960513640598583e-06 3.791760262540294080e-01 3.475399689385091332e-04 1.256621175333614837e-01 2.894171566110704906e-05
3.612040133779264472e+00 1.180081537996059904e-06 3.884959817016838679e-01 4.714418776511915374e-04 1.301897876096404227e-01 1.345693903502525270e-05
3.913043478260870067e+00 1.302963470849743773e-06 3.978159371493382723e-01 6.112121021347549470e-04 1.347174576859193618e-01 6.836640691250905788e-06
4.214046822742474774e+00 1.398922758355295204e-06 4.071358925969926768e-01 7.605870261749514893e-04 1.392451277621983008e-01 7.676476974554996967e-06
4.515050167224080369e+00 1.466882803471686887e-06 4.164558480446471367e-01 9.153851947153175510e-04 1.437727978384772398e-01 1.621070774945919998e-05
4.816053511705685963e+00 1.508910022069222289e-06 4.257758034923015966e-01 1.075925909242689965e-03 1.483004679147561788e-01 3.393693621018748749e-05
5.117056856187291558e+00 1.529473771887559839e-06 4.350957589399560010e-01 1.246909808961906615e-03 1.528281379910351179e-01 6.048272722692601852e-05
5.418060200668897153e+00 1.534846352207886990e-06 4.444157143876104055e-01 1.434818769651001165e-03 1.573558080673140569e-01 9.015491554552829752e-05
5.719063545150501859e+00 1.532739794084667183e-06 4.537356698352648654e-01 1.645100251759289449e-03 1.618834781435929959e-01 1.121899295771970026e-04
6.020066889632107454e+00 1.531888738046088455e-06 4.630556252829193253e-01 1.882142443994732099e-03 1.664111482198719350e-01 1.165316967074641675e-04
6.321070234113713049e+00 1.541118042199817577e-06 4.723755807305737298e-01 2.153507381238662418e-03 1.709388182961508740e-01 1.010303352147072021e-04
6.622073578595317755e+00 1.567638491717367032e-06 4.816955361782281342e-01 2.477137121587640045e-03 1.754664883724298130e-01 7.310990433738093468e-05
6.923076923076923350e+00 1.614810711659808785e-06 4.910154916258825941e-01 2.888283673090278128e-03 1.799941584487087520e-01 4.415880130724615578e-05
7.224080267558528945e+00 1.680121603803032051e-06 5.003354470735370541e-01 3.442941596748692271e-03 1.845218285249876633e-01 2.226258250888528216e-05
7.525083612040134540e+00 1.754315633786059641e-06 5.096554025211914585e-01 4.216241081816242929e-03 1.890494986012666301e-01 9.368367093429949598e-06
7.826086956521740134e+00 1.822361695057248391e-06 5.189753579688458629e-01 5.296408900995637319e-03 1.935771686775455414e-01 3.292840213325123560e-06
8.127090301003345729e+00 1.866309662744827972e-06 5.282953134165002673e-01 6.776569693491179928e-03 1.981048387538245081e-01 9.810458886592491570e-07
8.428093645484949548e+00 1.869382344105120555e-06 5.376152688641546717e-01 8.747459499517955608e-03 2.026325088301034194e-01 3.260984487455705995e-07
8.729096989966555142e+00 1.820173381784579999e-06 5.469352243118091872e-01 1.129399839961861204e-02 2.071601789063823862e-01 4.599166150628414881e-07
9.030100334448160737e+00 1.715771662689575727e-06 5.562551797594635916e-01 1.449765463065641122e-02 2.116878489826612975e-01 1.579074796923577301e-06
9.331103678929766332e+00 1.563003692088943494e-06 5.655751352071181071e-01 1.844477131091602079e-02 2.162155190589402642e-01 5.003806249171609262e-06
9.632107023411371927e+00 1.377605593240791787e-06 5.748950906547725115e-01 2.323894077266045258e-02 2.207431891352191755e-01 1.329788350923719250e-05
9.933110367892977521e+00 1.181762114643675644e-06 5.842150461024269159e-01 2.901396271761183879e-02 2.252708592114981423e-01 2.950351784317487092e-05
1.023411371237458312e+01 1.000871214797267642e-06 5.935350015500813203e-01 3.594390253057776208e-02 2.297985292877770536e-01 5.463687370590434753e-05
1.053511705685618871e+01 8.605050480494948388e-07 6.028549569977357248e-01 4.424843704730763855e-02 2.343261993640560203e-01 8.445294884067552834e-05
1.083612040133779431e+01 7.843604670064095153e-07 6.121749124453901292e-01 5.419384260863131103e-02 2.388538694403349316e-01 1.089586094976397325e-04
1.113712374581939812e+01 7.936334900163446133e-07 6.214948678930445336e-01 6.609119641880897844e-02 2.433815395166138984e-01 1.173366303812603371e-04
1.143812709030100372e+01 9.078493957973255025e-07 6.308148233406990490e-01 8.029354809102341728e-02 2.479092095928928097e-01 1.054845317932230728e-04
1.173913043478260931e+01 1.146840997154321920e-06 6.401347787883534535e-01 9.719391890071611695e-02 2.524368796691717765e-01 7.924437289345143002e-05
1.204013377926421491e+01 1.533349877437733901e-06 6.494547342360079689e-01 1.172259374019408162e-01 2.569645497454506877e-01 5.013422594995656467e-05
1.234113712374582050e+01 2.095656309770322591e-06 6.587746896836623733e-01 1.408672997266484372e-01 2.614922198217296545e-01 2.826260146715468491e-05
1.264214046822742610e+01 2.869750624016044993e-06 6.680946451313167778e-01 1.686425786949474481e-01 2.660198898980085658e-01 1.929173429714656094e-05
1.294314381270903169e+01 3.900863850695650525e-06 6.774146005789711822e-01 2.011178527051679099e-01 2.705475599742875326e-01 2.685902479192683751e-05
1.324414715719063551e+01 5.244635414080177252e-06 6.867345560266255866e-01 2.388767661304332934e-01 2.750752300505664438e-01 5.597962859894084432e-05
1.354515050167224111e+01 6.968632649760327934e-06 6.960545114742799910e-01 2.824660890023167337e-01 2.796029001268454106e-01 1.123929062266970679e-04
1.384615384615384670e+01 9.155047719057331004e-06 7.053744669219345065e-01 3.323004376685744221e-01 2.841305702031243219e-01 1.973505831359398171e-04
1.414715719063545230e+01 1.190490215033823519e-05 7.146944223695889109e-01 3.885263691706112854e-01 2.886582402794032887e-01 3.034386497206718533e-04
1.444816053511705789e+01 1.534297251461021051e-05 7.240143778172433153e-01 4.508689933000444294e-01 2.931859103556821999e-01 4.190163994795727135e-04
1.474916387959866348e+01 1.962133137765844474e-05 7.333343332648978308e-01 5.185104956193082870e-01 2.977135804319611112e-01 5.419523110517047429e-04
1.505016722408026908e+01 2.491864020096935624e-05 7.426542887125522352e-01 5.900595067203959765e-01 3.022412505082400780e-01 6.908344624936598854e-04
1.535117056856187467e+01 3.143285028567808901e-05 7.519742441602066396e-01 6.636486772323507699e-01 3.067689205845189893e-01 8.962364454078101516e-04
1.565217391304348027e+01 3.936691300739934070e-05 7.612941996078610440e-01 7.371506769830720174e-01 3.112965906607979560e-01 1.168069488844474977e-03
1.595317725752508409e+01 4.890977509396067583e-05 7.706141550555154485e-01 8.084518786755992004e-01 3.158242607370768673e-01 1.464315468560853416e-03
1.625418060200669146e+01 6.021705577525914298e-05 7.799341105031699639e-01 8.756915985203872488e-01 3.203519308133558341e-01 1.701806854902480773e-03
1.655518394648829528e+01 7.339626921294609802e-05 7.892540659508243683e-01 9.373800091348313268e-01 3.248796008896347454e-01 1.816985698572753591e-03
1.685618729096989910e+01 8.850016984343197167e-05 7.985740213984787728e-01 9.923585107760313218e-01 3.294072709659137121e-01 1.823517513745074019e-03
1.715719063545150647e+01 1.055298843138820214e-04 8.078939768461331772e-01 1.039652528997563330e+00 3.339349410421926789e-01 1.802025732645768340e-03
1.745819397993311028e+01 1.244485471928258931e-04 8.172139322937876926e-01 1.078345312140740919e+00 3.384626111184715902e-01 1.826584765015350350e-03
1.775919732441471766e+01 1.452068734703556338e-04 8.265338877414420971e-01 1.107608128623907229e+00 3.429902811947505570e-01 1.902653403802383918e-03
1.806020066889632147e+01 1.677832883029718443e-04 8.358538431890965015e-01 1.126924331095343401e+00 3.475179512710294683e-01 1.974947037633656508e-03
1.836120401337792885e+01 1.922402221660985495e-04 8.451737986367509059e-01 1.136391391109470517e+00 3.520456213473084350e-01 1.988981128085897700e-03
1.866220735785953266e+01 2.187927205152254606e-04 8.544937540844054213e-01 1.136891814988887361e+00 3.565732914235873463e-01 1.944469402075123081e-03
1.896321070234114003e+01 2.478760534459333443e-04 8.638137095320598258e-01 1.129980075190922140e+00 3.611009614998663131e-01 1.893449293200304921e-03
1.926421404682274385e+01 2.801895545473307141e-04 8.731336649797142302e-01 1.117511725126862032e+00 3.656286315761452244e-01 1.885781058015042425e-03
1.956521739130434767e+01 3.166905044597589643e-04 8.824536204273686346e-01 1.101209600256638943e+00 3.701563016524241356e-01 1.915864776412338263e-03
1.986622073578595504e+01 3.585191996011693203e-04 8.917735758750230390e-01 1.082392127712993979e+00 3.746839717287031024e-01 1.932069369657784218e-03
2.016722408026755886e+01 4.068545852101886355e-04 9.010935313226775545e-01 1.061966045660109659e+00 3.792116418049820137e-01 1.907917035032283791e-03
2.046822742474916623e+01 4.627236662374112222e-04 9.104134867703319589e-01 1.040613776147629288e+00 3.837393118812609805e-01 1.899406773850135415e-03
2.076923076923077005e+01 5.268084385322887447e-04 9.197334422179863633e-01 1.019008565683064971e+00 3.882669819575398917e-01 2.019400648310243351e-03
2.107023411371237742e+01 5.993025880207315153e-04 9.290533976656407678e-01 9.979154720464166184e-01 3.927946520338188585e-01 2.345013842674449709e-03
2.137123745819398124e+01 6.798618903954850188e-04 9.383733531132952832e-01 9.781377207589752043e-01 3.973223221100977698e-01 2.839302270060127618e-03
2.167224080267558861e+01 7.676683893390449410e-04 9.476933085609496876e-01 9.603652680758264504e-01 4.018499921863767366e-01 3.353564935697460336e-03
2.197324414715719243e+01 8.615963304381020742e-04 9.570132640086040920e-01 9.450232269827211207e-01 4.063776622626556478e-01 3.711341710922265013e-03
2.227424749163879625e+01 9.604385814434551055e-04 9.663332194562584965e-01 9.321987011733032791e-01 4.109053323389346146e-01 3.815135746002674012e-03
2.257525083612040362e+01 1.063136907669947348e-03 9.756531749039130119e-01 9.216736048980505025e-01 4.154330024152135259e-01 3.699471303532575125e-03
2.287625418060200744e+01 1.168964335892346907e-03 9.849731303515674163e-01 9.130414449571065960e-01 4.199606724914924927e-01 3.495458518279539843e-03
2.317725752508361481e+01 1.277630952583640091e-03 9.942930857992218208e-01 9.058592872616823000e-01 4.244883425677714039e-01 3.343048955672730995e-03
2.347826086956521863e+01 1.389315137403477176e-03 1.003613041246876225e+00 8.997862866887815780e-01 4.290160126440503707e-01 3.322092520569833347e-03
2.377926421404682600e+01 1.504645225301530888e-03 1.012932996694530630e+00 8.946765848734141713e-01 4.335436827203292820e-01 3.444601522065594140e-03
2.408026755852842982e+01 1.624659992518874465e-03 1.022252952142185034e+00 8.906115730307574418e-01 4.380713527966082488e-01 3.695721017062059566e-03
2.438127090301003363e+01 1.750758900358461009e-03 1.031572907589839438e+00 8.878667761034876316e-01 4.425990228728871601e-01 4.077572635071264467e-03
2.468227424749164101e+01 1.884626188083419855e-03 1.040892863037493843e+00 8.868174267354936857e-01 4.471266929491661268e-01 4.615863843005820963e-03
2.498327759197324482e+01 2.028095325054443589e-03 1.050212818485148247e+00 8.878033955959145906e-01 4.516543630254450381e-01 5.324608498106628632e-03
2.528428093645485220e+01 2.182926945448196692e-03 1.059532773932802874e+00 8.909949952634875769e-01 4.561820331017240049e-01 6.162013989247942282e-03
2.558528428093645601e+01 2.350505687849980228e-03 1.068852729380457278e+00 8.963072441209252172e-01 4.607097031780029162e-01 7.020259561769558870e-03
2.588628762541806339e+01 2.531505210479973161e-03 1.078172684828111683e+00 9.033876052972646953e-01 4.652373732542818829e-01 7.765155578278513764e-03
2.618729096989966720e+01 2.725603577235141250e-03 1.087492640275766087e+00 9.116648703944613130e-01 4.697650433305607942e-01 8.300768143958567324e-03
2.648829431438127102e+01 2.931334969380053508e-03 1.096812595723420714e+00 9.204279308689482519e-01 4.742927134068397610e-01 8.616189824851657256e-03
2.678929765886287839e+01 3.146134396265202159e-03 1.106132551171075118e+00 9.289176298495257500e-01 4.788203834831186723e-01 8.793044449042341365e-03
2.709030100334448221e+01 3.366581815227618051e-03 1.115452506618729522e+00 9.364375851855223365e-01 4.833480535593976390e-01 8.984135606938035284e-03
2.739130434782608958e+01 3.588801332570618584e-03 1.124772462066383927e+00 9.424831520693295328e-01 4.878757236356765503e-01 9.379818960802652553e-03
2.769230769230769340e+01 3.808937580692947807e-03 1.134092417514038331e+00 9.468503715875250526e-01 4.924033937119555171e-01 1.016731197333440619e-02
2.799331103678930077e+01 4.023621750677799230e-03 1.143412372961692736e+00 9.496632094979990946e-01 4.969310637882344284e-01 1.148354347474015401e-02
2.829431438127090459e+01 4.230349718252334780e-03 1.152732328409347140e+00 9.512893304048197773e-01 5.014587338645133396e-01 1.336188186169646151e-02
2.859531772575251196e+01 4.427714773430522013e-03 1.162052283857001544e+00 9.521885373987355461e-01 5.059864039407923064e-01 1.567933925994749109e-02
2.889632107023411578e+01 4.615460525914480416e-03 1.171372239304655949e+00 9.527901761126982283e-01 5.105140740170711622e-01 1.813889044815901117e-02
2.919732441471571960e+01 4.794344332964424991e-03 1.180692194752310353e+00 9.534735760761727796e-01 5.150417440933501290e-01 2.034098602029366792e-02
2.949832775919732697e+01 4.965830535124171607e-03 1.190012150199964758e+00 9.546412366833791907e-01 5.195694141696290957e-01 2.195533610903824609e-02
2.979933110367893079e+01 5.131666699221838421e-03 1.199332105647619162e+00 9.567969792004618057e-01 5.240970842459080625e-01 2.291651588581646720e-02
3.010033444816053816e+01 5.293429827233310167e-03 1.208652061095273567e+00 9.605349933107556470e-01 5.286247543221869183e-01 2.351497050278340481e-02
3.040133779264214198e+01 5.452151961783945587e-03 1.217972016542928193e+00 9.664147192936671793e-01 5.331524243984658851e-01 2.429444237823280908e-02
3.070234113712374935e+01 5.608133110721473177e-03 1.227291971990582597e+00 9.747846653091120084e-01 5.376800944747448519e-01 2.579080352684832989e-02
3.100334448160535317e+01 5.761016245771151574e-03 1.236611927438237002e+00 9.856593649672273916e-01 5.422077645510238186e-01 2.827644331830788879e-02
3.130434782608696054e+01 5.910136980542782248e-03 1.245931882885891406e+00 9.987228264059991867e-01 5.467354346273026744e-01 3.169202103708355922e-02
3.160535117056856436e+01 6.055083847364901503e-03 1.255251838333546033e+00 1.013455660377870826e+00 5.512631047035816412e-01 3.581513386388835568e-02
3.190635451505016817e+01 6.196336577269321091e-03 1.264571793781200437e+00 1.029311737869470056e+00 5.557907747798606080e-01 4.052990321653147238e-02
3.220735785953177555e+01 6.335812940695496019e-03 1.273891749228854842e+00 1.045844168219064452e+00 5.603184448561395747e-01 4.596692371082294892e-02
3.250836120401338292e+01 6.477165004888632040e-03 1.283211704676509246e+00 1.062713265086131509e+00 5.648461149324184305e-01 5.237253542546836671e-02
3.280936454849498318e+01 6.625723851361032916e-03 1.292531660124163650e+00 1.079583212143349735e+00 5.693737850086973973e-01 5.981115119299947047e-02
3.311036789297659055e+01 6.788082245987420507e-03 1.301851615571818055e+00 1.095985159985513047e+00 5.739014550849763641e-01 6.798846892387873375e-02
3.341137123745819792e+01 6.971400043119195707e-03 1.311171571019472459e+00 1.111245395099748956e+00 5.784291251612552198e-01 7.636973408580294276e-02
3.371237458193979819e+01 7.182587390770470495e-03 1.320491526467126864e+00 1.124534267515941099e+00 5.829567952375341866e-01 8.445999727118629063e-02
3.401337792642140556e+01 7.427544477408584353e-03 1.329811481914781268e+00 1.135019553545778326e+00 5.874844653138131534e-01 9.199130989105040734e-02
3.431438127090301293e+01 7.710608037537985612e-03 1.339131437362435673e+00 1.142060550089554871e+00 5.920121353900921202e-01 9.893480256709617782e-02
3.461538461538462030e+01 8.034286430339940624e-03 1.348451392810090077e+00 1.145379632023646455e+00 5.965398054663709759e-01 1.054420994392574334e-01
3.491638795986622057e+01 8.399282200823815145e-03 1.357771348257744704e+00 1.145171978772802968e+00 6.010674755426499427e-01 1.118191382079321977e-01
3.521739130434782794e+01 8.804732224208541499e-03 1.367091303705399108e+00 1.142123833824991719e+00 6.055951456189289095e-01 1.185319870036825318e-01
3.551839464882943531e+01 9.248561572224034411e-03 1.376411259153053512e+00 1.137300773081071137e+00 6.101228156952078763e-01 1.261742502374807451e-01
3.581939799331104268e+01 9.727853375794494328e-03 1.385731214600707917e+00 1.131877310755393884e+00 6.146504857714867320e-01 1.353444838162205510e-01
3.612040133779264295e+01 1.023917229424356132e-02 1.395051170048362321e+00 1.126742835458750536e+00 6.191781558477656988e-01 1.464775042291992513e-01
3.642140468227425032e+01 1.077882342919953169e-02 1.404371125496016726e+00 1.122116816636281600e+00 6.237058259240446656e-01 1.597426257446185049e-01
3.672240802675585769e+01 1.134306234945788028e-02 1.413691080943671130e+00 1.117362418166478299e+00 6.282334960003236324e-01 1.750670221859490783e-01
3.702341137123745796e+01 1.192828516622120201e-02 1.423011036391325534e+00 1.111132320720127797e+00 6.327611660766024881e-01 1.922206298204199859e-01
3.732441471571906533e+01 1.253122084836314105e-02 1.432330991838980161e+00 1.101822757484693049e+00 6.372888361528814549e-01 2.108611350362660786e-01
3.762541806020067270e+01 1.314912807453701669e-02 1.441650947286634565e+00 1.088147026902692271e+00 6.418165062291604217e-01 2.305430464914925981e-01
3.792642140468228007e+01 1.377997381373857223e-02 1.450970902734288970e+00 1.069577760746186712e+00 6.463441763054393885e-01 2.508220349357705992e-01
3.822742474916388034e+01 1.442254781281372689e-02 1.460290858181943374e+00 1.046484908488731547e+00 6.508718463817182442e-01 2.715328621958400523e-01
3.852842809364548771e+01 1.507645467936860779e-02 1.469610813629597779e+00 1.019954135268789086e+00 6.553995164579972110e-01 2.930857410316374811e-01
3.882943143812709508e+01 1.574193336598296925e-02 1.478930769077252183e+00 9.914056831776437706e-01 6.599271865342761778e-01 3.164978599748443089e-01
3.913043478260869534e+01 1.641948970071378452e-02 1.488250724524906587e+00 9.621793530471676181e-01 6.644548566105550336e-01 3.430313519278537782e-01
3.943143812709030271e+01 1.710938740174108852e-02 1.497570679972560992e+00 9.332132998050596262e-01 6.689825266868340004e-01 3.735719934925980090e-01
3.973244147157191009e+01 1.781110798414560145e-02 1.506890635420215396e+00 9.048785268213128674e-01 6.735101967631129671e-01 4.080776360352071919e-01
4.003344481605351746e+01 1.852293191942637821e-02 1.516210590867870023e+00 8.769844086767517588e-01 6.780378668393919339e-01 4.455103906351537968e-01
4.033444816053511772e+01 1.924178857493056768e-02 1.525530546315524427e+00 8.489439890289900426e-01 6.825655369156707897e-01 4.844471237268075936e-01
4.063545150501672509e+01 1.996346487968429437e-02 1.534850501763178832e+00 8.200529751899412467e-01 6.870932069919497565e-01 5.239815239325931184e-01
4.093645484949833246e+01 2.068316800884689374e-02 1.544170457210833236e+00 7.897868450389735617e-01 6.916208770682287232e-01 5.641852850285669074e-01
4.123745819397993273e+01 2.139633521315776124e-02 1.553490412658487640e+00 7.579943281008488798e-01 6.961485471445076900e-01 6.058345256381245658e-01
4.153846153846154010e+01 2.209950461356726542e-02 1.562810368106142045e+00 7.249070905540399012e-01 7.006762172207865458e-01 6.498053058995671982e-01
4.183946488294314747e+01 2.279102567681032254e-02 1.572130323553796449e+00 6.909863629918875372e-01 7.052038872970655126e-01 6.966325858032099694e-01
4.214046822742475484e+01 2.347140657070369632e-02 1.581450279001450854e+00 6.567180980886673236e-01 7.097315573733444793e-01 7.463848927149002721e-01
4.244147157190635511e+01 2.414316609622263812e-02 1.590770234449105480e+00 6.224793707445810398e-01 7.142592274496234461e-01 7.988989160444806004e-01
4.274247491638796248e+01 2.481016806350716877e-02 1.600090189896759885e+00 5.885276680781609260e-01 7.187868975259023019e-01 8.543461801598368766e-01
4.304347826086956985e+01 2.547654170014860414e-02 1.609410145344414289e+00 5.550767535319084400e-01 7.233145676021812687e-01 9.136255516171606361e-01
4.334448160535117722e+01 2.614539954918953385e-02 1.618730100792068693e+00 5.223850665418063866e-01 7.278422376784602355e-01 9.778250337626461786e-01
4.364548494983277749e+01 2.681762168848335695e-02 1.628050056239723098e+00 4.908045076452144939e-01 7.323699077547392022e-01 1.046816045941350470e+00
4.394648829431438486e+01 2.749096474111022842e-02 1.637370011687377502e+00 4.607770626288030802e-01 7.368975778310180580e-01 1.118271897310442853e+00
4.424749163879599223e+01 2.815968364865307702e-02 1.646689967135031907e+00 4.327856591156029609e-01 7.414252479072970248e-01 1.188411503275050407e+00
4.454849498327759250e+01 2.881475144378677772e-02 1.656009922582686311e+00 4.072659024609318057e-01 7.459529179835759916e-01 1.254171146158922445e+00
4.484949832775919987e+01 2.944465815244447227e-02 1.665329878030340716e+00 3.844927045348504047e-01 7.504805880598549583e-01 1.314964571729785758e+00
4.515050167224080724e+01 3.003668060978513521e-02 1.674649833477995342e+00 3.644788867617357875e-01 7.550082581361338141e-01 1.372549751075597291e+00
4.545150501672241461e+01 3.057843818285837720e-02 1.683969788925649747e+00 3.469387707705139379e-01 7.595359282124127809e-01 1.429432602771010252e+00
4.575250836120401488e+01 3.105947896208746672e-02 1.693289744373304151e+00 3.313511918771822606e-01 7.640635982886917477e-01 1.487486107107914179e+00
4.605351170568562225e+01 3.147258715536650070e-02 1.702609699820958555e+00 3.171058404892373450e-01 7.685912683649707144e-01 1.547705055598646684e+00
4.635451505016722962e+01 3.181449899066949444e-02 1.711929655268612960e+00 3.036694104597883470e-01 7.731189384412495702e-01 1.610430239294019517e+00
4.665551839464882988e+01 3.208580162546335185e-02 1.721249610716267364e+00 2.906995795491709722e-01 7.776466085175285370e-01 1.675152968850473378e+00
4.695652173913043725e+01 3.228998082762656735e-02 1.730569566163921769e+00 2.780698937618784616e-01 7.821742785938075038e-01 1.740339887235886840e+00
4.725752508361204463e+01 3.243183923928741330e-02 1.739889521611576173e+00 2.658189289479215289e-01 7.867019486700864705e-01 1.804257710708340623e+00
4.755852842809365200e+01 3.251573878795840228e-02 1.749209477059230800e+00 2.540683660522110032e-01 7.912296187463653263e-01 1.866262245298384581e+00
4.785953177257525226e+01 3.254422518426596661e-02 1.758529432506885204e+00 2.429530041153404318e-01 7.957572888226442931e-01 1.926776642205083601e+00
4.816053511705685963e+01 3.251750328852446442e-02 1.767849387954539608e+00 2.325822034982285014e-01 8.002849588989232599e-01 1.985615961855786038e+00
4.846153846153846700e+01 3.243395853174768639e-02 1.777169343402194013e+00 2.230277160537908754e-01 8.048126289752021156e-01 2.040675033492441504e+00
4.876254180602006727e+01 3.229155067003926932e-02 1.786489298849848417e+00 2.143216771334255921e-01 8.093402990514810824e-01 2.088848208681793661e+00
4.906354515050167464e+01 3.208957918328966818e-02 1.795809254297502822e+00 2.064522245133952605e-01 8.138679691277600492e-01 2.128436509536934640e+00
4.936454849498328201e+01 3.183016529492731922e-02 1.805129209745157226e+00 1.993550567706725840e-01 8.183956392040390160e-01 2.160570905110310136e+00
4.966555183946488938e+01 3.151888338205081214e-02 1.814449165192811630e+00 1.929077433914549999e-01 8.229233092803178717e-01 2.188347782113550632e+00
4.996655518394648965e+01 3.116428033294090655e-02 1.823769120640466035e+00 1.869345295847897048e-01 8.274509793565968385e-01 2.214790591161245992e+00
5.026755852842809702e+01 3.077643171526176641e-02 1.833089076088120661e+00 1.812237945989998433e-01 8.319786494328758053e-01 2.241596328074548339e+00
5.056856187290970439e+01 3.036503808960286724e-02 1.842409031535775066e+00 1.755534299557668099e-01 8.365063195091547721e-01 2.269312246684030310e+00
5.086956521739130466e+01 2.993772232673750158e-02 1.851728986983429470e+00 1.697165540274641615e-01 8.410339895854336278e-01 2.298004618610890670e+00
5.117056856187291203e+01 2.949908931685701896e-02 1.861048942431083875e+00 1.635432075303179800e-01 8.455616596617125946e-01 2.327398217919045109e+00
5.147157190635451940e+01 2.905080141465558874e-02 1.870368897878738279e+00 1.569200698729078802e-01 8.500893297379915614e-01 2.356622857237678392e+00
5.177257525083612677e+01 2.859254037156530592e-02 1.879688853326392683e+00 1.498131849693815354e-01 8.546169998142705282e-01 2.384454192101419956e+00
5.207357859531772704e+01 2.812342588597416607e-02 1.889008808774047088e+00 1.422928124759808288e-01 8.591446698905493840e-01 2.410234835790843633e+00
5.237458193979933441e+01 2.764335040969625665e-02 1.898328764221701492e+00 1.345470875855952764e-01 8.636723399668283507e-01 2.434413983934488268e+00
5.267558528428094178e+01 2.715378719490249906e-02 1.907648719669356119e+00 1.268635777204344672e-01 8.682000100431073175e-01 2.457814177352760421e+00
5.297658862876254204e+01 2.665786631857822858e-02 1.916968675117010523e+00 1.195673504849147778e-01 8.727276801193862843e-01 2.480476798955832951e+00
5.327759197324414941e+01 2.615978241684250791e-02 1.926288630564664928e+00 1.129305788742196448e-01 8.772553501956651401e-01 2.501739092998343850e+00
5.357859531772575679e+01 2.566380030246201427e-02 1.935608586012319332e+00 1.070941266054941110e-01 8.817830202719441068e-01 2.521528194512025145e+00
5.387959866220736416e+01 2.517320922533206051e-02 1.944928541459973736e+00 1.020428085702671656e-01 8.863106903482230736e-01 2.541106001505388345e+00
5.418060200668896442e+01 2.468954444235609003e-02 1.954248496907628141e+00 9.764641371987424490e-02 8.908383604245020404e-01 2.562477762233641876e+00
5.448160535117057179e+01 2.421228328799209656e-02 1.963568452355282545e+00 9.373790958931928208e-02 8.953660305007808962e-01 2.587719069569163199e+00
5.478260869565217916e+01 2.373908153499167811e-02 1.972888407802936950e+00 9.018014125127127301e-02 8.998937005770598629e-01 2.618956723594678682e+00
5.508361204013378654e+01 2.326648627182897541e-02 1.982208363250591354e+00 8.688831402332228282e-02 9.044213706533388297e-01 2.657665530779990792e+00
5.538461538461538680e+01 2.279096722064006750e-02 1.991528318698245981e+00 8.381257711235019781e-02 9.089490407296177965e-01 2.702654012624182478e+00
5.568561872909699417e+01 2.231005380780813618e-02 2.000848274145900163e+00 8.091140584838010796e-02 9.134767108058966523e-01 2.749144611265255556e+00
5.598662207357860154e+01 2.182334390290873588e-02 2.010168229593555012e+00 7.814284613945031432e-02 9.180043808821756190e-01 2.791231514087950671e+00
5.628762541806020181e+01 2.133315703257183255e-02 2.019488185041208972e+00 7.547592445564302310e-02 9.225320509584545858e-01 2.825756249322439739e+00
5.658862876254180918e+01 2.084464530788322778e-02 2.028808140488863820e+00 7.290435338778367136e-02 9.270597210347335526e-01 2.853442232916833632e+00
5.688963210702341655e+01 2.036526150952168782e-02 2.038128095936517781e+00 7.044610892935673774e-02 9.315873911110124084e-01 2.876549716915575150e+00
5.719063545150502392e+01 1.990361943844404582e-02 2.047448051384172629e+00 6.812983453620188867e-02 9.361150611872913752e-01 2.896496528564065809e+00
5.749163879598662419e+01 1.946794464110621417e-02 2.056768006831826590e+00 6.598289613566681033e-02 9.406427312635703419e-01 2.914059093173102077e+00
5.779264214046823156e+01 1.906445282351642082e-02 2.066087962279481438e+00 6.403320459044231638e-02 9.451704013398491977e-01 2.930687114984173114e+00
5.809364548494983893e+01 1.869604782851795946e-02 2.075407917727135843e+00 6.232185163571991177e-02 9.496980714161281645e-01 2.948199908211402764e+00
5.839464882943143920e+01 1.836166421507735846e-02 2.084727873174790247e+00 6.091110868629485281e-02 9.542257414924071313e-01 2.967020569391869422e+00
5.869565217391304657e+01 1.805640549025458105e-02 2.094047828622444651e+00 5.987338414384196783e-02 9.587534115686860980e-01 2.985487149912267046e+00
5.899665551839465394e+01 1.777241271028125874e-02 2.103367784070099056e+00 5.926005185734779801e-02 9.632810816449649538e-01 3.001339777251156526e+00
5.929765886287626131e+01 1.750022343060146646e-02 2.112687739517753460e+00 5.906448034255526447e-02 9.678087517212439206e-01 3.013637904746624852e+00
5.959866220735786158e+01 1.723030630445385528e-02 2.122007694965407865e+00 5.920081641626100122e-02 9.723364217975228874e-01 3.022999522557774821e+00
5.989966555183946895e+01 1.695448555578958627e-02 2.131327650413062269e+00 5.951472664006772495e-02 9.768640918738018541e-01 3.030070313233221846e+00
6.020066889632107632e+01 1.666705595092107806e-02 2.140647605860716673e+00 5.982692881426253384e-02 9.813917619500807099e-01 3.033660720090276985e+00
6.050167224080267658e+01 1.636547298116611260e-02 2.149967561308371522e+00 5.999266741904002442e-02 9.859194320263596767e-01 3.029995968171696141e+00
6.080267558528428395e+01 1.605055282182548185e-02 2.159287516756025482e+00 5.994992407741835810e-02 9.904471021026386435e-01 3.013971940350800516e+00
6.110367892976589133e+01 1.572614583310926947e-02 2.168607472203680331e+00 5.973278049093444508e-02 9.949747721789176103e-01 2.982220811867008159e+00
6.140468227424749870e+01 1.539829658313431743e-02 2.177927427651334291e+00 5.944308074499242422e-02 9.995024422551964660e-01 2.935965061603778903e+00
6.170568561872909896e+01 1.507400004719064955e-02 2.187247383098989140e+00 5.919444826574354196e-02 1.004030112331475433e+00 2.881035992159155068e+00
6.200668896321070633e+01 1.475979043463922225e-02 2.196567338546643100e+00 5.905596738093033676e-02 1.008557782407754511e+00 2.824734609399822016e+00
6.230769230769231370e+01 1.446049583440465677e-02 2.205887293994297949e+00 5.902115353999057984e-02 1.013085452484033366e+00 2.772184290330501177e+00
6.260869565217392108e+01 1.417849150616373732e-02 2.215207249441951909e+00 5.901307107058495482e-02 1.017613122560312222e+00 2.724867863356430497e+00
6.290969899665552134e+01 1.391365901740819477e-02 2.224527204889606757e+00 5.891825441156629123e-02 1.022140792636591300e+00 2.681404035783574447e+00
6.321070234113712871e+01 1.366404224761743995e-02 2.233847160337261162e+00 5.863119726823003142e-02 1.026668462712870156e+00 2.638862518855750849e+00
6.351170568561873608e+01 1.342696795871295597e-02 2.243167115784915566e+00 5.809197533636786120e-02 1.031196132789149233e+00 2.593722347706322040e+00
6.381270903010033635e+01 1.320025742222113996e-02 2.252487071232569971e+00 5.730779393877682981e-02 1.035723802865428089e+00 2.542886415193276406e+00
6.411371237458195083e+01 1.298314735517191315e-02 2.261807026680224375e+00 5.635697029264922359e-02 1.040251472941706945e+00 2.484829836127360636e+00
6.441471571906355109e+01 1.277665547169710113e-02 2.271126982127878779e+00 5.537676814292909894e-02 1.044779143017986023e+00 2.419911254094989861e+00
6.471571906354515136e+01 1.258331373849692555e-02 2.280446937575533184e+00 5.453645208162285346e-02 1.049306813094264879e+00 2.349307228637012912e+00
6.501672240802676583e+01 1.240638082332794906e-02 2.289766893023188032e+00 5.399832494810523353e-02 1.053834483170543734e+00 2.273673295601911004e+00
6.531772575250836610e+01 1.224877910647475046e-02 2.299086848470841993e+00 5.387433580575445163e-02 1.058362153246822812e+00 2.193000938198018446e+00
6.561872909698996637e+01 1.211205573350742845e-02 2.308406803918496841e+00 5.419167995554516337e-02 1.062889823323101668e+00 2.107560829875479325e+00
6.591973244147158084e+01 1.199564370895212645e-02 2.317726759366150802e+00 5.488235824279737857e-02 1.067417493399380746e+00 2.018647603467842000e+00
6.622073578595318111e+01 1.189661602000018775e-02 2.327046714813805650e+00 5.580456479227115241e-02 1.071945163475659601e+00 1.928503847359868573e+00
6.652173913043478137e+01 1.181000647864592461e-02 2.336366670261459610e+00 5.678907933202845953e-02 1.076472833551938457e+00 1.839729671694472435e+00
6.682274247491639585e+01 1.172963905931321063e-02 2.345686625709114459e+00 5.768959980307315077e-02 1.081000503628217313e+00 1.754398839260157716e+00
6.712374581939799612e+01 1.164928704209665725e-02 2.355006581156768419e+00 5.841259183583852321e-02 1.085528173704496391e+00 1.673012372731425446e+00
6.742474916387959638e+01 1.156389882529869871e-02 2.364326536604423268e+00 5.891396459647836592e-02 1.090055843780775247e+00 1.593963154525975368e+00
6.772575250836121086e+01 1.147060072172635323e-02 2.373646492052077228e+00 5.916993120022434605e-02 1.094583513857054102e+00 1.514277440471619496e+00
6.802675585284281112e+01 1.136923077068451894e-02 2.382966447499732077e+00 5.914445207009422223e-02 1.099111183933333180e+00 1.431478080878652470e+00
6.832775919732442560e+01 1.126226715844045982e-02 2.392286402947386037e+00 5.877598688403531946e-02 1.103638854009612036e+00 1.345411142486486300e+00
6.862876254180602587e+01 1.115416583598616805e-02 2.401606358395040886e+00 5.799278668754769689e-02 1.108166524085891114e+00 1.258716903484689897e+00
6.892976588628762613e+01 1.105027425934360964e-02 2.410926313842694846e+00 5.674840991024710651e-02 1.112694194162169969e+00 1.175438338503836722e+00
6.923076923076924061e+01 1.095559783757692196e-02 2.420246269290349694e+00 5.505819159268149354e-02 1.117221864238448825e+00 1.098604621203099985e+00
6.953177257525084087e+01 1.087372983484058767e-02 2.429566224738004543e+00 5.301749567333682855e-02 1.121749534314727903e+00 1.028506974600771784e+00
6.983277591973244114e+01 1.080620443047417348e-02 2.438886180185658503e+00 5.079120009421628223e-02 1.126277204391006759e+00 9.629164534639776951e-01
7.013377926421405562e+01 1.075241302422689192e-02 2.448206135633313352e+00 4.857588489133718435e-02 1.130804874467285615e+00 8.990105287899974318e-01
7.043478260869565588e+01 1.071007190373190684e-02 2.457526091080967312e+00 4.654771981048566598e-02 1.135332544543564692e+00 8.355237607654264487e-01
7.073578595317725615e+01 1.067608787245729988e-02 2.466846046528622161e+00 4.481679139335091600e-02 1.139860214619843548e+00 7.735489241549897699e-01
7.103678929765887062e+01 1.064757359315123691e-02 2.476166001976276121e+00 4.340798491833641748e-02 1.144387884696122626e+00 7.155238212924657226e-01
7.133779264214047089e+01 1.062273730833144560e-02 2.485485957423930969e+00 4.227632535710627859e-02 1.148915554772401482e+00 6.633776720719232189e-01
7.163879598662208537e+01 1.060141538352178496e-02 2.494805912871584930e+00 4.134527435275792834e-02 1.153443224848680337e+00 6.173368245521915210e-01
7.193979933110368563e+01 1.058511736012757339e-02 2.504125868319239778e+00 4.054278116794823861e-02 1.157970894924959415e+00 5.760976776083437390e-01
7.224080267558528590e+01 1.057658561556808728e-02 2.513445823766893739e+00 3.981369387034002644e-02 1.162498565001238271e+00 5.378974479891587279e-01
7.254180602006690037e+01 1.057900147259373605e-02 2.522765779214548587e+00 3.910705645168653655e-02 1.167026235077517127e+00 5.015573013415324244e-01
7.284280936454850064e+01 1.059506243757520755e-02 2.532085734662202547e+00 3.835733493593610627e-02 1.171553905153796205e+00 4.668966878352419636e-01
7.314381270903010090e+01 1.062618507500226808e-02 2.541405690109857396e+00 3.748301358992689458e-02 1.176081575230075060e+00 4.344026035008827225e-01
7.344481605351171538e+01 1.067204496466181776e-02 2.550725645557511356e+00 3.641086808950228654e-02 1.180609245306354138e+00 4.044150383227401169e-01
7.374581939799331565e+01 1.073056043569770024e-02 2.560045601005166205e+00 3.511197010109239763e-02 1.185136915382632994e+00 3.764257524647150466e-01
7.404682274247491591e+01 1.079829160807511609e-02 2.569365556452820165e+00 3.362361632570734504e-02 1.189664585458911850e+00 3.491088017272021005e-01
7.434782608695653039e+01 1.087110398923730840e-02 2.578685511900475014e+00 3.203872543028696979e-02 1.194192255535190927e+00 3.210947955570211398e-01
7.464882943143813065e+01 1.094487779749710177e-02 2.588005467348129862e+00 3.046505428966395437e-02 1.198719925611469783e+00 2.918012694162265275e-01
7.494983277591973092e+01 1.101605401385320065e-02 2.597325422795783822e+00 2.897589320473394417e-02 1.203247595687748639e+00 2.617057091755380371e-01
7.525083612040134540e+01 1.108189116910535642e-02 2.606645378243438671e+00 2.757898758142960510e-02 1.207775265764027717e+00 2.320892008796628381e-01
7.555183946488294566e+01 1.114042992664013819e-02 2.615965333691092631e+00 2.621928889236540411e-02 1.212302935840306573e+00 2.045454405942031817e-01
7.585284280936456014e+01 1.119027658430684843e-02 2.625285289138747480e+00 2.481218566336906503e-02 1.216830605916585650e+00 1.803634387930396765e-01
7.615384615384616041e+01 1.123037687422024158e-02 2.634605244586401440e+00 2.328877072656429514e-02 1.221358275992864506e+00 1.599344088713899603e-01
7.645484949832776067e+01 1.125993583889814929e-02 2.643925200034056289e+00 2.163089289514406877e-02 1.225885946069143362e+00 1.425947220973756702e-01
7.675585284280937515e+01 1.127855722613378860e-02 2.653245155481710249e+00 1.988139909762681734e-02 1.230413616145422440e+00 1.271324537862429660e-01
7.705685618729097541e+01 1.128656214307557047e-02 2.662565110929365098e+00 1.812845409028821658e-02 1.234941286221701295e+00 1.125721162036957962e-01
7.735785953177257568e+01 1.128534828798557176e-02 2.671885066377019058e+00 1.647442238344695373e-02 1.239468956297980151e+00 9.861334955179011652e-02
7.765886287625419016e+01 1.127760773822072266e-02 2.681205021824673906e+00 1.500406497484080802e-02 1.243996626374259229e+00 8.554108637991697517e-02
7.795986622073579042e+01 1.126725140820129291e-02 2.690524977272327867e+00 1.376340727669011534e-02 1.248524296450538085e+00 7.391045024139056285e-02
7.826086956521739069e+01 1.125898226025117896e-02 2.699844932719982715e+00 1.275360411327060121e-02 1.253051966526816940e+00 6.428846842085544910e-02
7.856187290969900516e+01 1.125758273762547841e-02 2.709164888167636676e+00 1.193802796901019710e-02 1.257579636603096018e+00 5.705991995594739130e-02
7.886287625418060543e+01 1.126708817698053415e-02 2.718484843615291524e+00 1.125754453526311462e-02 1.262107306679374874e+00 5.223728320632407829e-02
7.916387959866221991e+01 1.129006687689709972e-02 2.727804799062945484e+00 1.064800843174397091e-02 1.266634976755653952e+00 4.934170326723973099e-02
7.946488294314382017e+01 1.132720170923347085e-02 2.737124754510600333e+00 1.005467987348953283e-02 1.271162646831932808e+00 4.748563733996168101e-02
7.976588628762542044e+01 1.137727995866532650e-02 2.746444709958255181e+00 9.440395822002064369e-03 1.275690316908211663e+00 4.569773694457938268e-02
8.006688963210703491e+01 1.143758206508707111e-02 2.755764665405909142e+00 8.787363430742848799e-03 1.280217986984490741e+00 4.333588039157691002e-02
8.036789297658863518e+01 1.150455575106271340e-02 2.765084620853563990e+00 8.094848559931193399e-03 1.284745657060769597e+00 4.028961620095374008e-02
8.066889632107023544e+01 1.157459758013933485e-02 2.774404576301217951e+00 7.375463061508785549e-03 1.289273327137048453e+00 3.681304102736630834e-02
8.096989966555184992e+01 1.164474897487513885e-02 2.783724531748872799e+00 6.651378162143711976e-03 1.293800997213327530e+00 3.318862832600481122e-02
8.127090301003345019e+01 1.171314432099090051e-02 2.793044487196526759e+00 5.950109937773619476e-03 1.298328667289606386e+00 2.955180907178234229e-02
8.157190635451505045e+01 1.177911620404673530e-02 2.802364442644181608e+00 5.299054370207016175e-03 1.302856337365885464e+00 2.594276679692776241e-02
8.187290969899666493e+01 1.184295605598472204e-02 2.811684398091835568e+00 4.719107403140926187e-03 1.307384007442164320e+00 2.240612089191650058e-02
8.217391304347826519e+01 1.190542945393811662e-02 2.821004353539490417e+00 4.219511564112497608e-03 1.311911677518443176e+00 1.901813239556760654e-02
8.247491638795986546e+01 1.196722440481948202e-02 2.830324308987144377e+00 3.796739420370594167e-03 1.316439347594722253e+00 1.586609117206137093e-02
8.277591973244147994e+01 1.202853340150895033e-02 2.839644264434799226e+00 3.438553090151434937e-03 1.320967017671001109e+00 1.302115850071545664e-02
8.307692307692308020e+01 1.208891485235440502e-02 2.848964219882453186e+00 3.131137062350724826e-03 1.325494687747279965e+00 1.051911546829444391e-02
8.337792642140469468e+01 1.214745931713649349e-02 2.858284175330108035e+00 2.864943631553457538e-03 1.330022357823559043e+00 8.367539580620125123e-03
8.367892976588629494e+01 1.220315066883561478e-02 2.867604130777761995e+00 2.635769822666890385e-03 1.334550027899837898e+00 6.575024695965324059e-03
8.397993311036789521e+01 1.225522757856330365e-02 2.876924086225416843e+00 2.441140098563144688e-03 1.339077697976116976e+00 5.160094728304830125e-03
8.428093645484950969e+01 1.230336174889729538e-02 2.886244041673070804e+00 2.275440952102059620e-03 1.343605368052395832e+00 4.120292359061339914e-03
8.458193979933110995e+01 1.234757203932001710e-02 2.895563997120725652e+00 2.127771299741850353e-03 1.348133038128674688e+00 3.399896769976246732e-03
8.488294314381271022e+01 1.238793419136238402e-02 2.904883952568380501e+00 1.983993989449082864e-03 1.352660708204953766e+00 2.901065154245447558e-03
8.518394648829432469e+01 1.242425031030401812e-02 2.914203908016034461e+00 1.831269735061303878e-03 1.357188378281232621e+00 2.532322707819326200e-03
8.548494983277592496e+01 1.245585825832527804e-02 2.923523863463689310e+00 1.661942619101300193e-03 1.361716048357511477e+00 2.247395054662352024e-03
8.578595317725752523e+01 1.248168580784085602e-02 2.932843818911343270e+00 1.474742632619392658e-03 1.366243718433790555e+00 2.039579742111395470e-03
8.608695652173913970e+01 1.250053242877553761e-02 2.942163774358998118e+00 1.273527586696176009e-03 1.370771388510069411e+00 1.904438728035966200e-03
8.638795986622073997e+01 1.251145697415574284e-02 2.951483729806652079e+00 1.065222547308041987e-03 1.375299058586348488e+00 1.814962775005577551e-03
8.668896321070235444e+01 1.251411055788036360e-02 2.960803685254306927e+00 8.583304556164743750e-04 1.379826728662627344e+00 1.733486002739049450e-03
8.698996655518395471e+01 1.250889120229632320e-02 2.970123640701960888e+00 6.621129407132597504e-04 1.384354398738906200e+00 1.636695203146477148e-03
8.729096989966555498e+01 1.249688387283320185e-02 2.979443596149615736e+00 4.856893365554200664e-04 1.388882068815185278e+00 1.516621338518544691e-03
8.759197324414716945e+01 1.247964083945060122e-02 2.988763551597269696e+00 3.365714141451342295e-04 1.393409738891464134e+00 1.361061199328731037e-03
8.789297658862876972e+01 1.245891174037238973e-02 2.998083507044924545e+00 2.190287528908082279e-04 1.397937408967742989e+00 1.150939086256059932e-03
8.819397993311036998e+01 1.243643060470196043e-02 3.007403462492578505e+00 1.331756651479968734e-04 1.402465079044022067e+00 8.856763241659511982e-04
8.849498327759198446e+01 1.241381607194492163e-02 3.016723417940233354e+00 7.534273574756252272e-05 1.406992749120300923e+00 6.013089977685093582e-04
8.879598662207358473e+01 1.239257051933909809e-02 3.026043373387887314e+00 3.952745857717700082e-05 1.411520419196579779e+00 3.523370929221179013e-04
8.909698996655518499e+01 1.237411075263770456e-02 3.035363328835542163e+00 1.917932857085345472e-05 1.416048089272858856e+00 1.757375828747406894e-04
8.939799331103679947e+01 1.235975415779784481e-02 3.044683284283196123e+00 8.588164689656339909e-06 1.420575759349137712e+00 7.400915223950368005e-05
8.969899665551839973e+01 1.235062243196038793e-02 3.054003239730850972e+00 3.542560230966805649e-06 1.425103429425416790e+00 2.619302181086353474e-05
9.000000000000000000e+01 1.234748640515675837e-02 3.063323195178505376e+00 1.344065096015667770e-06 1.429631099501695646e+00 7.769488119903078256e-06
