0.000000000000000000e+00 9.547451109584507959e-231 6.603122382652071298e-01 1.333695669373353592e-06 4.247368242498807400e-01 3.216610547360083951e-06
3.010033444816053727e-01 9.007270482540266654e-227 6.671643406741849525e-01 3.199653205048551525e-06 4.291548383579216752e-01 1.204123710416453100e-05
6.020066889632107454e-01 1.546205426071729227e-222 6.740164430831627751e-01 6.983991245530819317e-06 4.335728524659625549e-01 3.586518435084329613e-05
9.030100334448161181e-01 2.414790264159262043e-218 6.808685454921407088e-01 1.386968033088798018e-05 4.379908665740034901e-01 8.499714917867848361e-05
1.204013377926421491e+00 3.431072326886977349e-214 6.877206479011185314e-01 2.506156821109189280e-05 4.424088806820443698e-01 1.602747044070928399e-04
1.505016722408026864e+00 4.435254687375463362e-210 6.945727503100963540e-01 4.120675752306388756e-05 4.468268947900853050e-01 2.404666993927481137e-04
1.806020066889632236e+00 5.216094941400639643e-206 7.014248527190741767e-01 6.166492589267992021e-05 4.512449088981261847e-01 2.870610261448692776e-04
2.107023411371237387e+00 5.580982303180455358e-202 7.082769551280521103e-01 8.402894814857212250e-05 4.556629230061671199e-01 2.726608954776731683e-04
2.408026755852842982e+00 5.432678901167691672e-198 7.151290575370299329e-01 1.043833023981976621e-04 4.600809371142079995e-01 2.060633809074394424e-04
2.709030100334448576e+00 4.811224937629361167e-194 7.219811599460077556e-01 1.185169563446752738e-04 4.644989512222489347e-01 1.239105613707864424e-04
3.010033444816053727e+00 3.876461905498292627e-190 7.288332623549855782e-01 1.237327462706582664e-04 4.689169653302898144e-01 5.928578705118475620e-05
3.311036789297658878e+00 2.841538945381277078e-186 7.356853647639634008e-01 1.203837106021592575e-04 4.733349794383307496e-01 2.257693861960896947e-05
3.612040133779264472e+00 1.895003160722892434e-182 7.425374671729413345e-01 1.122449402145535432e-04 4.777529935463716848e-01 6.900029692545668505e-06
3.913043478260870067e+00 1.149752859189828282e-178 7.493895695819191571e-01 1.053948149401863520e-04 4.821710076544125645e-01 2.053288391037231146e-06
4.214046822742474774e+00 6.346543943564954210e-175 7.562416719908969798e-01 1.060733479376419944e-04 4.865890217624534997e-01 2.363892865088447806e-06
4.515050167224080369e+00 3.187192672779429378e-171 7.630937743998748024e-01 1.184840381458617399e-04 4.910070358704943794e-01 8.272461393281038781e-06
4.816053511705685963e+00 1.456188439213027701e-167 7.699458768088527361e-01 1.434393192957044935e-04 4.954250499785353146e-01 2.628430775129449802e-05
5.117056856187291558e+00 6.052921937575309175e-164 7.767979792178305587e-01 1.782520759420686603e-04 4.998430640865761942e-01 6.680914521358695402e-05
5.418060200668897153e+00 2.289026396270293298e-160 7.836500816268083813e-01 2.177038923952307088e-04 5.042610781946170739e-01 1.351431721197265696e-04
5.719063545150501859e+00 7.875438825299380581e-157 7.905021840357862040e-01 2.555910958305723183e-04 5.086790923026580646e-01 2.175129082723583122e-04
6.020066889632107454e+00 2.465113712624373270e-153 7.973542864447640266e-01 2.863775212105730593e-04 5.130971064106989443e-01 2.785514506146284392e-04
6.321070234113713049e+00 7.020004433798855159e-150 8.042063888537418492e-01 3.067327352388799682e-04 5.175151205187398240e-01 2.838279529692535360e-04
6.622073578595317755e+00 1.818762742354207611e-146 8.110584912627197829e-01 3.168933095265213332e-04 5.219331346267808147e-01 2.301094808236203010e-04
6.923076923076923350e+00 4.286994687949046643e-143 8.179105936716976055e-01 3.216142050993198121e-04 5.263511487348216944e-01 1.484392522951516957e-04
7.224080267558528945e+00 9.193228938784907549e-140 8.247626960806754282e-01 3.301132244672646426e-04 5.307691628428625741e-01 7.620883537629550859e-05
7.525083612040134540e+00 1.793582836682832539e-136 8.316147984896533618e-01 3.543611404765556038e-04 5.351871769509034538e-01 3.129526047630478217e-05
7.826086956521740134e+00 3.183559983687532309e-133 8.384669008986311844e-01 4.057370758100311940e-04 5.396051910589444445e-01 1.130980662431005303e-05
8.127090301003345729e+00 5.140943948086570474e-130 8.453190033076090071e-01 4.911809530986240274e-04 5.440232051669853242e-01 8.913525548124420889e-06
8.428093645484949548e+00 7.552851299011227456e-127 8.521711057165868297e-01 6.105986377858326755e-04 5.484412192750262038e-01 2.685256835047069023e-05
8.729096989966555142e+00 1.009525361887473232e-123 8.590232081255646523e-01 7.566522732984172278e-04 5.528592333830670835e-01 8.754802174589066083e-05
9.030100334448160737e+00 1.227613816944890992e-120 8.658753105345424750e-01 9.165637527635070317e-04 5.572772474911080742e-01 2.312961715345416734e-04
9.331103678929766332e+00 1.358139986432789145e-117 8.727274129435204086e-01 1.074559846042652056e-03 5.616952615991489539e-01 4.866477121349307143e-04
9.632107023411371927e+00 1.366990632420879239e-114 8.795795153524982313e-01 1.214088769440055610e-03 5.661132757071898336e-01 8.147225057795088069e-04
9.933110367892977521e+00 1.251770682279257394e-111 8.864316177614760539e-01 1.320240862971344426e-03 5.705312898152308243e-01 1.085263086902546947e-03
1.023411371237458312e+01 1.042850966340664078e-108 8.932837201704539876e-01 1.383109491038881636e-03 5.749493039232717040e-01 1.150243346509484095e-03
1.053511705685618871e+01 7.904200631551418964e-106 9.001358225794318102e-01 1.401437148774228999e-03 5.793673180313125837e-01 9.700045315631288054e-04
1.083612040133779431e+01 5.450444209040349913e-103 9.069879249884096328e-01 1.384396461718289230e-03 5.837853321393534634e-01 6.508593219940975606e-04
1.113712374581939812e+01 3.419354102799123266e-100 9.138400273973874555e-01 1.349918385442449957e-03 5.882033462473943430e-01 3.474800125841066086e-04
1.143812709030100372e+01 1.951616558774456900e-97 9.206921298063652781e-01 1.320504154617827127e-03 5.926213603554353337e-01 1.476052689734857169e-04
1.173913043478260931e+01 1.013405246571212386e-94 9.275442322153431007e-01 1.319286219813559308e-03 5.970393744634762134e-01 4.988881924073200279e-05
1.204013377926421491e+01 4.787513827016607665e-92 9.343963346243210344e-01 1.368024513412266930e-03 6.014573885715170931e-01 1.341633590562076747e-05
1.234113712374582050e+01 2.057667387281562993e-89 9.412484370332988570e-01 1.485810388130492758e-03 6.058754026795580838e-01 2.870740885959436201e-06
1.264214046822742610e+01 8.045972599148348930e-87 9.481005394422766797e-01 1.685937809790746811e-03 6.102934167875989635e-01 4.887514452531482170e-07
1.294314381270903169e+01 2.862333068938972757e-84 9.549526418512546133e-01 1.970589997262887309e-03 6.147114308956398432e-01 6.628922047573748040e-08
1.324414715719063551e+01 9.264031721666747984e-82 9.618047442602324359e-01 2.326567016043239525e-03 6.191294450036808339e-01 8.151758183409157213e-09
1.354515050167224111e+01 2.727835323200691538e-79 9.686568466692102586e-01 2.726103747417662603e-03 6.235474591117217136e-01 1.056310184554125354e-08
1.384615384615384670e+01 7.307595813222077515e-77 9.755089490781880812e-01 3.133334591023777434e-03 6.279654732197625933e-01 7.760403961032393269e-08
1.414715719063545230e+01 1.781021438370290771e-74 9.823610514871659039e-01 3.512383195874128547e-03 6.323834873278034729e-01 4.810164064824319970e-07
1.444816053511705789e+01 3.949135561880628676e-72 9.892131538961437265e-01 3.832329357811072208e-03 6.368015014358443526e-01 2.373528533399450863e-06
1.474916387959866348e+01 7.966603655058086686e-70 9.960652563051215491e-01 4.068508421271627151e-03 6.412195155438853433e-01 9.318808098546213411e-06
1.505016722408026908e+01 1.462118813043318181e-67 1.002917358714099372e+00 4.204162797447975712e-03 6.456375296519262230e-01 2.911089986113645579e-05
1.535117056856187467e+01 2.441352087766814825e-65 1.009769461123077416e+00 4.235892929337770584e-03 6.500555437599671027e-01 7.235694551347369161e-05
1.565217391304348027e+01 3.708655418074699547e-63 1.016621563532055239e+00 4.180634531899258925e-03 6.544735578680080934e-01 1.430981940671931468e-04
1.595317725752508409e+01 5.125554850560098138e-61 1.023473665941033062e+00 4.077101364607167884e-03 6.588915719760489731e-01 2.251735700187641037e-04
1.625418060200669146e+01 6.444713991906601216e-59 1.030325768350010884e+00 3.976559822575483592e-03 6.633095860840898528e-01 2.819226744903905574e-04
1.655518394648829528e+01 7.372330669270906027e-57 1.037177870758988707e+00 3.925595299736395032e-03 6.677276001921308435e-01 2.808483863208918263e-04
1.685618729096989910e+01 7.672632543788126136e-55 1.044029973167966530e+00 3.950466737265768968e-03 6.721456143001717232e-01 2.226092425130093988e-04
1.715719063545150647e+01 7.264780224212451147e-53 1.050882075576944352e+00 4.052761775535527501e-03 6.765636284082126028e-01 1.403924598977040192e-04
1.745819397993311028e+01 6.258051233643131912e-51 1.057734177985922175e+00 4.219358868408369830e-03 6.809816425162535936e-01 7.044881757453524019e-05
1.775919732441471766e+01 4.904495984267622120e-49 1.064586280394899998e+00 4.441260350555403975e-03 6.853996566242943622e-01 2.812761867050567107e-05
1.806020066889632147e+01 3.496941688942813666e-47 1.071438382803878042e+00 4.731103522853943692e-03 6.898176707323353529e-01 8.935555484832117894e-06
1.836120401337792885e+01 2.268408500096692749e-45 1.078290485212855865e+00 5.130235727439359968e-03 6.942356848403762326e-01 2.258600806840694203e-06
1.866220735785953266e+01 1.338730545614437321e-43 1.085142587621833687e+00 5.701856050523259126e-03 6.986536989484171123e-01 4.542414221209197697e-07
1.896321070234114003e+01 7.187937892888969512e-42 1.091994690030811510e+00 6.513941231564255273e-03 7.030717130564581030e-01 7.268810230627669279e-08
1.926421404682274385e+01 3.511195033537425313e-40 1.098846792439789333e+00 7.621345731550329718e-03 7.074897271644989827e-01 9.254881317153567992e-09
1.956521739130434767e+01 1.560434018887796286e-38 1.105698894848767155e+00 9.057747800927282503e-03 7.119077412725398624e-01 9.383467480388877050e-10
1.986622073578595504e+01 6.309226114340490807e-37 1.112550997257744978e+00 1.084323228001713574e-02 7.163257553805808531e-01 8.951399228254053448e-11
2.016722408026755886e+01 2.320852357452640941e-35 1.119403099666722801e+00 1.300336902114650889e-02 7.207437694886217328e-01 2.043609473579118646e-10
2.046822742474916623e+01 7.767125412117072117e-34 1.126255202075700623e+00 1.558585749107048272e-02 7.251617835966626124e-01 2.272186550086168154e-09
2.076923076923077005e+01 2.364913795173727557e-32 1.133107304484678668e+00 1.865842493649683825e-02 7.295797977047036031e-01 2.058504899451364296e-08
2.107023411371237742e+01 6.551089352216690248e-31 1.139959406893656491e+00 2.228086946579285396e-02 7.339978118127443718e-01 1.484029669014899573e-07
2.137123745819398124e+01 1.651034782328710805e-29 1.146811509302634313e+00 2.646162905251907282e-02 7.384158259207853625e-01 8.512956893573595329e-07
2.167224080267558861e+01 3.785689785079784911e-28 1.153663611711612136e+00 3.112476594287763229e-02 7.428338400288262422e-01 3.885929441504159833e-06
2.197324414715719243e+01 7.897360227563789499e-27 1.160515714120589958e+00 3.611537719339572711e-02 7.472518541368671219e-01 1.411775199501914399e-05
2.227424749163879625e+01 1.498889239628629790e-25 1.167367816529567781e+00 4.125522572419369760e-02 7.516698682449081126e-01 4.084184998067575913e-05
2.257525083612040362e+01 2.588278489524199029e-24 1.174219918938545604e+00 4.643207647419792666e-02 7.560878823529489923e-01 9.420711341931366917e-05
2.287625418060200744e+01 4.066402411634659350e-23 1.181072021347523648e+00 5.168171235758845655e-02 7.605058964609898720e-01 1.738642988178018024e-04
2.317725752508361481e+01 5.812629664134046630e-22 1.187924123756501249e+00 5.721792358520246674e-02 7.649239105690308627e-01 2.590696924983245894e-04
2.347826086956521863e+01 7.559694829365034201e-21 1.194776226165479294e+00 6.338946514580343083e-02 7.693419246770717423e-01 3.187476453936030109e-04
2.377926421404682600e+01 8.945676486418890788e-20 1.201628328574456894e+00 7.058327237624076322e-02 7.737599387851126220e-01 3.401505347848241727e-04
2.408026755852842982e+01 9.631845241771315736e-19 1.208480430983434939e+00 7.912627994063330117e-02 7.781779528931536127e-01 3.414687412964131875e-04
2.438127090301003363e+01 9.436389594046508604e-18 1.215332533392412762e+00 8.924152640837290651e-02 7.825959670011943814e-01 3.464465875265210692e-04
2.468227424749164101e+01 8.412367786726060663e-17 1.222184635801390584e+00 1.010823418441357119e-01 7.870139811092353721e-01 3.551261910867990952e-04
2.498327759197324482e+01 6.824436194427321307e-16 1.229036738210368407e+00 1.148187353712811221e-01 7.914319952172762518e-01 3.546613109806576051e-04
2.528428093645485220e+01 5.038216361818210708e-15 1.235888840619346229e+00 1.307137889232428407e-01 7.958500093253171315e-01 3.516362571977212970e-04
2.558528428093645601e+01 3.385169395409404464e-14 1.242740943028324274e+00 1.491299829051651593e-01 8.002680234333581222e-01 3.720069388537996374e-04
2.588628762541806339e+01 2.070227606126803389e-13 1.249593045437301875e+00 1.704471439929316767e-01 8.046860375413990019e-01 4.256552860812663048e-04
2.618729096989966720e+01 1.152500958761251610e-12 1.256445147846279919e+00 1.949296543638261714e-01 8.091040516494398815e-01 4.856356448290057243e-04
2.648829431438127102e+01 5.841379301688350650e-12 1.263297250255257520e+00 2.226143116541293154e-01 8.135220657574808723e-01 5.078406076445030363e-04
2.678929765886287839e+01 2.696025391480634332e-11 1.270149352664235565e+00 2.532796430880365213e-01 8.179400798655217519e-01 4.654640587361670405e-04
2.709030100334448221e+01 1.133376794449586406e-10 1.277001455073213387e+00 2.865111707300072585e-01 8.223580939735626316e-01 3.676049903209148450e-04
2.739130434782608958e+01 4.341154348109944297e-10 1.283853557482191210e+00 3.218273980467280526e-01 8.267761080816036223e-01 2.564200129081951711e-04
2.769230769230769340e+01 1.515646288292571674e-09 1.290705659891169033e+00 3.588076508157318489e-01 8.311941221896443910e-01 1.932783897157963789e-04
2.799331103678930077e+01 4.826043368580907070e-09 1.297557762300146855e+00 3.971711364891013507e-01 8.356121362976853817e-01 2.484231552253537327e-04
2.829431438127090459e+01 1.402506055560906389e-08 1.304409864709124900e+00 4.367836782545821417e-01 8.400301504057262614e-01 4.945987953721479825e-04
2.859531772575251196e+01 3.723673915155976807e-08 1.311261967118102501e+00 4.776022705428692450e-01 8.444481645137671411e-01 9.785465712859036259e-04
2.889632107023411578e+01 9.044582940172703063e-08 1.318114069527080545e+00 5.196009308312218300e-01 8.488661786218081318e-01 1.655948035604002571e-03
2.919732441471571960e+01 2.013675422249976396e-07 1.324966171936058146e+00 5.627384027584264592e-01 8.532841927298490114e-01 2.343418643051730244e-03
2.949832775919732697e+01 4.120543766638319291e-07 1.331818274345036190e+00 6.070034981264912366e-01 8.577022068378898911e-01 2.779544933202051336e-03
2.979933110367893079e+01 7.779729772898054641e-07 1.338670376754014013e+00 6.525041848326282867e-01 8.621202209459308818e-01 2.800710129391550084e-03
3.010033444816053816e+01 1.362717886951671133e-06 1.345522479162991836e+00 6.995013977642865477e-01 8.665382350539717615e-01 2.489640605270507755e-03
3.040133779264214198e+01 2.231554700270412671e-06 1.352374581571969658e+00 7.483024163091258618e-01 8.709562491620126412e-01 2.140852175566336588e-03
3.070234113712374935e+01 3.451688091326077215e-06 1.359226683980947481e+00 7.990409422118914806e-01 8.753742632700536319e-01 2.063782303061606743e-03
3.100334448160535317e+01 5.108008285453831290e-06 1.366078786389925526e+00 8.514979481788729210e-01 8.797922773780944006e-01 2.400858897481620777e-03
3.130434782608696054e+01 7.336298202170407363e-06 1.372930888798903126e+00 9.051308854007040772e-01 8.842102914861353913e-01 3.086125098686497235e-03
3.160535117056856436e+01 1.036329985418891720e-05 1.379782991207881171e+00 9.593352929375730254e-01 8.886283055941762710e-01 3.915955684161078094e-03
3.190635451505016817e+01 1.453296739009927829e-05 1.386635093616858772e+00 1.013768188316571006e+00 8.930463197022171506e-01 4.655840076232924986e-03
3.220735785953177555e+01 2.029929792707490691e-05 1.393487196025836816e+00 1.068488239734219469e+00 8.974643338102581414e-01 5.155174935244020464e-03
3.250836120401338292e+01 2.817921116766998514e-05 1.400339298434814639e+00 1.123789324652592070e+00 9.018823479182990210e-01 5.434669358413702842e-03
3.280936454849498318e+01 3.867716277203500923e-05 1.407191400843792461e+00 1.179826727087920135e+00 9.063003620263399007e-01 5.674555502895963117e-03
3.311036789297659055e+01 5.221077379247259837e-05 1.414043503252770284e+00 1.236280655323158895e+00 9.107183761343808914e-01 6.094571708396855081e-03
3.341137123745819792e+01 6.908352761620902612e-05 1.420895605661748107e+00 1.292266185662592326e+00 9.151363902424217711e-01 6.810485038281931247e-03
3.371237458193979819e+01 8.956130935727336462e-05 1.427747708070725929e+00 1.346528357810663490e+00 9.195544043504626508e-01 7.749941185151655067e-03
3.401337792642140556e+01 1.140928429324124466e-04 1.434599810479703752e+00 1.397791215749038418e+00 9.239724184585036415e-01 8.667497555787986516e-03
3.431438127090301293e+01 1.436481380425407408e-04 1.441451912888681797e+00 1.445066321134668597e+00 9.283904325665444102e-01 9.285464892442226240e-03
3.461538461538462030e+01 1.800512007284870558e-04 1.448304015297659397e+00 1.487781870472600243e+00 9.328084466745854009e-01 9.528255421007540693e-03
3.491638795986622057e+01 2.261235802803900400e-04 1.455156117706637442e+00 1.525708327257973451e+00 9.372264607826263916e-01 9.676043738209275449e-03
3.521739130434782794e+01 2.855058429072419141e-04 1.462008220115615265e+00 1.558759340192718890e+00 9.416444748906671602e-01 1.021999422039078856e-02
3.551839464882943531e+01 3.621816029551299374e-04 1.468860322524593087e+00 1.586794908403250659e+00 9.460624889987081509e-01 1.143560436479261304e-02
3.581939799331104268e+01 4.598982148503784079e-04 1.475712424933570910e+00 1.609538112457944425e+00 9.504805031067491417e-01 1.304548194329831039e-02
3.612040133779264295e+01 5.817438801381575762e-04 1.482564527342548732e+00 1.626652868747477054e+00 9.548985172147899103e-01 1.438715341324777949e-02
3.642140468227425032e+01 7.300536146839335661e-04 1.489416629751526555e+00 1.637949708227603329e+00 9.593165313228309010e-01 1.501183152559612197e-02
3.672240802675585769e+01 9.066187165642298129e-04 1.496268732160504378e+00 1.643625448127182809e+00 9.637345454308716697e-01 1.509828043436436083e-02
3.702341137123745796e+01 1.112970754858243856e-03 1.503120834569482422e+00 1.644425565754027208e+00 9.681525595389126604e-01 1.524303863115239119e-02
3.732441471571906533e+01 1.350431619548782530e-03 1.509972936978460023e+00 1.641648758219393489e+00 9.725705736469536511e-01 1.592572592120225505e-02
3.762541806020067270e+01 1.619765776561070880e-03 1.516825039387438068e+00 1.636975780514543066e+00 9.769885877549944198e-01 1.724244776541587754e-02
3.792642140468228007e+01 1.920608766847066396e-03 1.523677141796415890e+00 1.632172845439013864e+00 9.814066018630354105e-01 1.905303983694290812e-02
3.822742474916388034e+01 2.251152988965299598e-03 1.530529244205393713e+00 1.628767019285924489e+00 9.858246159710764012e-01 2.124413667732084898e-02
3.852842809364548771e+01 2.608554445441744595e-03 1.537381346614371536e+00 1.627799445888316265e+00 9.902426300791171698e-01 2.387053071229572679e-02
3.882943143812709508e+01 2.990102613721911089e-03 1.544233449023349358e+00 1.629728754764600662e+00 9.946606441871581605e-01 2.716380626845312993e-02
3.913043478260869534e+01 3.394656703997400542e-03 1.551085551432327181e+00 1.634493772101358378e+00 9.990786582951991512e-01 3.141673670450073619e-02
3.943143812709030271e+01 3.823629329240471955e-03 1.557937653841305004e+00 1.641676966116637271e+00 1.003496672403239920e+00 3.674576454037102591e-02
3.973244147157191009e+01 4.281053118653436844e-03 1.564789756250283048e+00 1.650671657069194609e+00 1.007914686511280911e+00 4.288014067572414045e-02
4.003344481605351746e+01 4.772729441985572134e-03 1.571641858659260649e+00 1.660774332048533530e+00 1.012332700619321679e+00 4.915897977706028266e-02
4.033444816053511772e+01 5.304758041735669304e-03 1.578493961068238693e+00 1.671194381987177069e+00 1.016750714727362670e+00 5.473416920277492798e-02
4.063545150501672509e+01 5.881828863490401980e-03 1.585346063477216516e+00 1.681048971356931654e+00 1.021168728835403661e+00 5.891824405547705507e-02
4.093645484949833246e+01 6.505773104472671250e-03 1.592198165886194339e+00 1.689426316622293811e+00 1.025586742943444429e+00 6.167343345709702662e-02
4.123745819397993273e+01 7.175103749268392506e-03 1.599050268295172161e+00 1.695535121678914292e+00 1.030004757051485420e+00 6.393543382887638404e-02
4.153846153846154010e+01 7.886245003846499568e-03 1.605902370704149984e+00 1.698864959268464148e+00 1.034422771159526411e+00 6.714762625947190422e-02
4.183946488294314747e+01 8.636393477620801437e-03 1.612754473113127807e+00 1.699249779320761045e+00 1.038840785267567179e+00 7.213395721851635634e-02
4.214046822742475484e+01 9.426672760286948505e-03 1.619606575522105629e+00 1.696792777212650538e+00 1.043258799375608170e+00 7.855739405831418942e-02
4.244147157190635511e+01 1.026346207241010493e-02 1.626458677931083674e+00 1.691722032569504819e+00 1.047676813483649161e+00 8.558191225383530998e-02
4.274247491638796248e+01 1.115647680503632777e-02 1.633310780340061275e+00 1.684302403900942435e+00 1.052094827591689929e+00 9.270595656554075914e-02
4.304347826086956985e+01 1.211414951311753224e-02 1.640162882749039319e+00 1.674873555545580706e+00 1.056512841699730920e+00 9.982002480799012645e-02
4.334448160535117722e+01 1.313863904491829535e-02 1.647014985158017142e+00 1.663956129971779330e+00 1.060930855807771689e+00 1.069389026379766322e-01
4.364548494983277749e+01 1.422296415690892102e-02 1.653867087566994964e+00 1.652274773468435543e+00 1.065348869915812680e+00 1.142931034457930761e-01
4.394648829431438486e+01 1.535134087633110642e-02 1.660719189975972787e+00 1.640577715642773216e+00 1.069766884023853670e+00 1.225510850444182231e-01
4.424749163879599223e+01 1.650217015708439067e-02 1.667571292384950610e+00 1.629284321912168432e+00 1.074184898131894439e+00 1.325438066955373362e-01
4.454849498327759250e+01 1.765246779191572898e-02 1.674423394793928432e+00 1.618158634544757835e+00 1.078602912239935430e+00 1.445111500981408892e-01
4.484949832775919987e+01 1.878271400814749553e-02 1.681275497202906255e+00 1.606253843478967935e+00 1.083020926347976420e+00 1.577978685112345070e-01
4.515050167224080724e+01 1.988120125981010164e-02 1.688127599611884078e+00 1.592243203599450263e+00 1.087438940456017189e+00 1.717127669731832174e-01
4.545150501672241461e+01 2.094668099006848777e-02 1.694979702020862122e+00 1.575021147392827059e+00 1.091856954564058180e+00 1.866292688174248926e-01
4.575250836120401488e+01 2.198817502378758518e-02 1.701831804429839945e+00 1.554278724554884583e+00 1.096274968672099170e+00 2.035677773521848422e-01
4.605351170568562225e+01 2.302185339234139386e-02 1.708683906838817768e+00 1.530751208058549917e+00 1.100692982780139939e+00 2.223622878826775062e-01
4.635451505016722962e+01 2.406634721307946215e-02 1.715536009247795590e+00 1.506006370890371482e+00 1.105110996888180930e+00 2.408083290823627154e-01
4.665551839464882988e+01 2.513846138088737803e-02 1.722388111656773413e+00 1.481881542852305111e+00 1.109529010996221698e+00 2.562865893013917540e-01
4.695652173913043725e+01 2.625035862322221483e-02 1.729240214065751235e+00 1.459845080256196193e+00 1.113947025104262689e+00 2.682431726630884472e-01
4.725752508361204463e+01 2.740776295297897222e-02 1.736092316474729058e+00 1.440566943832993552e+00 1.118365039212303680e+00 2.789617839370367447e-01
4.755852842809365200e+01 2.860814277458631483e-02 1.742944418883706881e+00 1.423845734715149858e+00 1.122783053320344449e+00 2.922556291761527203e-01
4.785953177257525226e+01 2.983885818091676703e-02 1.749796521292684703e+00 1.408849673046083106e+00 1.127201067428385439e+00 3.115997803548892220e-01
4.816053511705685963e+01 3.107683200914219263e-02 1.756648623701662748e+00 1.394499581096575902e+00 1.131619081536426430e+00 3.387974670470123573e-01
4.846153846153846700e+01 3.229150349418041105e-02 1.763500726110640571e+00 1.379812780351959978e+00 1.136037095644467199e+00 3.732974265667459712e-01
4.876254180602006727e+01 3.345085106846810291e-02 1.770352828519618393e+00 1.364110805187967568e+00 1.140455109752508189e+00 4.123950913744494073e-01
4.906354515050167464e+01 3.452764854876311934e-02 1.777204930928596216e+00 1.347088902040788350e+00 1.144873123860549180e+00 4.526869860242991317e-01
4.936454849498328201e+01 3.550250578068223778e-02 1.784057033337574039e+00 1.328786828293653022e+00 1.149291137968589949e+00 4.921563789496034569e-01
4.966555183946488938e+01 3.636267886997142373e-02 1.790909135746551861e+00 1.309489602626431548e+00 1.153709152076630939e+00 5.313239238687299526e-01
4.996655518394648965e+01 3.709909279544051225e-02 1.797761238155529684e+00 1.289572180292172465e+00 1.158127166184671708e+00 5.724541667669842404e-01
5.026755852842809702e+01 3.770523384314050652e-02 1.804613340564507507e+00 1.269319472745444433e+00 1.162545180292712699e+00 6.175074957245576535e-01
5.056856187290970439e+01 3.817942706261897440e-02 1.811465442973485329e+00 1.248788205858665457e+00 1.166963194400753689e+00 6.667806750180954589e-01
5.086956521739130466e+01 3.852872109150243946e-02 1.818317545382463152e+00 1.227784292868426608e+00 1.171381208508794458e+00 7.194241462750429195e-01
5.117056856187291203e+01 3.877122306230493254e-02 1.825169647791441196e+00 1.205982001278605331e+00 1.175799222616835449e+00 7.748991227423324135e-01
5.147157190635451940e+01 3.893500157759815367e-02 1.832021750200419019e+00 1.183129645397630325e+00 1.180217236724876440e+00 8.337365934908624876e-01
5.177257525083612677e+01 3.905379424752326856e-02 1.838873852609396842e+00 1.159223434921689888e+00 1.184635250832917208e+00 8.972258175169479655e-01
5.207357859531772704e+01 3.916090266924471958e-02 1.845725955018374664e+00 1.134533591106281269e+00 1.189053264940958199e+00 9.665668136308636083e-01
5.237458193979933441e+01 3.928284886772666351e-02 1.852578057427352487e+00 1.109445910013561187e+00 1.193471279048999190e+00 1.041829687346477851e+00
5.267558528428094178e+01 3.943454070154989860e-02 1.859430159836330310e+00 1.084201318437708172e+00 1.197889293157039958e+00 1.120970856258119097e+00
5.297658862876254204e+01 3.961787028459023280e-02 1.866282262245308132e+00 1.058703509386757835e+00 1.202307307265080949e+00 1.199663196228082374e+00
5.327759197324414941e+01 3.982488711116124319e-02 1.873134364654285955e+00 1.032550715335990521e+00 1.206725321373121718e+00 1.273181332377880670e+00
5.357859531772575679e+01 4.004458348968564091e-02 1.879986467063263778e+00 1.005318613103042269e+00 1.211143335481162708e+00 1.340296363729767126e+00
5.387959866220736416e+01 4.027004896751846391e-02 1.886838569472241822e+00 9.769489432702797016e-01 1.215561349589203699e+00 1.405935249375106277e+00
5.418060200668896442e+01 4.050202475827916621e-02 1.893690671881219645e+00 9.480030196195688985e-01 1.219979363697244468e+00 1.478850422642119744e+00
5.448160535117057179e+01 4.074648046315521022e-02 1.900542774290197467e+00 9.196007010375328861e-01 1.224397377805285458e+00 1.565485124041658516e+00
5.478260869565217916e+01 4.100695000254567929e-02 1.907394876699175290e+00 8.930521831207050010e-01 1.228815391913326449e+00 1.665764824751021944e+00
5.508361204013378654e+01 4.127529197393930288e-02 1.914246979108153113e+00 8.693746528896456605e-01 1.233233406021367218e+00 1.774420420886662075e+00
5.538461538461538680e+01 4.152573676409612030e-02 1.921099081517130935e+00 8.489409350605765514e-01 1.237651420129408208e+00 1.885739376989402416e+00
5.568561872909699417e+01 4.171596034269108716e-02 1.927951183926108758e+00 8.314039995864809240e-01 1.242069434237449199e+00 1.997250838178509902e+00
5.598662207357860154e+01 4.179603467254585508e-02 1.934803286335086581e+00 8.158680555026541770e-01 1.246487448345489968e+00 2.109667532659559530e+00
5.628762541806020181e+01 4.172272895671386844e-02 1.941655388744064403e+00 8.011631839328124949e-01 1.250905462453530959e+00 2.223460612443641349e+00
5.658862876254180918e+01 4.147412758766758079e-02 1.948507491153042448e+00 7.860914149886109037e-01 1.255323476561571727e+00 2.335475647403328470e+00
5.688963210702341655e+01 4.105885793220332564e-02 1.955359593562020271e+00 7.696050730530094031e-01 1.259741490669612718e+00 2.439658020615146139e+00
5.719063545150502392e+01 4.051580086562573541e-02 1.962211695970998093e+00 7.509522130472111590e-01 1.264159504777653709e+00 2.531598338379512647e+00
5.749163879598662419e+01 3.990368878801372338e-02 1.969063798379975916e+00 7.298151620315623811e-01 1.268577518885694477e+00 2.611902772474284706e+00
5.779264214046823156e+01 3.928423124872823524e-02 1.975915900788953738e+00 7.064034648059939192e-01 1.272995532993735468e+00 2.685409394147065587e+00
5.809364548494983893e+01 3.870532812149539426e-02 1.982768003197931561e+00 6.814252694860576387e-01 1.277413547101776459e+00 2.758474355134480582e+00
5.839464882943143920e+01 3.819075117878534265e-02 1.989620105606909384e+00 6.559044655204161467e-01 1.281831561209817227e+00 2.836529733752031213e+00
5.869565217391304657e+01 3.773923413680606992e-02 1.996472208015887206e+00 6.309041022312424918e-01 1.286249575317858218e+00 2.921808984083561711e+00
5.899665551839465394e+01 3.733119699565860122e-02 2.003324310424865029e+00 6.072773273452189979e-01 1.290667589425899209e+00 3.012998193483404918e+00
5.929765886287626131e+01 3.693831392698207483e-02 2.010176412833843074e+00 5.855425033305574622e-01 1.295085603533939977e+00 3.108384724680347322e+00
5.959866220735786158e+01 3.653155779946251625e-02 2.017028515242820674e+00 5.658930928362705393e-01 1.299503617641980968e+00 3.208170246550297477e+00
5.989966555183946895e+01 3.608633555815777411e-02 2.023880617651798719e+00 5.482765853285985758e-01 1.303921631750021737e+00 3.311651257840831253e+00
6.020066889632107632e+01 3.558611712310780911e-02 2.030732720060776764e+00 5.324624335882510717e-01 1.308339645858062728e+00 3.413536008934548338e+00
6.050167224080267658e+01 3.502625558832458963e-02 2.037584822469754364e+00 5.180627966768904802e-01 1.312757659966103718e+00 3.506000218216084541e+00
6.080267558528428395e+01 3.441750669156280057e-02 2.044436924878731965e+00 5.045278520159008906e-01 1.317175674074144487e+00 3.584984647825120607e+00
6.110367892976589133e+01 3.378631112181621626e-02 2.051289027287710010e+00 4.911668755822986565e-01 1.321593688182185478e+00 3.653372599730539072e+00
6.140468227424749870e+01 3.316883010129796638e-02 2.058141129696688054e+00 4.772338079422351331e-01 1.326011702290226468e+00 3.717477377071923161e+00
6.170568561872909896e+01 3.259887585871115712e-02 2.064993232105665655e+00 4.620767023813033281e-01 1.330429716398267237e+00 3.781260515801490474e+00
6.200668896321070633e+01 3.209435275341668975e-02 2.071845334514643699e+00 4.453093846989207849e-01 1.334847730506308228e+00 3.845212157580641055e+00
6.230769230769231370e+01 3.164909834666448235e-02 2.078697436923621744e+00 4.269401715517696094e-01 1.339265744614349218e+00 3.909769019365728848e+00
6.260869565217392108e+01 3.123474705577322305e-02 2.085549539332599345e+00 4.073967783364499939e-01 1.343683758722389987e+00 3.976243484055452360e+00
6.290969899665552134e+01 3.081158220295464323e-02 2.092401641741576945e+00 3.874210009099501306e-01 1.348101772830430978e+00 4.043574985522572440e+00
6.321070234113712871e+01 3.034234235837626054e-02 2.099253744150554990e+00 3.678615785499602109e-01 1.352519786938471746e+00 4.107901155851709341e+00
6.351170568561873608e+01 2.980217404439500575e-02 2.106105846559533035e+00 3.494425077240890243e-01 1.356937801046512737e+00 4.167344415644105737e+00
6.381270903010033635e+01 2.918143921332937152e-02 2.112957948968510635e+00 3.325959174162377852e-01 1.361355815154553728e+00 4.224470147838760958e+00
6.411371237458195083e+01 2.848272125481769723e-02 2.119810051377488236e+00 3.174134075156069268e-01 1.365773829262594496e+00 4.281772823949133056e+00
6.441471571906355109e+01 2.771577948809900507e-02 2.126662153786466281e+00 3.037110735051151700e-01 1.370191843370635487e+00 4.335908486100407799e+00
6.471571906354515136e+01 2.689350700012061238e-02 2.133514256195444325e+00 2.911593174383271254e-01 1.374609857478676478e+00 4.377679004350122582e+00
6.501672240802676583e+01 2.602977128670057663e-02 2.140366358604421926e+00 2.794191769089038879e-01 1.379027871586717247e+00 4.397634870565215515e+00
6.531772575250836610e+01 2.513851129761804706e-02 2.147218461013399970e+00 2.682437917508019298e-01 1.383445885694758237e+00 4.391859849558342077e+00
6.561872909698996637e+01 2.423347245137231695e-02 2.154070563422378015e+00 2.575268646373864989e-01 1.387863899802799228e+00 4.362521800084637746e+00
6.591973244147158084e+01 2.332868609790008860e-02 2.160922665831355616e+00 2.472982535731372833e-01 1.392281913910839997e+00 4.312866778299639492e+00
6.622073578595318111e+01 2.243989954056293049e-02 2.167774768240333216e+00 2.376793767165362448e-01 1.396699928018880987e+00 4.242584728705342201e+00
6.652173913043478137e+01 2.158621600421076550e-02 2.174626870649311261e+00 2.288182543179237138e-01 1.401117942126921756e+00 4.148725485643371513e+00
6.682274247491639585e+01 2.079021742167520490e-02 2.181478973058289306e+00 2.208236675233220536e-01 1.405535956234962747e+00 4.030603904207294086e+00
6.712374581939799612e+01 2.007521149610434416e-02 2.188331075467266906e+00 2.137106534407337555e-01 1.409953970343003737e+00 3.893613436899400870e+00
6.742474916387959638e+01 1.946011825337462184e-02 2.195183177876244507e+00 2.073619651775410744e-01 1.414371984451044506e+00 3.748233054144815668e+00
6.772575250836121086e+01 1.895436917545112454e-02 2.202035280285222996e+00 2.015096965811887519e-01 1.418789998559085497e+00 3.604149729074020758e+00
6.802675585284281112e+01 1.855529256335442662e-02 2.208887382694200596e+00 1.957476424524582648e-01 1.423208012667126487e+00 3.464201247015143093e+00
6.832775919732442560e+01 1.824870004125519682e-02 2.215739485103178197e+00 1.895876551797799070e-01 1.427626026775167478e+00 3.323563969529117923e+00
6.862876254180602587e+01 1.801147443361937953e-02 2.222591587512156242e+00 1.825609000711960195e-01 1.432044040883208247e+00 3.174702092107637430e+00
6.892976588628762613e+01 1.781459479149438696e-02 2.229443689921134286e+00 1.743390662595214191e-01 1.436462054991249238e+00 3.014730825409689619e+00
6.923076923076924061e+01 1.762615208029408992e-02 2.236295792330111887e+00 1.648292451766615874e-01 1.440880069099290006e+00 2.850292975214721025e+00
6.953177257525084087e+01 1.741490823566868573e-02 2.243147894739089487e+00 1.541995994398635828e-01 1.445298083207330997e+00 2.694560303901892606e+00
6.983277591973244114e+01 1.715461325282098548e-02 2.249999997148067532e+00 1.428237525473020353e-01 1.449716097315371988e+00 2.557074978448055091e+00
7.013377926421405562e+01 1.682811448462463721e-02 2.256852099557045577e+00 1.311703936180245167e-01 1.454134111423412756e+00 2.436170131374877368e+00
7.043478260869565588e+01 1.642975157547061152e-02 2.263704201966023177e+00 1.196855927330822134e-01 1.458552125531453747e+00 2.321357184250051997e+00
7.073578595317725615e+01 1.596530647832428498e-02 2.270556304375001222e+00 1.087088409574250431e-01 1.462970139639494738e+00 2.201746897774634171e+00
7.103678929765887062e+01 1.545002913328696360e-02 2.277408406783979267e+00 9.844036215141226120e-02 1.467388153747535506e+00 2.072469901543055215e+00
7.133779264214047089e+01 1.490571619578640560e-02 2.284260509192956867e+00 8.895472907751940383e-02 1.471806167855576497e+00 1.935776333091645318e+00
7.163879598662208537e+01 1.435727402557632204e-02 2.291112611601934468e+00 8.024430982174550475e-02 1.476224181963617488e+00 1.797790075081969308e+00
7.193979933110368563e+01 1.382864657126281309e-02 2.297964714010912513e+00 7.227387947618874042e-02 1.480642196071658256e+00 1.664121425024321921e+00
7.224080267558528590e+01 1.333836575654317839e-02 2.304816816419890557e+00 6.502848827471258142e-02 1.485060210179699247e+00 1.538169470616932877e+00
7.254180602006690037e+01 1.289598807786711439e-02 2.311668918828868158e+00 5.853782578968966255e-02 1.489478224287740016e+00 1.422411348544329490e+00
7.284280936454850064e+01 1.250106804950123877e-02 2.318521021237845758e+00 5.286543065635172789e-02 1.493896238395781007e+00 1.318988476871820303e+00
7.314381270903010090e+01 1.214530214881082842e-02 2.325373123646824247e+00 4.806467825122751059e-02 1.498314252503821997e+00 1.227991052981050046e+00
7.344481605351171538e+01 1.181671290923011486e-02 2.332225226055801848e+00 4.412277034245365437e-02 1.502732266611862766e+00 1.146601925880911477e+00
7.374581939799331565e+01 1.150375447947192022e-02 2.339077328464779448e+00 4.092625452591303753e-02 1.507150280719903757e+00 1.071326285696010849e+00
7.404682274247491591e+01 1.119782893802650364e-02 2.345929430873757493e+00 3.827344907273923236e-02 1.511568294827944747e+00 1.000292570486263077e+00
7.434782608695653039e+01 1.089416247700867452e-02 2.352781533282735538e+00 3.593133529338463084e-02 1.515986308935985516e+00 9.323640620198906381e-01
7.464882943143813065e+01 1.059182392904634180e-02 2.359633635691713138e+00 3.370621371060074367e-02 1.520404323044026507e+00 8.654548614564933073e-01
7.494983277591973092e+01 1.029328312803291443e-02 2.366485738100690739e+00 3.149083378754055640e-02 1.524822337152067497e+00 7.978796506359978613e-01
7.525083612040134540e+01 1.000315821819477979e-02 2.373337840509668784e+00 2.926973749507978673e-02 1.529240351260108266e+00 7.307019620297335871e-01
7.555183946488294566e+01 9.725869748696693018e-03 2.380189942918646828e+00 2.709152661155173406e-02 1.533658365368149257e+00 6.665003745443445204e-01
7.585284280936456014e+01 9.462888507810107361e-03 2.387042045327624429e+00 2.503060392261478515e-02 1.538076379476190025e+00 6.059275791869382921e-01
7.615384615384616041e+01 9.211072295186412476e-03 2.393894147736602473e+00 2.315620409180748837e-02 1.542494393584231016e+00 5.473885486239044029e-01
7.645484949832776067e+01 8.963281745285739399e-03 2.400746250145580518e+00 2.151376941685681152e-02 1.546912407692272007e+00 4.900182131909109340e-01
7.675585284280937515e+01 8.711188409873782401e-03 2.407598352554558119e+00 2.011539788293236278e-02 1.551330421800312775e+00 4.351237499139664622e-01
7.705685618729097541e+01 8.448899043963989733e-03 2.414450454963535719e+00 1.893596648163123342e-02 1.555748435908353766e+00 3.844295986095718765e-01
7.735785953177257568e+01 8.175560909211546448e-03 2.421302557372513764e+00 1.791562935401299489e-02 1.560166450016394757e+00 3.383921374387414693e-01
7.765886287625419016e+01 7.895680504327672045e-03 2.428154659781491809e+00 1.697195884016263270e-02 1.564584464124435526e+00 2.969384627184811221e-01
7.795986622073579042e+01 7.617111870594231449e-03 2.435006762190469409e+00 1.602250168433238739e-02 1.569002478232476516e+00 2.609258137665650401e-01
7.826086956521739069e+01 7.347874596956338426e-03 2.441858864599447010e+00 1.501157022360827958e-02 1.573420492340517507e+00 2.316602700323460162e-01
7.856187290969900516e+01 7.093456228670439942e-03 2.448710967008425499e+00 1.392899608276528499e-02 1.577838506448558276e+00 2.089157588964363210e-01
7.886287625418060543e+01 6.855745922295660745e-03 2.455563069417403099e+00 1.281000985223817654e-02 1.582256520556599266e+00 1.903376353525422782e-01
7.916387959866221991e+01 6.633622854552775373e-03 2.462415171826380700e+00 1.171563558139573219e-02 1.586674534664640035e+00 1.731739882824761267e-01
7.946488294314382017e+01 6.424301465468434079e-03 2.469267274235358745e+00 1.070482044168144346e-02 1.591092548772681026e+00 1.560689984462823310e-01
7.976588628762542044e+01 6.224409766650233940e-03 2.476119376644336789e+00 9.813234178434170757e-03 1.595510562880722016e+00 1.390520041135038798e-01
8.006688963210703491e+01 6.030384635773529921e-03 2.482971479053314390e+00 9.046563458690929510e-03 1.599928576988762785e+00 1.224485242725588535e-01
8.036789297658863518e+01 5.838534598300941167e-03 2.489823581462291990e+00 8.385211008859279683e-03 1.604346591096803776e+00 1.061718080831341587e-01
8.066889632107023544e+01 5.645432040659439064e-03 2.496675683871270035e+00 7.792197144871116678e-03 1.608764605204844766e+00 8.986192112338300952e-02
8.096989966555184992e+01 5.448912284205087615e-03 2.503527786280248080e+00 7.219730951893186394e-03 1.613182619312885535e+00 7.354744971625966354e-02
8.127090301003345019e+01 5.249182470170757168e-03 2.510379888689225680e+00 6.616654018198706022e-03 1.617600633420926526e+00 5.808361228635588319e-02
8.157190635451505045e+01 5.049069708635893668e-03 2.517231991098203725e+00 5.940746558787405457e-03 1.622018647528967517e+00 4.473994185247548439e-02
8.187290969899666493e+01 4.852810818532617490e-03 2.524084093507181770e+00 5.174528306195176272e-03 1.626436661637008285e+00 3.429348080590142317e-02
8.217391304347826519e+01 4.663840477854002721e-03 2.530936195916159370e+00 4.336362853116171312e-03 1.630854675745049276e+00 2.660435117687258433e-02
8.247491638795986546e+01 4.482909871830565406e-03 2.537788298325136971e+00 3.478106139334523859e-03 1.635272689853090045e+00 2.096993094933226331e-02
8.277591973244147994e+01 4.307756310730750417e-03 2.544640400734115016e+00 2.668069011184093058e-03 1.639690703961131035e+00 1.668379713269409204e-02
8.307692307692308020e+01 4.134480348248460724e-03 2.551492503143093060e+00 1.967634478257687582e-03 1.644108718069172026e+00 1.328175701060469241e-02
8.337792642140469468e+01 3.959636601714836696e-03 2.558344605552070661e+00 1.413451655961990919e-03 1.648526732177212795e+00 1.049322162260412500e-02
8.367892976588629494e+01 3.781706105598581225e-03 2.565196707961048261e+00 1.012313846071933796e-03 1.652944746285253785e+00 8.150750603600194141e-03
8.397993311036789521e+01 3.601263459159635173e-03 2.572048810370026750e+00 7.474130203992823554e-04 1.657362760393294776e+00 6.179332944281795172e-03
8.428093645484950969e+01 3.420179700628655974e-03 2.578900912779004351e+00 5.893721552045236116e-04 1.661780774501335545e+00 4.594613961702014027e-03
8.458193979933110995e+01 3.240797973093223310e-03 2.585753015187981951e+00 5.059405011913579173e-04 1.666198788609376535e+00 3.426231327551218422e-03
8.488294314381271022e+01 3.065777366505897245e-03 2.592605117596959996e+00 4.680087419930366831e-04 1.670616802717417526e+00 2.634546936351772790e-03
8.518394648829432469e+01 2.898486863555282435e-03 2.599457220005938041e+00 4.526337865480004248e-04 1.675034816825458295e+00 2.127806461559053879e-03
8.548494983277592496e+01 2.743173101430149228e-03 2.606309322414915641e+00 4.442698247497886034e-04 1.679452830933499285e+00 1.827525896105874599e-03
8.578595317725752523e+01 2.604235660776318094e-03 2.613161424823893242e+00 4.344842685002424485e-04 1.683870845041540054e+00 1.667042872304573932e-03
8.608695652173913970e+01 2.484767668754200159e-03 2.620013527232871287e+00 4.200350399236441696e-04 1.688288859149581045e+00 1.552321549845092586e-03
8.638795986622073997e+01 2.385319808895223267e-03 2.626865629641849331e+00 3.999395820595104878e-04 1.692706873257622036e+00 1.390838008305786975e-03
8.668896321070235444e+01 2.303848508342470815e-03 2.633717732050826932e+00 3.730866354510613573e-04 1.697124887365662804e+00 1.175605992342584763e-03
8.698996655518395471e+01 2.236953249631207924e-03 2.640569834459804976e+00 3.377532539445988460e-04 1.701542901473703795e+00 1.004864443789685617e-03
8.729096989966555498e+01 2.181534312054657886e-03 2.647421936868783021e+00 2.929803496140373498e-04 1.705960915581744786e+00 9.826097181046150077e-04
8.759197324414716945e+01 2.135758927295740815e-03 2.654274039277760622e+00 2.403202659042398190e-04 1.710378929689785554e+00 1.091961584759908264e-03
8.789297658862876972e+01 2.098877189688463148e-03 2.661126141686738222e+00 1.842784220880543816e-04 1.714796943797826545e+00 1.184360900907286893e-03
8.819397993311036998e+01 2.070351192607127518e-03 2.667978244095716711e+00 1.309359768757294975e-04 1.719214957905867536e+00 1.110563077973293362e-03
8.849498327759198446e+01 2.049161023731309750e-03 2.674830346504694312e+00 8.566827764429182826e-05 1.723632972013908304e+00 8.550487166278218252e-04
8.879598662207358473e+01 2.033794479038431545e-03 2.681682448913671912e+00 5.139427646200072226e-05 1.728050986121949295e+00 5.312337052521067015e-04
8.909698996655518499e+01 2.022758614310754110e-03 2.688534551322649513e+00 2.819243948444414441e-05 1.732469000229990064e+00 2.648635486728680459e-04
8.939799331103679947e+01 2.015083929035452713e-03 2.695386653731628002e+00 1.411535056251914439e-05 1.736887014338031054e+00 1.057757211473064852e-04
8.969899665551839973e+01 2.010438938847431464e-03 2.702238756140605602e+00 6.443038414284551175e-06 1.741305028446072045e+00 3.380895803974655296e-05
9.000000000000000000e+01 2.008868306501761063e-03 2.709090858549583203e+00 2.679228998661542534e-06 1.745723042554112814e+00 8.644595331505325775e-06
