0.000000000000000000e+00 0.000000000000000000e+00 2.087940482316454460e+00 2.850546935731220426e-06 1.986116820073856593e+00 1.572985338147970920e-06
3.010033444816053727e-01 0.000000000000000000e+00 2.091125273008832330e+00 5.670427366182548638e-06 1.989589458112017484e+00 3.504049676095900253e-06
6.020066889632107454e-01 0.000000000000000000e+00 2.094310063701210201e+00 1.067339196695911661e-05 1.993062096150178375e+00 7.264184394039095420e-06
9.030100334448161181e-01 0.000000000000000000e+00 2.097494854393588071e+00 1.902165852761087290e-05 1.996534734188339266e+00 1.403886743636570943e-05
1.204013377926421491e+00 0.000000000000000000e+00 2.100679645085966385e+00 3.212546849866542825e-05 2.000007372226500379e+00 2.535251195153399560e-05
1.505016722408026864e+00 0.000000000000000000e+00 2.103864435778344255e+00 5.148807019283589735e-05 2.003480010264661271e+00 4.291156191666812647e-05
1.806020066889632236e+00 0.000000000000000000e+00 2.107049226470722125e+00 7.847409806797794060e-05 2.006952648302822162e+00 6.833470866438818496e-05
2.107023411371237387e+00 0.000000000000000000e+00 2.110234017163099995e+00 1.140933574456765801e-04 2.010425286340983053e+00 1.028415309453973621e-04
2.408026755852842982e+00 0.000000000000000000e+00 2.113418807855477866e+00 1.589582482202783211e-04 2.013897924379143944e+00 1.469880385121152594e-04
2.709030100334448576e+00 0.000000000000000000e+00 2.116603598547855736e+00 2.135895112885012332e-04 2.017370562417304836e+00 2.004798940618428597e-04
3.010033444816053727e+00 0.000000000000000000e+00 2.119788389240233606e+00 2.791686155363582063e-04 2.020843200455465727e+00 2.620031822324356491e-04
3.311036789297658878e+00 0.000000000000000000e+00 2.122973179932611920e+00 3.586596568356794842e-04 2.024315838493626618e+00 3.290013455346156124e-04
3.612040133779264472e+00 0.000000000000000000e+00 2.126157970624989790e+00 4.580026609142540941e-04 2.027788476531787509e+00 3.974758057603206603e-04
3.913043478260870067e+00 0.000000000000000000e+00 2.129342761317367660e+00 5.869162938869645040e-04 2.031261114569948401e+00 4.621144250621536209e-04
4.214046822742474774e+00 0.000000000000000000e+00 2.132527552009745531e+00 7.588432726446061498e-04 2.034733752608109292e+00 5.171125275363586907e-04
4.515050167224080369e+00 0.000000000000000000e+00 2.135712342702123401e+00 9.897650065732446420e-04 2.038206390646270183e+00 5.577476580493182000e-04
4.816053511705685963e+00 0.000000000000000000e+00 2.138897133394501271e+00 1.295946981697965183e-03 2.041679028684431074e+00 5.822044827974089424e-04
5.117056856187291558e+00 0.000000000000000000e+00 2.142081924086879141e+00 1.691029570349814395e-03 2.045151666722591965e+00 5.927396857007654870e-04
5.418060200668897153e+00 0.000000000000000000e+00 2.145266714779257011e+00 2.183129123363764315e-03 2.048624304760752857e+00 5.954376928270396470e-04
5.719063545150501859e+00 0.000000000000000000e+00 2.148451505471635326e+00 2.772699232298922716e-03 2.052096942798913748e+00 5.985315819933766882e-04
6.020066889632107454e+00 0.000000000000000000e+00 2.151636296164013196e+00 3.451817651224721971e-03 2.055569580837074639e+00 6.100603347291135101e-04
6.321070234113713049e+00 0.000000000000000000e+00 2.154821086856391066e+00 4.205318307180643325e-03 2.059042218875235530e+00 6.359150705747294635e-04
6.622073578595317755e+00 0.000000000000000000e+00 2.158005877548768936e+00 5.013775275236836623e-03 2.062514856913396422e+00 6.789102694982581451e-04
6.923076923076923350e+00 0.000000000000000000e+00 2.161190668241146806e+00 5.857795423055399582e-03 2.065987494951557313e+00 7.387782161786644267e-04
7.224080267558528945e+00 0.000000000000000000e+00 2.164375458933524676e+00 6.722532080975970534e-03 2.069460132989718204e+00 8.125261888541061199e-04
7.525083612040134540e+00 0.000000000000000000e+00 2.167560249625902546e+00 7.601057115108849141e-03 2.072932771027879095e+00 8.947296255137523720e-04
7.826086956521740134e+00 0.000000000000000000e+00 2.170745040318280861e+00 8.495463855297846409e-03 2.076405409066039986e+00 9.778559225746680499e-04
8.127090301003345729e+00 0.000000000000000000e+00 2.173929831010658731e+00 9.415318188593681248e-03 2.079878047104200878e+00 1.053118416987477556e-03
8.428093645484949548e+00 0.000000000000000000e+00 2.177114621703036601e+00 1.037399318523409171e-02 2.083350685142361769e+00 1.112283466709821115e-03
8.729096989966555142e+00 0.000000000000000000e+00 2.180299412395414471e+00 1.138401566593453922e-02 2.086823323180522660e+00 1.150343539892324709e-03
9.030100334448160737e+00 0.000000000000000000e+00 2.183484203087792341e+00 1.245252514939906331e-02 2.090295961218683551e+00 1.168402394699468447e-03
9.331103678929766332e+00 0.000000000000000000e+00 2.186668993780170211e+00 1.357746287382225088e-02 2.093768599256844443e+00 1.175885065992562754e-03
9.632107023411371927e+00 0.000000000000000000e+00 2.189853784472548082e+00 1.474469382158974384e-02 2.097241237295005334e+00 1.191425734663785832e-03
9.933110367892977521e+00 0.000000000000000000e+00 2.193038575164925952e+00 1.592635952256891974e-02 2.100713875333166225e+00 1.242341609939430448e-03
1.023411371237458312e+01 0.000000000000000000e+00 2.196223365857304266e+00 1.708130305111524999e-02 2.104186513371327116e+00 1.363132230513673876e-03
1.053511705685618871e+01 0.000000000000000000e+00 2.199408156549682136e+00 1.815881193372170105e-02 2.107659151409488008e+00 1.593603709003903407e-03
1.083612040133779431e+01 0.000000000000000000e+00 2.202592947242060006e+00 1.910651461157727299e-02 2.111131789447648899e+00 1.976830068867038107e-03
1.113712374581939812e+01 0.000000000000000000e+00 2.205777737934437877e+00 1.988185824069141350e-02 2.114604427485809790e+00 2.556409641941985618e-03
1.143812709030100372e+01 0.000000000000000000e+00 2.208962528626815747e+00 2.046475276815755417e-02 2.118077065523970681e+00 3.371962632228840077e-03
1.173913043478260931e+01 0.000000000000000000e+00 2.212147319319193617e+00 2.086770829581657133e-02 2.121549703562131572e+00 4.452310558801375953e-03
1.204013377926421491e+01 0.000000000000000000e+00 2.215332110011571487e+00 2.113995592604701532e-02 2.125022341600292464e+00 5.807534573429589016e-03
1.234113712374582050e+01 0.000000000000000000e+00 2.218516900703949801e+00 2.136373032053927312e-02 2.128494979638453355e+00 7.423256793016046531e-03
1.264214046822742610e+01 0.000000000000000000e+00 2.221701691396327671e+00 2.164338374236659049e-02 2.131967617676614246e+00 9.261207318969184865e-03
1.294314381270903169e+01 0.000000000000000000e+00 2.224886482088705542e+00 2.209015957145260556e-02 2.135440255714775137e+00 1.126795193424401549e-02
1.324414715719063551e+01 0.000000000000000000e+00 2.228071272781083412e+00 2.280636714523597702e-02 2.138912893752936029e+00 1.338905219459660470e-02
1.354515050167224111e+01 0.000000000000000000e+00 2.231256063473461282e+00 2.387216548067622179e-02 2.142385531791096920e+00 1.558177084303294033e-02
1.384615384615384670e+01 0.000000000000000000e+00 2.234440854165839152e+00 2.533673361314866049e-02 2.145858169829257811e+00 1.781919226502187356e-02
1.414715719063545230e+01 0.000000000000000000e+00 2.237625644858217022e+00 2.721419812252676845e-02 2.149330807867418702e+00 2.008345315039327880e-02
1.444816053511705789e+01 0.000000000000000000e+00 2.240810435550595336e+00 2.948400331662472465e-02 2.152803445905579594e+00 2.235292453776253907e-02
1.474916387959866348e+01 0.000000000000000000e+00 2.243995226242973207e+00 3.209550475541326359e-02 2.156276083943740485e+00 2.459259934342823001e-02
1.505016722408026908e+01 0.000000000000000000e+00 2.247180016935351077e+00 3.497686114439851196e-02 2.159748721981901376e+00 2.675513961186372358e-02
1.535117056856187467e+01 0.000000000000000000e+00 2.250364807627728947e+00 3.804801149459125648e-02 2.163221360020062267e+00 2.879307262074213419e-02
1.565217391304348027e+01 0.000000000000000000e+00 2.253549598320106817e+00 4.123628625490067395e-02 2.166693998058223158e+00 3.067541793158797686e-02
1.595317725752508409e+01 0.000000000000000000e+00 2.256734389012484687e+00 4.449144648377220679e-02 2.170166636096384050e+00 3.239955741820560453e-02
1.625418060200669146e+01 0.000000000000000000e+00 2.259919179704862557e+00 4.779576900789188343e-02 2.173639274134544941e+00 3.399269861259233277e-02
1.655518394648829528e+01 0.000000000000000000e+00 2.263103970397240872e+00 5.116530980119657346e-02 2.177111912172705832e+00 3.550375086291120141e-02
1.685618729096989910e+01 0.000000000000000000e+00 2.266288761089618742e+00 5.464103854861113163e-02 2.180584550210866723e+00 3.699113685935277729e-02
1.715719063545150647e+01 0.000000000000000000e+00 2.269473551781996612e+00 5.827235099926349193e-02 2.184057188249027615e+00 3.851229303097360862e-02
1.745819397993311028e+01 0.000000000000000000e+00 2.272658342474374482e+00 6.209886517707186721e-02 2.187529826287188506e+00 4.011730749164955229e-02
1.775919732441471766e+01 0.000000000000000000e+00 2.275843133166752352e+00 6.613766326946776686e-02 2.191002464325349397e+00 4.184563811015731133e-02
1.806020066889632147e+01 0.000000000000000000e+00 2.279027923859130222e+00 7.038134973323698085e-02 2.194475102363510288e+00 4.372403018940489855e-02
1.836120401337792885e+01 0.000000000000000000e+00 2.282212714551508093e+00 7.480788527645221286e-02 2.197947740401671179e+00 4.576580303294496693e-02
1.866220735785953266e+01 0.000000000000000000e+00 2.285397505243886407e+00 7.939779713411657114e-02 2.201420378439832071e+00 4.797402706025088309e-02
1.896321070234114003e+01 0.000000000000000000e+00 2.288582295936264277e+00 8.415036421875703165e-02 2.204893016477992962e+00 5.035060799706549822e-02
1.926421404682274385e+01 0.000000000000000000e+00 2.291767086628642147e+00 8.908975758605926221e-02 2.208365654516153853e+00 5.290906809765714286e-02
1.956521739130434767e+01 0.000000000000000000e+00 2.294951877321020017e+00 9.425569436361440345e-02 2.211838292554314744e+00 5.568362274591606015e-02
1.986622073578595504e+01 0.000000000000000000e+00 2.298136668013397887e+00 9.967993672185146425e-02 2.215310930592475636e+00 5.872571095476381009e-02
2.016722408026755886e+01 0.000000000000000000e+00 2.301321458705775758e+00 1.053572366374515429e-01 2.218783568630636527e+00 6.208435392288111365e-02
2.046822742474916623e+01 0.000000000000000000e+00 2.304506249398153628e+00 1.112236825477001673e-01 2.222256206668797418e+00 6.577670744481292631e-02
2.076923076923077005e+01 0.000000000000000000e+00 2.307691040090531498e+00 1.171543069106953661e-01 2.225728844706958309e+00 6.976381927389942172e-02
2.107023411371237742e+01 0.000000000000000000e+00 2.310875830782909812e+00 1.229850289864161811e-01 2.229201482745119201e+00 7.394759781529049170e-02
2.137123745819398124e+01 0.000000000000000000e+00 2.314060621475287682e+00 1.285540590223785973e-01 2.232674120783280092e+00 7.819645525799438779e-02
2.167224080267558861e+01 0.000000000000000000e+00 2.317245412167665553e+00 1.337491317119598733e-01 2.236146758821440983e+00 8.239309913780148986e-02
2.197324414715719243e+01 0.000000000000000000e+00 2.320430202860043423e+00 1.385435530797406722e-01 2.239619396859601874e+00 8.648601158752465545e-02
2.227424749163879625e+01 0.000000000000000000e+00 2.323614993552421293e+00 1.430079375761178773e-01 2.243092034897762765e+00 9.052263084633900558e-02
2.257525083612040362e+01 0.000000000000000000e+00 2.326799784244799163e+00 1.472941879475057614e-01 2.246564672935923657e+00 9.464908130015356469e-02
2.287625418060200744e+01 0.000000000000000000e+00 2.329984574937177033e+00 1.515994214600011880e-01 2.250037310974084548e+00 9.907555294323916462e-02
2.317725752508361481e+01 0.000000000000000000e+00 2.333169365629554903e+00 1.561251380268815492e-01 2.253509949012245439e+00 1.040218177589553872e-01
2.347826086956521863e+01 0.000000000000000000e+00 2.336354156321933218e+00 1.610477265650456513e-01 2.256982587050406330e+00 1.096665830143075809e-01
2.377926421404682600e+01 0.000000000000000000e+00 2.339538947014311088e+00 1.665105355831134060e-01 2.260455225088567222e+00 1.161221146909255791e-01
2.408026755852842982e+01 0.000000000000000000e+00 2.342723737706688958e+00 1.726383328058231359e-01 2.263927863126728113e+00 1.234418530127358166e-01
2.438127090301003363e+01 0.000000000000000000e+00 2.345908528399066828e+00 1.795662543350277085e-01 2.267400501164889448e+00 1.316504109727297811e-01
2.468227424749164101e+01 0.000000000000000000e+00 2.349093319091444698e+00 1.874703213843061933e-01 2.270873139203049895e+00 1.407729942202191886e-01
2.498327759197324482e+01 0.000000000000000000e+00 2.352278109783822568e+00 1.965860414787380384e-01 2.274345777241211231e+00 1.508425954741909325e-01
2.528428093645485220e+01 0.000000000000000000e+00 2.355462900476200439e+00 2.072045957092675528e-01 2.277818415279371678e+00 1.618776780121138070e-01
2.558528428093645601e+01 0.000000000000000000e+00 2.358647691168578753e+00 2.196414799459176503e-01 2.281291053317533013e+00 1.738420373468929359e-01
2.588628762541806339e+01 0.000000000000000000e+00 2.361832481860956623e+00 2.341796243754891982e-01 2.284763691355693460e+00 1.866116297418877745e-01
2.618729096989966720e+01 0.000000000000000000e+00 2.365017272553334493e+00 2.509974166905751258e-01 2.288236329393854795e+00 1.999737768204146726e-01
2.648829431438127102e+01 0.000000000000000000e+00 2.368202063245712363e+00 2.700999935101753846e-01 2.291708967432015243e+00 2.136717733018621834e-01
2.678929765886287839e+01 0.000000000000000000e+00 2.371386853938090233e+00 2.912763937638078726e-01 2.295181605470176578e+00 2.274871417988067746e-01
2.709030100334448221e+01 0.000000000000000000e+00 2.374571644630468104e+00 3.141022554617115548e-01 2.298654243508337025e+00 2.413307533973402808e-01
2.739130434782608958e+01 0.000000000000000000e+00 2.377756435322845974e+00 3.379965093152854094e-01 2.302126881546498360e+00 2.553026352057171100e-01
2.769230769230769340e+01 0.000000000000000000e+00 2.380941226015224288e+00 3.623237465526296663e-01 2.305599519584659252e+00 2.696863950252179620e-01
2.799331103678930077e+01 0.000000000000000000e+00 2.384126016707602158e+00 3.865177323912939999e-01 2.309072157622820143e+00 2.848685480521924163e-01
2.829431438127090459e+01 0.000000000000000000e+00 2.387310807399980028e+00 4.101925918181895669e-01 2.312544795660981034e+00 3.012064768816708482e-01
2.859531772575251196e+01 0.000000000000000000e+00 2.390495598092357898e+00 4.332104766703575027e-01 2.316017433699141925e+00 3.188954948111665799e-01
2.889632107023411578e+01 0.000000000000000000e+00 2.393680388784735769e+00 4.556874325172078355e-01 2.319490071737302817e+00 3.378913141445362700e-01
2.919732441471571960e+01 0.000000000000000000e+00 2.396865179477113639e+00 4.779380448411026938e-01 2.322962709775463708e+00 3.579244970850512519e-01
2.949832775919732697e+01 0.000000000000000000e+00 2.400049970169491509e+00 5.003776932471242223e-01 2.326435347813624599e+00 3.786057856571113378e-01
2.979933110367893079e+01 0.000000000000000000e+00 2.403234760861869823e+00 5.234129209267319727e-01 2.329907985851785490e+00 3.995819174908850080e-01
3.010033444816053816e+01 0.000000000000000000e+00 2.406419551554247693e+00 5.473519286856824984e-01 2.333380623889946381e+00 4.206785267098015479e-01
3.040133779264214198e+01 0.000000000000000000e+00 2.409604342246625563e+00 5.723580881688546951e-01 2.336853261928107273e+00 4.419715745891181768e-01
3.070234113712374935e+01 0.000000000000000000e+00 2.412789132939003434e+00 5.984525231133296375e-01 2.340325899966268164e+00 4.637606681463014024e-01
3.100334448160535317e+01 0.000000000000000000e+00 2.415973923631381304e+00 6.255530227160606138e-01 2.343798538004429055e+00 4.864620869133874370e-01
3.130434782608696054e+01 0.000000000000000000e+00 2.419158714323759174e+00 6.535231607971893064e-01 2.347271176042589946e+00 5.104740556505726889e-01
3.160535117056856436e+01 0.000000000000000000e+00 2.422343505016137044e+00 6.822037859444340935e-01 2.350743814080750838e+00 5.360739228424040714e-01
3.190635451505016817e+01 0.000000000000000000e+00 2.425528295708515358e+00 7.114110485439564258e-01 2.354216452118911729e+00 5.633842635670245347e-01
3.220735785953177555e+01 0.000000000000000000e+00 2.428713086400893229e+00 7.409064182498386053e-01 2.357689090157072620e+00 5.924073273049779154e-01
3.250836120401338292e+01 0.000000000000000000e+00 2.431897877093271099e+00 7.703645666221138333e-01 2.361161728195233511e+00 6.230959815812304736e-01
3.280936454849498318e+01 0.000000000000000000e+00 2.435082667785648969e+00 7.993729613316730154e-01 2.364634366233394402e+00 6.554183747378234948e-01
3.311036789297659055e+01 0.000000000000000000e+00 2.438267458478026839e+00 8.274858645331624185e-01 2.368107004271555294e+00 6.893836565459871002e-01
3.341137123745819792e+01 0.000000000000000000e+00 2.441452249170404709e+00 8.543283171472952908e-01 2.371579642309716185e+00 7.250187310950736430e-01
3.371237458193979819e+01 0.000000000000000000e+00 2.444637039862782579e+00 8.797156691169912834e-01 2.375052280347877076e+00 7.623105475374414297e-01
3.401337792642140556e+01 0.000000000000000000e+00 2.447821830555160894e+00 9.037381573155048864e-01 2.378524918386037967e+00 8.011454929522624502e-01
3.431438127090301293e+01 0.000000000000000000e+00 2.451006621247538764e+00 9.267690758045534771e-01 2.381997556424198859e+00 8.412796075453033984e-01
3.461538461538462030e+01 0.000000000000000000e+00 2.454191411939916634e+00 9.493870348509947377e-01 2.385470194462359750e+00 8.823579103885692554e-01
3.491638795986622057e+01 0.000000000000000000e+00 2.457376202632294504e+00 9.722417897682543719e-01 2.388942832500520641e+00 9.239745951976651162e-01
3.521739130434782794e+01 0.000000000000000000e+00 2.460560993324672374e+00 9.959178137739418402e-01 2.392415470538681532e+00 9.657434925141160642e-01
3.551839464882943531e+01 0.000000000000000000e+00 2.463745784017050244e+00 1.020845981963577342e+00 2.395888108576842424e+00 1.007345221918512612e+00
3.581939799331104268e+01 0.000000000000000000e+00 2.466930574709428114e+00 1.047283483571127993e+00 2.399360746615003315e+00 1.048537408796587744e+00
3.612040133779264295e+01 0.000000000000000000e+00 2.470115365401805985e+00 1.075343205542758085e+00 2.402833384653164206e+00 1.089144468426116008e+00
3.642140468227425032e+01 0.000000000000000000e+00 2.473300156094183855e+00 1.105029502526539309e+00 2.406306022691325097e+00 1.129061797099054854e+00
3.672240802675585769e+01 0.000000000000000000e+00 2.476484946786562169e+00 1.136241975457499720e+00 2.409778660729485988e+00 1.168298987469875705e+00
3.702341137123745796e+01 0.000000000000000000e+00 2.479669737478940039e+00 1.168739538451494919e+00 2.413251298767646880e+00 1.207049297205720295e+00
3.732441471571906533e+01 0.000000000000000000e+00 2.482854528171317909e+00 1.202094738041120880e+00 2.416723936805807771e+00 1.245730979912406777e+00
3.762541806020067270e+01 0.000000000000000000e+00 2.486039318863695780e+00 1.235689396446735033e+00 2.420196574843968662e+00 1.284933862554378692e+00
3.792642140468228007e+01 0.000000000000000000e+00 2.489224109556073650e+00 1.268792676904207273e+00 2.423669212882129553e+00 1.325243298756727306e+00
3.822742474916388034e+01 0.000000000000000000e+00 2.492408900248451520e+00 1.300724601637960776e+00 2.427141850920290445e+00 1.366991283618190112e+00
3.852842809364548771e+01 0.000000000000000000e+00 2.495593690940829390e+00 1.331060840080674268e+00 2.430614488958451336e+00 1.410054244691827829e+00
3.882943143812709508e+01 0.000000000000000000e+00 2.498778481633207704e+00 1.359802872188528466e+00 2.434087126996612227e+00 1.453825277304349628e+00
3.913043478260869534e+01 0.000000000000000000e+00 2.501963272325585574e+00 1.387438686006007948e+00 2.437559765034773118e+00 1.497416026630119523e+00
3.943143812709030271e+01 6.911978385319039153e-320 2.505148063017963445e+00 1.414854166210397501e+00 2.441032403072934009e+00 1.540025235410886983e+00
3.973244147157191009e+01 2.176250302086781484e-310 2.508332853710341315e+00 1.443109421262796177e+00 2.444505041111094901e+00 1.581316161368294670e+00
4.003344481605351746e+01 4.896246096563323578e-301 2.511517644402719185e+00 1.473144706011799476e+00 2.447977679149255792e+00 1.621629233340131426e+00
4.033444816053511772e+01 7.871563578676926241e-292 2.514702435095097055e+00 1.505507616163375140e+00 2.451450317187416683e+00 1.661926203511282951e+00
4.063545150501672509e+01 9.042825074178539185e-283 2.517887225787474925e+00 1.540188043561323550e+00 2.454922955225577574e+00 1.703477400606957737e+00
4.093645484949833246e+01 7.423260205686606966e-274 2.521072016479853239e+00 1.576613582032192928e+00 2.458395593263738466e+00 1.747408072461410500e+00
4.123745819397993273e+01 4.354465507019913262e-265 2.524256807172231110e+00 1.613808052773589408e+00 2.461868231301899357e+00 1.794271752258990604e+00
4.153846153846154010e+01 1.825269247205228778e-256 2.527441597864608980e+00 1.650665501802127455e+00 2.465340869340060248e+00 1.843803785568174591e+00
4.183946488294314747e+01 5.467305469274337055e-248 2.530626388556986850e+00 1.686256539089485251e+00 2.468813507378221139e+00 1.894936019844254860e+00
4.214046822742475484e+01 1.170244454661258126e-239 2.533811179249364720e+00 1.720074297057609947e+00 2.472286145416382031e+00 1.946050925371797469e+00
4.244147157190635511e+01 1.789943599582734710e-231 2.536995969941742590e+00 1.752147446697424282e+00 2.475758783454542922e+00 1.995359315129344724e+00
4.274247491638796248e+01 1.956430325062055585e-223 2.540180760634120460e+00 1.782991768315614012e+00 2.479231421492703813e+00 2.041242507374128046e+00
4.304347826086956985e+01 1.528110023394267319e-215 2.543365551326498775e+00 1.813424507847578804e+00 2.482704059530864704e+00 2.082433323740426445e+00
4.334448160535117722e+01 8.529294618274977167e-208 2.546550342018876645e+00 1.844307603102112170e+00 2.486176697569025595e+00 2.118010232694194528e+00
4.364548494983277749e+01 3.402068528295977716e-200 2.549735132711254515e+00 1.876301390229124788e+00 2.489649335607186487e+00 2.147293517454640810e+00
4.394648829431438486e+01 9.697232159372351591e-193 2.552919923403632385e+00 1.909695649826725683e+00 2.493121973645347378e+00 2.169791997771246983e+00
4.424749163879599223e+01 1.975289795347803823e-185 2.556104714096010255e+00 1.944349095338615996e+00 2.496594611683508269e+00 2.185309396869736798e+00
4.454849498327759250e+01 2.875383608284830870e-178 2.559289504788388125e+00 1.979728962834290007e+00 2.500067249721669160e+00 2.194197332792592547e+00
4.484949832775919987e+01 2.991207398598488160e-171 2.562474295480765996e+00 2.015015654380551524e+00 2.503539887759830052e+00 2.197611972328310070e+00
4.515050167224080724e+01 2.223755334520081793e-164 2.565659086173144310e+00 2.049231396758506296e+00 2.507012525797990943e+00 2.197581665631400671e+00
4.545150501672241461e+01 1.181466396921670825e-157 2.568843876865522180e+00 2.081363734110055042e+00 2.510485163836151834e+00 2.196764259827110433e+00
4.575250836120401488e+01 4.485945215033574998e-151 2.572028667557900050e+00 2.110473794918291013e+00 2.513957801874312725e+00 2.197927831253517539e+00
4.605351170568562225e+01 1.217276620356984858e-144 2.575213458250277920e+00 2.135793629309207020e+00 2.517430439912473616e+00 2.203335393583569335e+00
4.635451505016722962e+01 2.360652194997890627e-138 2.578398248942655790e+00 2.156819080191217264e+00 2.520903077950634508e+00 2.214268575032616759e+00
4.665551839464882988e+01 3.271801965842638889e-132 2.581583039635033661e+00 2.173395047805489533e+00 2.524375715988795399e+00 2.230863795937681360e+00
4.695652173913043725e+01 3.240853130997857878e-126 2.584767830327411531e+00 2.185776115780483586e+00 2.527848354026956290e+00 2.252299925857356389e+00
4.725752508361204463e+01 2.294321517753887244e-120 2.587952621019789845e+00 2.194637573700407351e+00 2.531320992065117181e+00 2.277239904310107477e+00
4.755852842809365200e+01 1.160853025618495185e-114 2.591137411712167271e+00 2.201017095778993404e+00 2.534793630103278073e+00 2.304345408315166210e+00
4.785953177257525226e+01 4.197917221980455930e-109 2.594322202404545585e+00 2.206185555632878881e+00 2.538266268141438964e+00 2.332673833553655651e+00
4.816053511705685963e+01 1.085000706840160741e-103 2.597506993096923456e+00 2.211468876690859453e+00 2.541738906179600299e+00 2.361824277442000408e+00
4.846153846153846700e+01 2.004341598907940137e-98 2.600691783789301326e+00 2.218060185237547000e+00 2.545211544217760746e+00 2.391802359788929966e+00
4.876254180602006727e+01 2.646459735781070254e-93 2.603876574481679196e+00 2.226864428630164650e+00 2.548684182255922082e+00 2.422688120254540056e+00
4.906354515050167464e+01 2.497567057664995262e-88 2.607061365174057066e+00 2.238405038816812631e+00 2.552156820294082529e+00 2.454271505231014228e+00
4.936454849498328201e+01 1.684744533708875408e-83 2.610246155866435380e+00 2.252800723907781855e+00 2.555629458332243864e+00 2.485826429086772205e+00
4.966555183946488938e+01 8.123121504010895790e-79 2.613430946558812806e+00 2.269800138670770906e+00 2.559102096370404311e+00 2.516120061140494357e+00
4.996655518394648965e+01 2.799568318051909826e-74 2.616615737251191121e+00 2.288851181839542281e+00 2.562574734408565647e+00 2.543637818532171746e+00
5.026755852842809702e+01 6.896773285286861830e-70 2.619800527943568991e+00 2.309182649719021985e+00 2.566047372446726094e+00 2.566912258171608396e+00
5.056856187290970439e+01 1.214494248656798045e-65 2.622985318635946861e+00 2.329885815766692847e+00 2.569520010484887429e+00 2.584825160234772046e+00
5.086956521739130466e+01 1.528790175332344958e-61 2.626170109328324731e+00 2.349995615203098520e+00 2.572992648523047876e+00 2.596805368610332287e+00
5.117056856187291203e+01 1.375662724663691205e-57 2.629354900020702601e+00 2.368578641955481956e+00 2.576465286561209211e+00 2.602920842118730427e+00
5.147157190635451940e+01 8.849058703150693657e-54 2.632539690713080915e+00 2.384833783696062248e+00 2.579937924599369659e+00 2.603902793553602546e+00
5.177257525083612677e+01 4.069240019148823671e-50 2.635724481405458341e+00 2.398201001891934414e+00 2.583410562637530994e+00 2.601119525513864161e+00
5.207357859531772704e+01 1.337740047645560992e-46 2.638909272097836656e+00 2.408459156341698826e+00 2.586883200675691441e+00 2.596466728068114627e+00
5.237458193979933441e+01 3.144015357957414042e-43 2.642094062790214526e+00 2.415782695072589359e+00 2.590355838713852776e+00 2.592116304215777767e+00
5.267558528428094178e+01 5.282822994145590583e-40 2.645278853482592396e+00 2.420727102126979169e+00 2.593828476752013223e+00 2.590105776391810277e+00
5.297658862876254204e+01 6.346467689586429842e-37 2.648463644174970266e+00 2.424127639821243019e+00 2.597301114790174559e+00 2.591843660555464890e+00
5.327759197324414941e+01 5.451320989149464755e-34 2.651648434867348136e+00 2.426921839851701623e+00 2.600773752828335006e+00 2.597696069728165913e+00
5.357859531772575679e+01 3.348097315398245091e-31 2.654833225559726007e+00 2.429934010997369054e+00 2.604246390866496341e+00 2.606839702480072685e+00
5.387959866220736416e+01 1.470446676962512236e-28 2.658018016252103877e+00 2.433678078457219840e+00 2.607719028904656788e+00 2.617483761212444637e+00
5.418060200668896442e+01 4.618392305822706820e-26 2.661202806944482191e+00 2.438234606451020969e+00 2.611191666942818124e+00 2.627406001981851258e+00
5.448160535117057179e+01 1.037451918735085068e-23 2.664387597636860061e+00 2.443237240357109208e+00 2.614664304980978571e+00 2.634596361164806666e+00
5.478260869565217916e+01 1.667015425175023027e-21 2.667572388329237931e+00 2.447969793039732167e+00 2.618136943019139906e+00 2.637745275031845082e+00
5.508361204013378654e+01 1.916388456077045144e-19 2.670757179021615801e+00 2.451540640482790856e+00 2.621609581057300797e+00 2.636394395008593516e+00
5.538461538461538680e+01 1.576537458906177550e-17 2.673941969713993672e+00 2.453079666838809292e+00 2.625082219095461689e+00 2.630743646716494410e+00
5.568561872909699417e+01 9.284203927380471949e-16 2.677126760406371542e+00 2.451903015418214427e+00 2.628554857133622580e+00 2.621276958880558894e+00
5.598662207357860154e+01 3.915644275084324064e-14 2.680311551098749412e+00 2.447611070769339481e+00 2.632027495171783471e+00 2.608431896310452469e+00
5.628762541806020181e+01 1.183480953122710881e-12 2.683496341791127726e+00 2.440114869716375701e+00 2.635500133209944362e+00 2.592470763845925674e+00
5.658862876254180918e+01 2.565815973940205946e-11 2.686681132483505596e+00 2.429611014050627738e+00 2.638972771248105254e+00 2.573571872554694551e+00
5.688963210702341655e+01 3.995737119327468236e-10 2.689865923175883466e+00 2.416534345598380984e+00 2.642445409286266145e+00 2.552042475297303437e+00
5.719063545150502392e+01 4.479033425894638273e-09 2.693050713868261337e+00 2.401509687874339605e+00 2.645918047324427036e+00 2.528517088910285704e+00
5.749163879598662419e+01 3.625729587873362820e-08 2.696235504560639207e+00 2.385306872901774788e+00 2.649390685362587927e+00 2.504039183944361646e+00
5.779264214046823156e+01 2.130413496808008292e-07 2.699420295253017077e+00 2.368789156705670695e+00 2.652863323400748818e+00 2.479984257110784629e+00
5.809364548494983893e+01 9.162506007933146156e-07 2.702605085945394947e+00 2.352842706418672325e+00 2.656335961438909710e+00 2.457831660428712262e+00
5.839464882943143920e+01 2.924317033804610950e-06 2.705789876637773261e+00 2.338284620868982699e+00 2.659808599477070601e+00 2.438828818626546990e+00
5.869565217391304657e+01 7.085339146472640224e-06 2.708974667330151131e+00 2.325761793388078313e+00 2.663281237515231492e+00 2.423629141303241585e+00
5.899665551839465394e+01 1.351434218506426986e-05 2.712159458022529002e+00 2.315663251814996659e+00 2.666753875553392383e+00 2.412022284974448816e+00
5.929765886287626131e+01 2.140253197735934263e-05 2.715344248714906872e+00 2.308068443750896481e+00 2.670226513591553275e+00 2.402883513438082819e+00
5.959866220735786158e+01 3.010578971367556392e-05 2.718529039407284742e+00 2.302743974562807328e+00 2.673699151629714166e+00 2.394416365851053108e+00
5.989966555183946895e+01 4.041669827238791667e-05 2.721713830099662612e+00 2.299187468213216068e+00 2.677171789667875057e+00 2.384652390711874403e+00
6.020066889632107632e+01 5.528450932575816530e-05 2.724898620792040482e+00 2.296706318827514526e+00 2.680644427706035948e+00 2.372051564901709320e+00
6.050167224080267658e+01 8.002373838200742230e-05 2.728083411484418797e+00 2.294514881383768579e+00 2.684117065744196839e+00 2.355983402402020754e+00
6.080267558528428395e+01 1.204592261268690943e-04 2.731268202176796223e+00 2.291835549627261326e+00 2.687589703782357731e+00 2.336901532272862347e+00
6.110367892976589133e+01 1.781516582130157579e-04 2.734452992869174537e+00 2.287993829400233992e+00 2.691062341820518622e+00 2.316141701229629479e+00
6.140468227424749870e+01 2.466006401013511864e-04 2.737637783561552407e+00 2.282501327008694680e+00 2.694534979858679513e+00 2.295420507590954617e+00
6.170568561872909896e+01 3.143637566030639584e-04 2.740822574253930277e+00 2.275121468102205835e+00 2.698007617896840404e+00 2.276224918680755049e+00
6.200668896321070633e+01 3.757751902797654814e-04 2.744007364946308147e+00 2.265910717455989154e+00 2.701480255935001296e+00 2.259315402368769821e+00
6.230769230769231370e+01 4.406298094492507901e-04 2.747192155638686017e+00 2.255224860352768257e+00 2.704952893973162187e+00 2.244508201838008254e+00
6.260869565217392108e+01 5.294946951112485456e-04 2.750376946331064332e+00 2.243678641770604720e+00 2.708425532011323078e+00 2.230782405537143465e+00
6.290969899665552134e+01 6.542879185289484636e-04 2.753561737023441758e+00 2.232051231192844210e+00 2.711898170049483969e+00 2.216630245201756999e+00
6.321070234113712871e+01 8.051182394405428716e-04 2.756746527715820072e+00 2.221141567005415762e+00 2.715370808087644861e+00 2.200493169884275790e+00
6.351170568561873608e+01 9.586561236861271002e-04 2.759931318408197942e+00 2.211594823420490297e+00 2.718843446125805752e+00 2.181131339005626835e+00
6.381270903010033635e+01 1.097835882797714184e-03 2.763116109100575812e+00 2.203737614973970693e+00 2.722316084163966643e+00 2.157841596922067229e+00
6.411371237458195083e+01 1.226674429013046739e-03 2.766300899792953683e+00 2.197466394032902226e+00 2.725788722202127534e+00 2.130515983788733525e+00
6.441471571906355109e+01 1.372817274050088746e-03 2.769485690485331553e+00 2.192224714294586985e+00 2.729261360240288425e+00 2.099573894742379210e+00
6.471571906354515136e+01 1.572620234657966720e-03 2.772670481177709867e+00 2.187081595914611043e+00 2.732733998278449317e+00 2.065801805338746799e+00
6.501672240802676583e+01 1.850507989450064133e-03 2.775855271870087293e+00 2.180893646286034215e+00 2.736206636316610208e+00 2.030127238677806645e+00
6.531772575250836610e+01 2.219834765794306830e-03 2.779040062562465607e+00 2.172509629429043354e+00 2.739679274354771099e+00 1.993368696473129420e+00
6.561872909698996637e+01 2.689738309359793102e-03 2.782224853254843477e+00 2.160966595448944094e+00 2.743151912392931990e+00 1.956034948229463444e+00
6.591973244147158084e+01 3.242362235103017718e-03 2.785409643947221348e+00 2.145633225910394515e+00 2.746624550431092882e+00 1.918257431974860650e+00
6.622073578595318111e+01 3.813409965277255072e-03 2.788594434639599218e+00 2.126273948018605697e+00 2.750097188469253773e+00 1.879896512498883121e+00
6.652173913043478137e+01 4.331901195763543377e-03 2.791779225331977088e+00 2.103029101799118727e+00 2.753569826507414664e+00 1.840776204241728164e+00
6.682274247491639585e+01 4.790441358902052492e-03 2.794964016024354958e+00 2.076325666149436699e+00 2.757042464545575555e+00 1.800925345635532748e+00
6.712374581939799612e+01 5.260558301427267942e-03 2.798148806716732828e+00 2.046746359289183026e+00 2.760515102583736446e+00 1.760692669174249492e+00
6.742474916387959638e+01 5.830010301578689158e-03 2.801333597409111142e+00 2.014891375555953879e+00 2.763987740621897338e+00 1.720673126890642557e+00
6.772575250836121086e+01 6.533181885824313091e-03 2.804518388101489013e+00 1.981266690135314867e+00 2.767460378660058229e+00 1.681490128967296549e+00
6.802675585284281112e+01 7.340680806982901978e-03 2.807703178793866883e+00 1.946225862175283927e+00 2.770933016698219120e+00 1.643552455365936860e+00
6.832775919732442560e+01 8.196991251364164552e-03 2.810887969486244753e+00 1.909978725049093162e+00 2.774405654736380011e+00 1.606900287583134856e+00
6.862876254180602587e+01 9.066662661162698880e-03 2.814072760178622623e+00 1.872661466837252986e+00 2.777878292774540903e+00 1.571185510664635965e+00
6.892976588628762613e+01 9.956046388820853632e-03 2.817257550871000493e+00 1.834442111577741397e+00 2.781350930812701794e+00 1.535755248021635211e+00
6.923076923076924061e+01 1.088328250648776772e-02 2.820442341563378363e+00 1.795620128844872321e+00 2.784823568850862685e+00 1.499778016714282680e+00
6.953177257525084087e+01 1.183070877069481060e-02 2.823627132255756678e+00 1.756676790868830551e+00 2.788296206889023576e+00 1.462375968807215987e+00
6.983277591973244114e+01 1.274831632665001518e-02 2.826811922948134548e+00 1.718248562049196737e+00 2.791768844927184468e+00 1.422765895518866230e+00
7.013377926421405562e+01 1.360730018535371948e-02 2.829996713640512418e+00 1.681025840974850860e+00 2.795241482965345359e+00 1.380421571297335781e+00
7.043478260869565588e+01 1.444982598742808842e-02 2.833181504332890288e+00 1.645611555981679963e+00 2.798714121003506250e+00 1.335240272124623262e+00
7.073578595317725615e+01 1.538790688302489607e-02 2.836366295025268158e+00 1.612392619857657472e+00 2.802186759041667141e+00 1.287656064994305849e+00
7.103678929765887062e+01 1.653651747075788811e-02 2.839551085717646028e+00 1.581471722472180375e+00 2.805659397079828032e+00 1.238631131687787601e+00
7.133779264214047089e+01 1.789831183130357814e-02 2.842735876410023899e+00 1.552679534241148351e+00 2.809132035117988924e+00 1.189490157407737891e+00
7.163879598662208537e+01 1.928883012093713864e-02 2.845920667102402213e+00 1.525652435350702829e+00 2.812604673156149815e+00 1.141625075923490717e+00
7.193979933110368563e+01 2.046198583932533691e-02 2.849105457794780083e+00 1.499936702799799848e+00 2.816077311194310706e+00 1.096154601292772757e+00
7.224080267558528590e+01 2.136887863801626569e-02 2.852290248487157953e+00 1.475078153680941639e+00 2.819549949232471597e+00 1.053646805872343606e+00
7.254180602006690037e+01 2.221106114388713901e-02 2.855475039179535823e+00 1.450674775237872582e+00 2.823022587270632489e+00 1.013993602887730328e+00
7.284280936454850064e+01 2.321811211242603631e-02 2.858659829871913693e+00 1.426395824762771047e+00 2.826495225308793380e+00 9.764729023332813229e-01
7.314381270903010090e+01 2.446710325856317828e-02 2.861844620564291564e+00 1.401988532994562053e+00 2.829967863346954271e+00 9.399709339913514539e-01
7.344481605351171538e+01 2.590313351844476461e-02 2.865029411256669434e+00 1.377293805093648071e+00 2.833440501385115162e+00 9.032909852951137575e-01
7.374581939799331565e+01 2.740736196480053274e-02 2.868214201949047748e+00 1.352277138936978096e+00 2.836913139423276053e+00 8.654625166991732899e-01
7.404682274247491591e+01 2.883770628791174767e-02 2.871398992641425618e+00 1.327060991300900161e+00 2.840385777461436945e+00 8.259825496122003008e-01
7.434782608695653039e+01 3.010181632104408020e-02 2.874583783333803488e+00 1.301932494929843864e+00 2.843858415499598280e+00 7.849488372146816717e-01
7.464882943143813065e+01 3.122680636676523902e-02 2.877768574026181359e+00 1.277303271590180866e+00 2.847331053537758727e+00 7.430629647069781907e-01
7.494983277591973092e+01 3.235645723756021275e-02 2.880953364718559229e+00 1.253615348535763507e+00 2.850803691575920062e+00 7.014920151423874595e-01
7.525083612040134540e+01 3.365038855969069986e-02 2.884138155410937099e+00 1.231211078544907966e+00 2.854276329614080510e+00 6.615978791701161432e-01
7.555183946488294566e+01 3.516034060002968392e-02 2.887322946103314969e+00 1.210204885470756109e+00 2.857748967652241845e+00 6.245861408716952834e-01
7.585284280936456014e+01 3.682300070941074005e-02 2.890507736795693283e+00 1.190401876602178222e+00 2.861221605690402292e+00 5.911767463179682380e-01
7.615384615384616041e+01 3.851061097382244003e-02 2.893692527488070709e+00 1.171299125181136436e+00 2.864694243728563627e+00 5.614178078523369697e-01
7.645484949832776067e+01 4.005389975991539842e-02 2.896877318180449024e+00 1.152181834466632804e+00 2.868166881766724075e+00 5.347211645722672602e-01
7.675585284280937515e+01 4.130355835349452248e-02 2.900062108872826894e+00 1.132295734699961143e+00 2.871639519804885410e+00 5.101033516430852899e-01
7.705685618729097541e+01 4.221535835134294229e-02 2.903246899565204764e+00 1.111049042063673831e+00 2.875112157843045857e+00 4.865206773673410034e-01
7.735785953177257568e+01 4.289338657468427102e-02 2.906431690257582634e+00 1.088182448813137082e+00 2.878584795881207192e+00 4.631519931720900485e-01
7.765886287625419016e+01 4.352767188869775816e-02 2.909616480949960504e+00 1.063850946228881655e+00 2.882057433919367639e+00 4.395294263048349914e-01
7.795986622073579042e+01 4.422357375980981442e-02 2.912801271642338818e+00 1.038587149647271390e+00 2.885530071957528975e+00 4.155121994720064604e-01
7.826086956521739069e+01 4.493763980066865782e-02 2.915986062334716244e+00 1.013154348131924509e+00 2.889002709995689422e+00 3.911779247534922233e-01
7.856187290969900516e+01 4.563067513571412298e-02 2.919170853027094559e+00 9.883347494011538448e-01 2.892475348033850757e+00 3.667229710784426500e-01
7.886287625418060543e+01 4.639832770318488148e-02 2.922355643719472429e+00 9.647197651059732371e-01 2.895947986072011204e+00 3.424202794693244623e-01
7.916387959866221991e+01 4.734084097884071890e-02 2.925540434411850299e+00 9.425662041207798492e-01 2.899420624110172540e+00 3.186209159404842506e-01
7.946488294314382017e+01 4.833656996734294470e-02 2.928725225104228169e+00 9.217566916513405539e-01 2.902893262148332987e+00 2.957504882984715588e-01
7.976588628762542044e+01 4.913163593729344414e-02 2.931910015796606039e+00 9.018657216535873600e-01 2.906365900186494322e+00 2.742611213593473263e-01
8.006688963210703491e+01 4.970179437800369138e-02 2.935094806488983910e+00 8.822996276740819876e-01 2.909838538224654769e+00 2.545380937115783171e-01
8.036789297658863518e+01 5.036240729443465514e-02 2.938279597181361780e+00 8.624613339915246923e-01 2.913311176262816105e+00 2.367965492413638406e-01
8.066889632107023544e+01 5.144775959891614847e-02 2.941464387873740094e+00 8.418926763549829939e-01 2.916783814300976996e+00 2.210154120329811955e-01
8.096989966555184992e+01 5.293519044766475945e-02 2.944649178566117964e+00 8.203633080728764959e-01 2.920256452339137887e+00 2.069397899359064208e-01
8.127090301003345019e+01 5.445441891625247416e-02 2.947833969258495834e+00 7.978958828230771072e-01 2.923729090377298778e+00 1.941523129076489773e-01
8.157190635451505045e+01 5.569068273619651177e-02 2.951018759950873704e+00 7.747333785018005736e-01 2.927201728415459669e+00 1.821852721648437035e-01
8.187290969899666493e+01 5.666793442801567465e-02 2.954203550643251575e+00 7.512622436928103609e-01 2.930674366453620561e+00 1.706318693143945853e-01
8.217391304347826519e+01 5.757294115643889210e-02 2.957388341335629445e+00 7.279063465032924451e-01 2.934147004491781452e+00 1.592202219297541299e-01
8.247491638795986546e+01 5.845528130675563955e-02 2.960573132028007315e+00 7.050061958193798439e-01 2.937619642529942343e+00 1.478330194917901463e-01
8.277591973244147994e+01 5.923962636611496135e-02 2.963757922720385629e+00 6.826992047235517225e-01 2.941092280568103234e+00 1.364785993365881245e-01
8.307692307692308020e+01 5.994950047224291423e-02 2.966942713412763499e+00 6.608200187371126022e-01 2.944564918606264126e+00 1.252355860982558022e-01
8.337792642140469468e+01 6.073060181300981436e-02 2.970127504105141369e+00 6.388423712059917436e-01 2.948037556644425017e+00 1.141976447266532801e-01
8.367892976588629494e+01 6.163939291535652093e-02 2.973312294797519240e+00 6.158824496817386640e-01 2.951510194682585908e+00 1.034378959597039849e-01
8.397993311036789521e+01 6.256471353979078942e-02 2.976497085489897110e+00 5.907771270105476313e-01 2.954982832720746799e+00 9.299919390159525068e-02
8.428093645484950969e+01 6.339325762564808342e-02 2.979681876182274980e+00 5.622393697584500138e-01 2.958455470758907691e+00 8.290365741789373910e-02
8.458193979933110995e+01 6.415484412850520901e-02 2.982866666874652850e+00 5.290788732465823152e-01 2.961928108797068582e+00 7.316846620471340046e-02
8.488294314381271022e+01 6.494217885665319601e-02 2.986051457567031164e+00 4.904592191892647168e-01 2.965400746835229473e+00 6.381713528665823587e-02
8.518394648829432469e+01 6.570933474381861206e-02 2.989236248259409034e+00 4.461452541257763249e-01 2.968873384873390364e+00 5.488329703165865936e-02
8.548494983277592496e+01 6.627419488979047202e-02 2.992421038951786905e+00 3.966810345525647596e-01 2.972346022911551255e+00 4.641108509753691380e-02
8.578595317725752523e+01 6.658603709733150466e-02 2.995605829644164775e+00 3.434384033475275655e-01 2.975818660949712147e+00 3.845734341810978091e-02
8.608695652173913970e+01 6.686516132229425313e-02 2.998790620336542645e+00 2.884972390589990443e-01 2.979291298987873038e+00 3.109603899183922479e-02
8.638795986622073997e+01 6.737584809869485991e-02 3.001975411028920515e+00 2.343609390479649557e-01 2.982763937026033929e+00 2.441937706760050064e-02
8.668896321070235444e+01 6.813595668027451480e-02 3.005160201721298385e+00 1.835626199224179855e-01 2.986236575064194820e+00 1.852883811542854753e-02
8.698996655518395471e+01 6.895555610178515094e-02 3.008344992413676700e+00 1.382575976281129049e-01 2.989709213102355712e+00 1.351437009185575168e-02
8.729096989966555498e+01 6.969502535006495691e-02 3.011529783106054570e+00 9.990638406665053317e-02 2.993181851140516603e+00 9.427831517009819737e-03
8.759197324414716945e+01 7.034259602826987978e-02 3.014714573798432440e+00 6.912354126926228970e-02 2.996654489178677494e+00 6.261800786300213834e-03
8.789297658862876972e+01 7.089913807728963346e-02 3.017899364490810310e+00 4.571299662786167811e-02 3.000127127216838385e+00 3.943462003784005236e-03
8.819397993311036998e+01 7.133208500639896810e-02 3.021084155183188180e+00 2.885337581621849612e-02 3.003599765254999276e+00 2.346386649347291433e-03
8.849498327759198446e+01 7.164230857357699322e-02 3.024268945875566050e+00 1.736020315217876378e-02 3.007072403293160168e+00 1.315058239010492196e-03
8.879598662207358473e+01 7.194898448681487368e-02 3.027453736567943920e+00 9.946137898007103434e-03 3.010545041331321059e+00 6.924732349358371508e-04
8.909698996655518499e+01 7.246485888576814638e-02 3.030638527260322235e+00 5.421330086448167447e-03 3.014017679369481950e+00 3.418594736628101675e-04
8.939799331103679947e+01 7.326183019674073482e-02 3.033823317952699661e+00 2.809170512189536166e-03 3.017490317407642841e+00 1.579473069849433766e-04
8.969899665551839973e+01 7.406129901969633889e-02 3.037008108645077975e+00 1.382897168724235440e-03 3.020962955445803733e+00 6.819696904270440574e-05
9.000000000000000000e+01 7.440255533841284852e-02 3.040192899337455845e+00 6.463998896329406409e-04 3.024435593483964624e+00 2.748446534010287647e-05
