0.000000000000000000e+00 2.445793861113037398e-02 4.774474380730558964e-04 4.792010600585485114e-01 7.642643479193259037e-05 3.163630682934424510e+00
3.010033444816053727e-01 2.445829867795005358e-02 1.090767547773880720e-02 4.808998678413432537e-01 2.094214242371082897e-03 3.148555327941074733e+00
6.020066889632107454e-01 2.445964501020844728e-02 2.133790351740455851e-02 4.856869785913169868e-01 4.112002049950233204e-03 3.107306304482147397e+00
9.030100334448161181e-01 2.446268639973819825e-02 3.176813155707031155e-02 4.935033314425464335e-01 6.129789857529383511e-03 3.044766740172407005e+00
1.204013377926421491e+00 2.446833397651251504e-02 4.219835959673606113e-02 5.042836456711559112e-01 8.147577665108533818e-03 2.967650474089123858e+00
1.505016722408026864e+00 2.447738733871860847e-02 5.262858763640181070e-02 5.179935287977147640e-01 1.016536547268768326e-02 2.883092224484043786e+00
1.806020066889632236e+00 2.449024945617101282e-02 6.305881567606756721e-02 5.346628745553134721e-01 1.218315328026683443e-02 2.797463452782916971e+00
2.107023411371237387e+00 2.450676430276564274e-02 7.348904371573330985e-02 5.544013127691447274e-01 1.420094108784598561e-02 2.715659137013204827e+00
2.408026755852842982e+00 2.452622980588664917e-02 8.391927175539906636e-02 5.773848057265815736e-01 1.621872889542513504e-02 2.640855498821650382e+00
2.709030100334448576e+00 2.454757824155476623e-02 9.434949979506482287e-02 6.038110261920438537e-01 1.823651670300428448e-02 2.574604624329261071e+00
3.010033444816053727e+00 2.456966007175982736e-02 1.047797278347305655e-01 6.338320197882573170e-01 2.025430451058343392e-02 2.517127116982720736e+00
3.311036789297658878e+00 2.459153767064885948e-02 1.152099558743963220e-01 6.674807692297024531e-01 2.227209231816258683e-02 2.467712122655112861e+00
3.612040133779264472e+00 2.461270209314102980e-02 1.256401839140620647e-01 7.046095721953763436e-01 2.428988012574173627e-02 2.425160226969007571e+00
3.913043478260870067e+00 2.463316176233226046e-02 1.360704119537278212e-01 7.448525477249482440e-01 2.630766793332088571e-02 2.388196066553131214e+00
4.214046822742474774e+00 2.465339835217631934e-02 1.465006399933935777e-01 7.876160120779034379e-01 2.832545574090003862e-02 2.355769492408027688e+00
4.515050167224080369e+00 2.467422418098634551e-02 1.569308680330593342e-01 8.320936673086265500e-01 3.034324354847918806e-02 2.327189144838901047e+00
4.816053511705685963e+00 2.469659785399282159e-02 1.673610960727250907e-01 8.773007660378066008e-01 3.236103135605833403e-02 2.302088228193528430e+00
5.117056856187291558e+00 2.472146047828828463e-02 1.777913241123908472e-01 9.221217978082667521e-01 3.437881916363748347e-02 2.280280457171861119e+00
5.418060200668897153e+00 2.474964641327373482e-02 1.882215521520566037e-01 9.653678312997751032e-01 3.639660697121663291e-02 2.261595272854663108e+00
5.719063545150501859e+00 2.478190118893644836e-02 1.986517801917223047e-01 1.005841170310466381e+00 3.841439477879578235e-02 2.245772803187576994e+00
6.020066889632107454e+00 2.481900517534322767e-02 2.090820082313880612e-01 1.042405642158726664e+00 4.043218258637493179e-02 2.232457039137176302e+00
6.321070234113713049e+00 2.486196034484024209e-02 2.195122362710538177e-01 1.074059499896492964e+00 4.244997039395409510e-02 2.221271029515474282e+00
6.622073578595317755e+00 2.491216358462161606e-02 2.299424643107195743e-01 1.100003981022384947e+00 4.446775820153324454e-02 2.211917719267724181e+00
6.923076923076923350e+00 2.497148237626293718e-02 2.403726923503853308e-01 1.119696014443938514e+00 4.648554600911239398e-02 2.204245025337744135e+00
7.224080267558528945e+00 2.504217825601802450e-02 2.508029203900510873e-01 1.132873017125743065e+00 4.850333381669154342e-02 2.198244022823066857e+00
7.525083612040134540e+00 2.512668223765068820e-02 2.612331484297168438e-01 1.139544692866185427e+00 5.052112162427069286e-02 2.193991972271995383e+00
7.826086956521740134e+00 2.522728709057417765e-02 2.716633764693826003e-01 1.139959146001616297e+00 5.253890943184984230e-02 2.191577967607044819e+00
8.127090301003345729e+00 2.534585165050019795e-02 2.820936045090483013e-01 1.134560575142238736e+00 5.455669723942899174e-02 2.191045381262405112e+00
8.428093645484949548e+00 2.548359503783473659e-02 2.925238325487140578e-01 1.123955367820251627e+00 5.657448504700814118e-02 2.192364143893925199e+00
8.729096989966555142e+00 2.564100442726126652e-02 3.029540605883798143e-01 1.108891599755735591e+00 5.859227285458729062e-02 2.195429423448020056e+00
9.030100334448160737e+00 2.581782204008729528e-02 3.133842886280455708e-01 1.090241561114650759e+00 6.061006066216644006e-02 2.200081171783145884e+00
9.331103678929766332e+00 2.601305001038397083e-02 3.238145166677113274e-01 1.068969102350022737e+00 6.262784846974558950e-02 2.206141734223883155e+00
9.632107023411371927e+00 2.622492913836820330e-02 3.342447447073770839e-01 1.046069445060230807e+00 6.464563627732473894e-02 2.213462469249603437e+00
9.933110367892977521e+00 2.645089315732219309e-02 3.446749727470428404e-01 1.022485393184673352e+00 6.666342408490388838e-02 2.221956103658511150e+00
1.023411371237458312e+01 2.668754066473267086e-02 3.551052007867085969e-01 9.990205002343076623e-01 6.868121189248303782e-02 2.231586514840023128e+00
1.053511705685618871e+01 2.693067581005972183e-02 3.655354288263743534e-01 9.762765798944084139e-01 7.069899970006218726e-02 2.242306553167138006e+00
1.083612040133779431e+01 2.717544446432356223e-02 3.759656568660401099e-01 9.546359095405106965e-01 7.271678750764133670e-02 2.253970766722514174e+00
1.113712374581939812e+01 2.741655658324153311e-02 3.863958849057058664e-01 9.342912754957148902e-01 7.473457531522048614e-02 2.266276781853706179e+00
1.143812709030100372e+01 2.764856395856555432e-02 3.968261129453715674e-01 9.153084347222857353e-01 7.675236312279963558e-02 2.278782233647203448e+00
1.173913043478260931e+01 2.786616515768297955e-02 4.072563409850373239e-01 8.976945505434312800e-01 7.877015093037878501e-02 2.291004235572639658e+00
1.204013377926421491e+01 2.806452307445510969e-02 4.176865690247030805e-01 8.814473488550723657e-01 8.078793873795793445e-02 2.302562501150676955e+00
1.234113712374582050e+01 2.823958257551069731e-02 4.281167970643688370e-01 8.665716140441612758e-01 8.280572654553709777e-02 2.313306537207922453e+00
1.264214046822742610e+01 2.838835555774275529e-02 4.385470251040345935e-01 8.530657813905118125e-01 8.482351435311624721e-02 2.323381475092029635e+00
1.294314381270903169e+01 2.850911101118867169e-02 4.489772531437003500e-01 8.408940060747168710e-01 8.684130216069539665e-02 2.333218808196949823e+00
1.324414715719063551e+01 2.860139604049868195e-02 4.594074811833661065e-01 8.299629143165682121e-01 8.885908996827454609e-02 2.343462191743498124e+00
1.354515050167224111e+01 2.866584113744897327e-02 4.698377092230318630e-01 8.201167208736594993e-01 9.087687777585369553e-02 2.354845097069000914e+00
1.384615384615384670e+01 2.870376589785786706e-02 4.802679372626976195e-01 8.111534294045820159e-01 9.289466558343284497e-02 2.368038396671281021e+00
1.414715719063545230e+01 2.871667243884643006e-02 4.906981653023633760e-01 8.028543901694231710e-01 9.491245339101199441e-02 2.383497190907590824e+00
1.444816053511705789e+01 2.870575897950140495e-02 5.011283933420291881e-01 7.950145038778442252e-01 9.693024119859114385e-02 2.401354340991234793e+00
1.474916387959866348e+01 2.867158516538900748e-02 5.115586213816949446e-01 7.874624144184300123e-01 9.894802900617029329e-02 2.421410647392285842e+00
1.505016722408026908e+01 2.861397606009532038e-02 5.219888494213607011e-01 7.800669293186727193e-01 1.009658168137494427e-01 2.443239228465486690e+00
1.535117056856187467e+01 2.853218183804417940e-02 5.324190774610264576e-01 7.727332252496363907e-01 1.029836046213285922e-01 2.466363680659449109e+00
1.565217391304348027e+01 2.842523722393391558e-02 5.428493055006922141e-01 7.653961075499788880e-01 1.050013924289077416e-01 2.490424013299596950e+00
1.595317725752508409e+01 2.829240658598050281e-02 5.532795335403579706e-01 7.580162202628526469e-01 1.070191802364868910e-01 2.515248893828289312e+00
1.625418060200669146e+01 2.813357119764081649e-02 5.637097615800236161e-01 7.505802723057606318e-01 1.090369680440660405e-01 2.540810844257281875e+00
1.655518394648829528e+01 2.794942600723979154e-02 5.741399896196893726e-01 7.431015866090086019e-01 1.110547558516451899e-01 2.567113979442483096e+00
1.685618729096989910e+01 2.774140922927444131e-02 5.845702176593551291e-01 7.356158605936582440e-01 1.130725436592243532e-01 2.594099169483575107e+00
1.715719063545150647e+01 2.751137871569719895e-02 5.950004456990208856e-01 7.281699556973489917e-01 1.150903314668035027e-01 2.621625198320172156e+00
1.745819397993311028e+01 2.726114429497828937e-02 6.054306737386866422e-01 7.208067913308545682e-01 1.171081192743826521e-01 2.649521001402854736e+00
1.775919732441471766e+01 2.699202457654249071e-02 6.158609017783523987e-01 7.135530926745268232e-01 1.191259070819618016e-01 2.677655050651345459e+00
1.806020066889632147e+01 2.670458999621239810e-02 6.262911298180181552e-01 7.064157452128357884e-01 1.211436948895409510e-01 2.705968282924249291e+00
1.836120401337792885e+01 2.639868085682843188e-02 6.367213578576839117e-01 6.993871611888134998e-01 1.231614826971201004e-01 2.734457271832269942e+00
1.866220735785953266e+01 2.607368277636153142e-02 6.471515858973496682e-01 6.924542791541788977e-01 1.251792705046992638e-01 2.763134038713533247e+00
1.896321070234114003e+01 2.572895146628824403e-02 6.575818139370154247e-01 6.856041994427409803e-01 1.271970583122783993e-01 2.791995300143972347e+00
1.926421404682274385e+01 2.536424222854730820e-02 6.680120419766811812e-01 6.788233927988305272e-01 1.292148461198575626e-01 2.821009976474664338e+00
1.956521739130434767e+01 2.498002436064448648e-02 6.784422700163469377e-01 6.720936425263810410e-01 1.312326339274367260e-01 2.850110483841207021e+00
1.986622073578595504e+01 2.457762371314544877e-02 6.888724980560126943e-01 6.653910787951508032e-01 1.332504217350158615e-01 2.879177439580892006e+00
2.016722408026755886e+01 2.415920248965806524e-02 6.993027260956784508e-01 6.586920231524610037e-01 1.352682095425950248e-01 2.908034973338523788e+00
2.046822742474916623e+01 2.372762787851951174e-02 7.097329541353442073e-01 6.519830476898300642e-01 1.372859973501741604e-01 2.936492904621788469e+00
2.076923076923077005e+01 2.328629388077619808e-02 7.201631821750099638e-01 6.452679826575200561e-01 1.393037851577533237e-01 2.964452191505261069e+00
2.107023411371237742e+01 2.283895195362023803e-02 7.305934102146757203e-01 6.385655222364873262e-01 1.413215729653324593e-01 2.992034301265266372e+00
2.137123745819398124e+01 2.238958598524297058e-02 7.410236382543414768e-01 6.318969111932060123e-01 1.433393607729116226e-01 3.019645712576723540e+00
2.167224080267558861e+01 2.194234009009071035e-02 7.514538662940072333e-01 6.252694347679833564e-01 1.453571485804907581e-01 3.047896332866917302e+00
2.197324414715719243e+01 2.150147529481721484e-02 7.618840943336729898e-01 6.186636445908789694e-01 1.473749363880699215e-01 3.077368559744303678e+00
2.227424749163879625e+01 2.107130009511544097e-02 7.723143223733387464e-01 6.120295950433457532e-01 1.493927241956490570e-01 3.108337228319912438e+00
2.257525083612040362e+01 2.065600511411602377e-02 7.827445504130043918e-01 6.052927513135304416e-01 1.514105120032282203e-01 3.140594831551209332e+00
2.287625418060200744e+01 2.025934974915660422e-02 7.931747784526701484e-01 5.983672939088142684e-01 1.534282998108073559e-01 3.173494095674173732e+00
2.317725752508361481e+01 1.988420285506439442e-02 8.036050064923359049e-01 5.911743767948757222e-01 1.554460876183865192e-01 3.206201651175039746e+00
2.347826086956521863e+01 1.953201414750714224e-02 8.140352345320016614e-01 5.836635330679389444e-01 1.574638754259656548e-01 3.238037369814836808e+00
2.377926421404682600e+01 1.920235643378525800e-02 8.244654625716674179e-01 5.758343334805251512e-01 1.594816632335448181e-01 3.268729651989902063e+00
2.408026755852842982e+01 1.889269931712863129e-02 8.348956906113331744e-01 5.677524475807951276e-01 1.614994510411239537e-01 3.298471457244241289e+00
2.438127090301003363e+01 1.859853814300533453e-02 8.453259186509989309e-01 5.595521951402829819e-01 1.635172388487031170e-01 3.327774777980683218e+00
2.468227424749164101e+01 1.831391797039059674e-02 8.557561466906646874e-01 5.514197191004549525e-01 1.655350266562822803e-01 3.357219777359869095e+00
2.498327759197324482e+01 1.803229027755532191e-02 8.661863747303304439e-01 5.435575973912645242e-01 1.675528144638614159e-01 3.387223933538293430e+00
2.528428093645485220e+01 1.774755258698317711e-02 8.766166027699962005e-01 5.361399771461135000e-01 1.695706022714405792e-01 3.417912484441904652e+00
2.558528428093645601e+01 1.745507058559040564e-02 8.870468308096619570e-01 5.292725575117411818e-01 1.715883900790197147e-01 3.449097787917162705e+00
2.588628762541806339e+01 1.715247598519888117e-02 8.974770588493277135e-01 5.229709846951644536e-01 1.736061778865988781e-01 3.480326812957905247e+00
2.618729096989966720e+01 1.684006821814169191e-02 9.079072868889934700e-01 5.171647890428331396e-01 1.756239656941780136e-01 3.510958477597884375e+00
2.648829431438127102e+01 1.652071751343181516e-02 9.183375149286592265e-01 5.117248393553113228e-01 1.776417535017571769e-01 3.540266828828056322e+00
2.678929765886287839e+01 1.619926290401415073e-02 9.287677429683249830e-01 5.065040434282728210e-01 1.796595413093363125e-01 3.567588484262882442e+00
2.709030100334448221e+01 1.588150770812877741e-02 9.391979710079907395e-01 5.013764927998057841e-01 1.816773291169154758e-01 3.592513929515853910e+00
2.739130434782608958e+01 1.557301388703203650e-02 9.496281990476564960e-01 4.962609347472912158e-01 1.836951169244946114e-01 3.615072963895568314e+00
2.769230769230769340e+01 1.527795608071500638e-02 9.600584270873222525e-01 4.911204787175535436e-01 1.857129047320737747e-01 3.635827745687723045e+00
2.799331103678930077e+01 1.499829233371229031e-02 9.704886551269880091e-01 4.859402521871132863e-01 1.877306925396529103e-01 3.655801641938240198e+00
2.829431438127090459e+01 1.473343653477654502e-02 9.809188831666537656e-01 4.806948141402667685e-01 1.897484803472320736e-01 3.676239280786973040e+00
2.859531772575251196e+01 1.448049601945971578e-02 9.913491112063195221e-01 4.753227875130174307e-01 1.917662681548112091e-01 3.698272217419208197e+00
2.889632107023411578e+01 1.423500182197154004e-02 1.001779339245985279e+00 4.697236285436277581e-01 1.937840559623903725e-01 3.722605507170042127e+00
2.919732441471571960e+01 1.399194647116446151e-02 1.012209567285651035e+00 4.637806852279597880e-01 1.958018437699695358e-01 3.749323385229151206e+00
2.949832775919732697e+01 1.374688295457147762e-02 1.022639795325316792e+00 4.574006272935615125e-01 1.978196315775486713e-01 3.777858608579975019e+00
2.979933110367893079e+01 1.349684082333930425e-02 1.033070023364982548e+00 4.505497763926216148e-01 1.998374193851278346e-01 3.807117275318434135e+00
3.010033444816053816e+01 1.324087736306438397e-02 1.043500251404648305e+00 4.432688273236123355e-01 2.018552071927069702e-01 3.835718856222803730e+00
3.040133779264214198e+01 1.298018418411699647e-02 1.053930479444314061e+00 4.356588169188836401e-01 2.038729950002861335e-01 3.862293595531871127e+00
3.070234113712374935e+01 1.271778138827398853e-02 1.064360707483979818e+00 4.278463325820473506e-01 2.058907828078652691e-01 3.885764987934932080e+00
3.100334448160535317e+01 1.245791777946356378e-02 1.074790935523645574e+00 4.199459171500700694e-01 2.079085706154444324e-01 3.905538409421750234e+00
3.130434782608696054e+01 1.220533151765408088e-02 1.085221163563311331e+00 4.120370582071587462e-01 2.099263584230235680e-01 3.921535383592362756e+00
3.160535117056856436e+01 1.196450904754458276e-02 1.095651391602977087e+00 4.041634517656029768e-01 2.119441462306027313e-01 3.934063540795527558e+00
3.190635451505016817e+01 1.173903353393346630e-02 1.106081619642642844e+00 3.963499352196220293e-01 2.139619340381818668e-01 3.943577419942820406e+00
3.220735785953177555e+01 1.153107091845438636e-02 1.116511847682308378e+00 3.886245054152298040e-01 2.159797218457610302e-01 3.950431488276763048e+00
3.250836120401338292e+01 1.134102505629406774e-02 1.126942075721974135e+00 3.810323804224974298e-01 2.179975096533401657e-01 3.954728066854282797e+00
3.280936454849498318e+01 1.116740099330971667e-02 1.137372303761639891e+00 3.736347700227069524e-01 2.200152974609193290e-01 3.956317207120088941e+00
3.311036789297659055e+01 1.100692325574977211e-02 1.147802531801305648e+00 3.664929980456971270e-01 2.220330852684984646e-01 3.954935056207335098e+00
3.341137123745819792e+01 1.085493728831986825e-02 1.158232759840971404e+00 3.596451362490885040e-01 2.240508730760776279e-01 3.950405468771573503e+00
3.371237458193979819e+01 1.070606830101410861e-02 1.168662987880637161e+00 3.530852832125788154e-01 2.260686608836567912e-01 3.942804827184934968e+00
3.401337792642140556e+01 1.055503997312983583e-02 1.179093215920302917e+00 3.467546560768732244e-01 2.280864486912359268e-01 3.932511547170740585e+00
3.431438127090301293e+01 1.039749838828994341e-02 1.189523443959968674e+00 3.405494675836651108e-01 2.301042364988150901e-01 3.920116002257909127e+00
3.461538461538462030e+01 1.023067233907930945e-02 1.199953671999634430e+00 3.343445343944645431e-01 2.321220243063942257e-01 3.906225760077572495e+00
3.491638795986622057e+01 1.005373746330441402e-02 1.210383900039300187e+00 3.280256150978134722e-01 2.341398121139733890e-01 3.891239230445496577e+00
3.521739130434782794e+01 9.867823666483565778e-03 1.220814128078965943e+00 3.215197298593475694e-01 2.361575999215525246e-01 3.875166997856282158e+00
3.551839464882943531e+01 9.675686045015723102e-03 1.231244356118631700e+00 3.148128359596314430e-01 2.381753877291316879e-01 3.857559457526880120e+00
3.581939799331104268e+01 9.481124957395390893e-03 1.241674584158297456e+00 3.079485807325571534e-01 2.401931755367108234e-01 3.837565476050226465e+00
3.612040133779264295e+01 9.288279241080433374e-03 1.252104812197963213e+00 3.010089545190365312e-01 2.422109633442899868e-01 3.814112173490079805e+00
3.642140468227425032e+01 9.100928323930012470e-03 1.262535040237628969e+00 2.940845850618462598e-01 2.442287511518691223e-01 3.786167152193349317e+00
3.672240802675585769e+01 8.921929706344764247e-03 1.272965268277294726e+00 2.872460716528408287e-01 2.462465389594482856e-01 3.753023044169040201e+00
3.702341137123745796e+01 8.752891259432326806e-03 1.283395496316960482e+00 2.805265671420824058e-01 2.482643267670274212e-01 3.714531092390240374e+00
3.732441471571906533e+01 8.594132380387180942e-03 1.293825724356626239e+00 2.739205775727760472e-01 2.502821145746065845e-01 3.671210865567931414e+00
3.762541806020067270e+01 8.444925150922587623e-03 1.304255952396291995e+00 2.673973180252103843e-01 2.522999023821857478e-01 3.624186213645589572e+00
3.792642140468228007e+01 8.303936157249225403e-03 1.314686180435957752e+00 2.609218730750342830e-01 2.543176901897648556e-01 3.574947377698383999e+00
3.822742474916388034e+01 8.169732657366580303e-03 1.325116408475623508e+00 2.544755896917200166e-01 2.563354779973440190e-01 3.525003407483186635e+00
3.852842809364548771e+01 8.041198168906683180e-03 1.335546636515289265e+00 2.480686294496338429e-01 2.583532658049231823e-01 3.475537479512789130e+00
3.882943143812709508e+01 7.917736752834450900e-03 1.345976864554955021e+00 2.417412898215527406e-01 2.603710536125023456e-01 3.427179209812910354e+00
3.913043478260869534e+01 7.799224704028574588e-03 1.356407092594620778e+00 2.355549937818975925e-01 2.623888414200815089e-01 3.379955734557452462e+00
3.943143812709030271e+01 7.685763178371947391e-03 1.366837320634286534e+00 2.295772189143640563e-01 2.644066292276606167e-01 3.333405060346931847e+00
3.973244147157191009e+01 7.577356360745380985e-03 1.377267548673952291e+00 2.238659673382876192e-01 2.664244170352397800e-01 3.286776298149909792e+00
4.003344481605351746e+01 7.473657843445787041e-03 1.387697776713618047e+00 2.184583632555598121e-01 2.684422048428189433e-01 3.239231972744440302e+00
4.033444816053511772e+01 7.373887669989946311e-03 1.398128004753283804e+00 2.133654013155165952e-01 2.704599926503981067e-01 3.190001998299866415e+00
4.063545150501672509e+01 7.276944235747134955e-03 1.408558232792949561e+00 2.085723092762762909e-01 2.724777804579772145e-01 3.138484152762777590e+00
4.093645484949833246e+01 7.181653861120146191e-03 1.418988460832615317e+00 2.040427709510823640e-01 2.744955682655563778e-01 3.084309813141624890e+00
4.123745819397993273e+01 7.087049743745533689e-03 1.429418688872281074e+00 1.997255929014108977e-01 2.765133560731355411e-01 3.027388312086939592e+00
4.153846153846154010e+01 6.992569402290181764e-03 1.439848916911946830e+00 1.955633136281378359e-01 2.785311438807147044e-01 2.967925336712920359e+00
4.183946488294314747e+01 6.898102937411191779e-03 1.450279144951612587e+00 1.915024545380322185e-01 2.805489316882938122e-01 2.906402490430330054e+00
4.214046822742475484e+01 6.803892520848317353e-03 1.460709372991278343e+00 1.875040959541015573e-01 2.825667194958729755e-01 2.843513342376929653e+00
4.244147157190635511e+01 6.710346547091729404e-03 1.471139601030944100e+00 1.835519706230193115e-01 2.845845073034521389e-01 2.780064269544920474e+00
4.274247491638796248e+01 6.617863183014931205e-03 1.481569829070609856e+00 1.796547293640682608e-01 2.866022951110313022e-01 2.716851967061318263e+00
4.304347826086956985e+01 6.526745297683573567e-03 1.492000057110275613e+00 1.758404138350389279e-01 2.886200829186104100e-01 2.654524984951605937e+00
4.334448160535117722e+01 6.437239272673318802e-03 1.502430285149941369e+00 1.721441178097030955e-01 2.906378707261895733e-01 2.593439981324512367e+00
4.364548494983277749e+01 6.349667578725307071e-03 1.512860513189607126e+00 1.685928024845697593e-01 2.926556585337687366e-01 2.533544255562059089e+00
4.394648829431438486e+01 6.264577904037882221e-03 1.523290741229272882e+00 1.651926122663282259e-01 2.946734463413478999e-01 2.474339939247184983e+00
4.424749163879599223e+01 6.182820089781148123e-03 1.533720969268938639e+00 1.619231843918544633e-01 2.966912341489270633e-01 2.414981216288179411e+00
4.454849498327759250e+01 6.105488913978172720e-03 1.544151197308604395e+00 1.587409911154899211e-01 2.987090219565061711e-01 2.354507805760881478e+00
4.484949832775919987e+01 6.033722074333143850e-03 1.554581425348270152e+00 1.555908732180240062e-01 3.007268097640853344e-01 2.292146527217118201e+00
4.515050167224080724e+01 5.968397092012673807e-03 1.565011653387935686e+00 1.524224677709347109e-01 3.027445975716644977e-01 2.227565233841976244e+00
4.545150501672241461e+01 5.909809781451202601e-03 1.575441881427601443e+00 1.492065557994648739e-01 3.047623853792436610e-01 2.160976054031892080e+00
4.575250836120401488e+01 5.857430779228786806e-03 1.585872109467267199e+00 1.459457901460451679e-01 3.067801731868227688e-01 2.093053399679582149e+00
4.605351170568562225e+01 5.809824047025836241e-03 1.596302337506932956e+00 1.426753891332402380e-01 3.087979609944019321e-01 2.024715098513531153e+00
4.635451505016722962e+01 5.764775497037260069e-03 1.606732565546598712e+00 1.394525129715144252e-01 3.108157488019810955e-01 1.956864884430608020e+00
4.665551839464882988e+01 5.719626957968059269e-03 1.617162793586264469e+00 1.363374203080298108e-01 3.128335366095602588e-01 1.890189500844488668e+00
4.695652173913043725e+01 5.671751081606027541e-03 1.627593021625930225e+00 1.333732176934250557e-01 3.148513244171393666e-01 1.825057191216716834e+00
4.725752508361204463e+01 5.619053183644306948e-03 1.638023249665595982e+00 1.305720233521362739e-01 3.168691122247185299e-01 1.761510987166519326e+00
4.755852842809365200e+01 5.560366263761036196e-03 1.648453477705261738e+00 1.279128935824479230e-01 3.188869000322976932e-01 1.699321427939674889e+00
4.785953177257525226e+01 5.495629382309663233e-03 1.658883705744927495e+00 1.253519964056465652e-01 3.209046878398768565e-01 1.638068116353688319e+00
4.816053511705685963e+01 5.425804655019113819e-03 1.669313933784593251e+00 1.228405702559850210e-01 3.229224756474559643e-01 1.577241121288926795e+00
4.846153846153846700e+01 5.352572042642940280e-03 1.679744161824259008e+00 1.203433763750988705e-01 3.249402634550351276e-01 1.516364667296140167e+00
4.876254180602006727e+01 5.277909941751699092e-03 1.690174389863924764e+00 1.178506820573397285e-01 3.269580512626142910e-01 1.455132905791498565e+00
4.906354515050167464e+01 5.203694481839758225e-03 1.700604617903590521e+00 1.153798957367636602e-01 3.289758390701934543e-01 1.393522309023466077e+00
4.936454849498328201e+01 5.131423043099683952e-03 1.711034845943256277e+00 1.129673446097972517e-01 3.309936268777726176e-01 1.331833650783948109e+00
4.966555183946488938e+01 5.062104332041553537e-03 1.721465073982922034e+00 1.106544775704113442e-01 3.330114146853517254e-01 1.270635381193992108e+00
4.996655518394648965e+01 4.996290202669188309e-03 1.731895302022587790e+00 1.084744564450938198e-01 3.350292024929308887e-01 1.210621217512153125e+00
5.026755852842809702e+01 4.934182948309567655e-03 1.742325530062253547e+00 1.064440822665934927e-01 3.370469903005100520e-01 1.152432062914047872e+00
5.056856187290970439e+01 4.875748821188142720e-03 1.752755758101919303e+00 1.045629500197623463e-01 3.390647781080892154e-01 1.096504160292131491e+00
5.086956521739130466e+01 4.820796213400973564e-03 1.763185986141585060e+00 1.028182580863090667e-01 3.410825659156683232e-01 1.042989447293572569e+00
5.117056856187291203e+01 4.769014482175896671e-03 1.773616214181250816e+00 1.011915595038589133e-01 3.431003537232474865e-01 9.917646208293658949e-01
5.147157190635451940e+01 4.719996171886406758e-03 1.784046442220916573e+00 9.966382478874076523e-02 3.451181415308266498e-01 9.425180428378816533e-01
5.177257525083612677e+01 4.673271025229784083e-03 1.794476670260582329e+00 9.821708356177706600e-02 3.471359293384058131e-01 8.948842424860574685e-01
5.207357859531772704e+01 4.628367166402745300e-03 1.804906898300248086e+00 9.683329641178659020e-02 3.491537171459849209e-01 8.485828585997624574e-01
5.237458193979933441e+01 4.584893970938616441e-03 1.815337126339913842e+00 9.549263382180700477e-02 3.511715049535640842e-01 8.035135131022455024e-01
5.267558528428094178e+01 4.542624178824246524e-03 1.825767354379579599e+00 9.417339119438498940e-02 3.531892927611432476e-01 7.597683159634328609e-01
5.297658862876254204e+01 4.501546823022880249e-03 1.836197582419245355e+00 9.285459534740816978e-02 3.552070805687224109e-01 7.175555948614168456e-01
5.327759197324414941e+01 4.461868146227556883e-03 1.846627810458911112e+00 9.152068615759526016e-02 3.572248683763015742e-01 6.770726405903436662e-01
5.357859531772575679e+01 4.423950884928820604e-03 1.857058038498576868e+00 9.016625672239324263e-02 3.592426561838806820e-01 6.383955329264494605e-01
5.387959866220736416e+01 4.388197972336116068e-03 1.867488266538242625e+00 8.879830828393360520e-02 3.612604439914598453e-01 6.014456014247833160e-01
5.418060200668896442e+01 4.354901155707557522e-03 1.877918494577908382e+00 8.743417110501232326e-02 3.632782317990390086e-01 5.660451095841200209e-01
5.448160535117057179e+01 4.324086328023064862e-03 1.888348722617574138e+00 8.609507539689914557e-02 3.652960196066181719e-01 5.320200511718775616e-01
5.478260869565217916e+01 4.295393895627055807e-03 1.898778950657239895e+00 8.479760836725995510e-02 3.673138074141972798e-01 4.992841498405977685e-01
5.508361204013378654e+01 4.268031517491973140e-03 1.909209178696905651e+00 8.354674786417173871e-02 3.693315952217764431e-01 4.678600939362965727e-01
5.538461538461538680e+01 4.240825044711953040e-03 1.919639406736571408e+00 8.233377126007347668e-02 3.713493830293556064e-01 4.378411360764208893e-01
5.568561872909699417e+01 4.212371068403864514e-03 1.930069634776237164e+00 8.114004774981579959e-02 3.733671708369347697e-01 4.093315078273614960e-01
5.598662207357860154e+01 4.181265993400341135e-03 1.940499862815902921e+00 7.994474669144398249e-02 3.753849586445138775e-01 3.824053864146541581e-01
5.628762541806020181e+01 4.146361556515442554e-03 1.950930090855568677e+00 7.873262387047973154e-02 3.774027464520930408e-01 3.570985482053212201e-01
5.658862876254180918e+01 4.106985282376156808e-03 1.961360318895234434e+00 7.749840558076225017e-02 3.794205342596722041e-01 3.334193637374128216e-01
5.688963210702341655e+01 4.063071778004878100e-03 1.971790546934900190e+00 7.624650904922697370e-02 3.814383220672513675e-01 3.113563505705130297e-01
5.719063545150502392e+01 4.015174628876456812e-03 1.982220774974565947e+00 7.498735488380216252e-02 3.834561098748304753e-01 2.908698173811594678e-01
5.749163879598662419e+01 3.964360392902934252e-03 1.992651003014231703e+00 7.373279511542391029e-02 3.854738976824096386e-01 2.718727890128351810e-01
5.779264214046823156e+01 3.912015344373009733e-03 2.003081231053897238e+00 7.249278111568012439e-02 3.874916854899888019e-01 2.542174422483370888e-01
5.809364548494983893e+01 3.859614106829705165e-03 2.013511459093562994e+00 7.127413716629378559e-02 3.895094732975679652e-01 2.377014686531897236e-01
5.839464882943143920e+01 3.808503447480602027e-03 2.023941687133228751e+00 7.008129224748210762e-02 3.915272611051471285e-01 2.220970648543990900e-01
5.869565217391304657e+01 3.759744872196856165e-03 2.034371915172894507e+00 6.891843815381774874e-02 3.935450489127262363e-01 2.071919528918139408e-01
5.899665551839465394e+01 3.714040023829623220e-03 2.044802143212560264e+00 6.779237079568897761e-02 3.955628367203053997e-01 1.928252712500919674e-01
5.929765886287626131e+01 3.671739043229490119e-03 2.055232371252226020e+00 6.671476628592298841e-02 3.975806245278845630e-01 1.789050283184727141e-01
5.959866220735786158e+01 3.632910633142416579e-03 2.065662599291891777e+00 6.570216659187910757e-02 3.995984123354637263e-01 1.654050041243205205e-01
5.989966555183946895e+01 3.597439501289811763e-03 2.076092827331557533e+00 6.477241080277039431e-02 4.016162001430428341e-01 1.523496704402936552e-01
6.020066889632107632e+01 3.565115669212984718e-03 2.086523055371223290e+00 6.393804997520841082e-02 4.036339879506219974e-01 1.397987200891586956e-01
6.050167224080267658e+01 3.535690664085329449e-03 2.096953283410889046e+00 6.319951301316525938e-02 4.056517757582011607e-01 1.278370361130460597e-01
6.080267558528428395e+01 3.508893805965748042e-03 2.107383511450554803e+00 6.254171793776913679e-02 4.076695635657803241e-01 1.165671025918690734e-01
6.110367892976589133e+01 3.484420712256918601e-03 2.117813739490220559e+00 6.193640759328238737e-02 4.096873513733594319e-01 1.060967149980267948e-01
6.140468227424749870e+01 3.461918081691373310e-03 2.128243967529886316e+00 6.134947029628767118e-02 4.117051391809385952e-01 9.651869503356118318e-02
6.170568561872909896e+01 3.440988360471779889e-03 2.138674195569552072e+00 6.074993550144124066e-02 4.137229269885177585e-01 8.788743503622190034e-02
6.200668896321070633e+01 3.421224754065383105e-03 2.149104423609217829e+00 6.011690804823670298e-02 4.157407147960969218e-01 8.020225103361491859e-02
6.230769230769231370e+01 3.402267308889173406e-03 2.159534651648883585e+00 5.944242235619670578e-02 4.177585026036760296e-01 7.340524395188498252e-02
6.260869565217392108e+01 3.383854856267889000e-03 2.169964879688549342e+00 5.873054712052169085e-02 4.197762904112551929e-01 6.739351531859774647e-02
6.290969899665552134e+01 3.365845011844730613e-03 2.180395107728215098e+00 5.799443822775501162e-02 4.217940782188343563e-01 6.203843116332268676e-02
6.321070234113712871e+01 3.348187945717856755e-03 2.190825335767880855e+00 5.725295352311943892e-02 4.238118660264135196e-01 5.720351563217326157e-02
6.351170568561873608e+01 3.330862741928119174e-03 2.201255563807546611e+00 5.652760132075848598e-02 4.258296538339926829e-01 5.275761883362328070e-02
6.381270903010033635e+01 3.313805118189255220e-03 2.211685791847212368e+00 5.583990102092475233e-02 4.278474416415717907e-01 4.858623219629810974e-02
6.411371237458195083e+01 3.296860680037228767e-03 2.222116019886878124e+00 5.520900244820387687e-02 4.298652294491509540e-01 4.460529043098453161e-02
6.441471571906355109e+01 3.279785795919751886e-03 2.232546247926543437e+00 5.464941517819527778e-02 4.318830172567301173e-01 4.077676187283015008e-02
6.471571906354515136e+01 3.262295853013369266e-03 2.242976475966209193e+00 5.416874804896019274e-02 4.339008050643092806e-01 3.711810474090269235e-02
6.501672240802676583e+01 3.244140561028336592e-03 2.253406704005874950e+00 5.376556915249752072e-02 4.359185928718883885e-01 3.369538300125048819e-02
6.531772575250836610e+01 3.225177689566118694e-03 2.263836932045540706e+00 5.342798325545739663e-02 4.379363806794675518e-01 3.059633639316922463e-02
6.561872909698996637e+01 3.205421428757177730e-03 2.274267160085206463e+00 5.313399814501831853e-02 4.399541684870467151e-01 2.789166017319512705e-02
6.591973244147158084e+01 3.185053364208335121e-03 2.284697388124872219e+00 5.285462808073682073e-02 4.419719562946258784e-01 2.560166340655341960e-02
6.622073578595318111e+01 3.164395282632667238e-03 2.295127616164537976e+00 5.255966801247000802e-02 4.439897441022049862e-01 2.368425895254624991e-02
6.652173913043478137e+01 3.143850291780758525e-03 2.305557844204203732e+00 5.222461714251844939e-02 4.460075319097841495e-01 2.204903561799069489e-02
6.682274247491639585e+01 3.123823795755817541e-03 2.315988072243869489e+00 5.183631612417832074e-02 4.480253197173633128e-01 2.058838909302748710e-02
6.712374581939799612e+01 3.104641632204833187e-03 2.326418300283535245e+00 5.139524148397880965e-02 4.500431075249424762e-01 1.920931132721092824e-02
6.742474916387959638e+01 3.086488509391767561e-03 2.336848528323201002e+00 5.091394232051129481e-02 4.520608953325216395e-01 1.785232826818608856e-02
6.772575250836121086e+01 3.069390721762241519e-03 2.347278756362866758e+00 5.041282252841369771e-02 4.540786831401007473e-01 1.649376901595869457e-02
6.802675585284281112e+01 3.053257550728188507e-03 2.357708984402532515e+00 4.991525227527324193e-02 4.560964709476799106e-01 1.513672257023429384e-02
6.832775919732442560e+01 3.037975543978729733e-03 2.368139212442198271e+00 4.944344162770817480e-02 4.581142587552590739e-01 1.379929001508796438e-02
6.862876254180602587e+01 3.023526245510539754e-03 2.378569440481864028e+00 4.901524485341322845e-02 4.601320465628382372e-01 1.250592554416976761e-02
6.892976588628762613e+01 3.010082450430285380e-03 2.388999668521529784e+00 4.864120642137236689e-02 4.621498343704173450e-01 1.128270700032912507e-02
6.923076923076924061e+01 2.998039953720779954e-03 2.399429896561195541e+00 4.832143208200017498e-02 4.641676221779965084e-01 1.015439418874074760e-02
6.953177257525084087e+01 2.987962471425023407e-03 2.409860124600861297e+00 4.804302737250104594e-02 4.661854099855756717e-01 9.141381592919712099e-03
6.983277591973244114e+01 2.980449278241724398e-03 2.420290352640527054e+00 4.777988151566309183e-02 4.682031977931548350e-01 8.256517223285736798e-03
7.013377926421405562e+01 2.975964969541147667e-03 2.430720580680192811e+00 4.749648764024345243e-02 4.702209856007339428e-01 7.502976302442183019e-03
7.043478260869565588e+01 2.974686160386951373e-03 2.441150808719858567e+00 4.715603188468405621e-02 4.722387734083131061e-01 6.874080224716765455e-03
7.073578595317725615e+01 2.976414757846345717e-03 2.451581036759524324e+00 4.673084287034555417e-02 4.742565612158922694e-01 6.354883871860595411e-03
7.103678929765887062e+01 2.980584392942184531e-03 2.462011264799190080e+00 4.621166618797224734e-02 4.762743490234714328e-01 5.924651436240401838e-03
7.133779264214047089e+01 2.986355560446402827e-03 2.472441492838855837e+00 4.561211018392394290e-02 4.782921368310505406e-01 5.559415281310910173e-03
7.163879598662208537e+01 2.992768200809819978e-03 2.482871720878521593e+00 4.496622623894345333e-02 4.803099246386297039e-01 5.234305229565781176e-03
7.193979933110368563e+01 2.998906875686702372e-03 2.493301948918187350e+00 4.431985873291041655e-02 4.823277124462088672e-01 4.925736089314227892e-03
7.224080267558528590e+01 3.004035781822757527e-03 2.503732176957853106e+00 4.371887547784913258e-02 4.843455002537880305e-01 4.613617641721362225e-03
7.254180602006690037e+01 3.007674846798173360e-03 2.514162404997518863e+00 4.319848839096941673e-02 4.863632880613671938e-01 4.283531032716385301e-03
7.284280936454850064e+01 3.009607321912938227e-03 2.524592633037184619e+00 4.277710965757616085e-02 4.883810758689463016e-01 3.928455211224924672e-03
7.314381270903010090e+01 3.009827594298210545e-03 2.535022861076850376e+00 4.245602102516573412e-02 4.903988636765254649e-01 3.549397483121643528e-03
7.344481605351171538e+01 3.008451768466945554e-03 2.545453089116516132e+00 4.222369561349359479e-02 4.924166514841046283e-01 3.154483474610706665e-03
7.374581939799331565e+01 3.005621104917297060e-03 2.555883317156181889e+00 4.206205997803615787e-02 4.944344392916837916e-01 2.756734694664426943e-03
7.404682274247491591e+01 3.001428269007043199e-03 2.566313545195847645e+00 4.195188362318080788e-02 4.964522270992628994e-01 2.371482208819135438e-03
7.434782608695653039e+01 2.995887513473402715e-03 2.576743773235513402e+00 4.187559659189477729e-02 4.984700149068420627e-01 2.014491512347500127e-03
7.464882943143813065e+01 2.988953444284681016e-03 2.587174001275179158e+00 4.181740857193595728e-02 5.004878027144211705e-01 1.701142056150834955e-03
7.494983277591973092e+01 2.980573832938675314e-03 2.597604229314844915e+00 4.176187353674837982e-02 5.025055905220002783e-01 1.445895306293499671e-03
7.525083612040134540e+01 2.970748229457797866e-03 2.608034457354510671e+00 4.169259395683490993e-02 5.045233783295794971e-01 1.260738201275049108e-03
7.555183946488294566e+01 2.959563404100058227e-03 2.618464685394176428e+00 4.159253166503832505e-02 5.065411661371586050e-01 1.151946537358252776e-03
7.585284280936456014e+01 2.947190525519504788e-03 2.628894913433842184e+00 4.144653936608679728e-02 5.085589539447377128e-01 1.116106172203271563e-03
7.615384615384616041e+01 2.933850699455374696e-03 2.639325141473507941e+00 4.124553204599876871e-02 5.105767417523169316e-01 1.137735472045528495e-03
7.645484949832776067e+01 2.919772803172898147e-03 2.649755369513173697e+00 4.099063439785088914e-02 5.125945295598960394e-01 1.190847097191190078e-03
7.675585284280937515e+01 2.905170031803380997e-03 2.660185597552839454e+00 4.069521960746708134e-02 5.146123173674752582e-01 1.245008537327255095e-03
7.705685618729097541e+01 2.890247581771256038e-03 2.670615825592505210e+00 4.038333975200841808e-02 5.166301051750543660e-01 1.273852122630038299e-03
7.735785953177257568e+01 2.875232137324319152e-03 2.681046053632170967e+00 4.008445045544672958e-02 5.186478929826334738e-01 1.262275147028502856e-03
7.765886287625419016e+01 2.860397984574259561e-03 2.691476281671836723e+00 3.982585719743444996e-02 5.206656807902126927e-01 1.209040536970795070e-03
7.795986622073579042e+01 2.846064517855640026e-03 2.701906509711502480e+00 3.962520438485422208e-02 5.226834685977918005e-01 1.123945371350423611e-03
7.826086956521739069e+01 2.832555487609709610e-03 2.712336737751168236e+00 3.948528302968603437e-02 5.247012564053710193e-01 1.021569673988975040e-03
7.856187290969900516e+01 2.820132003597098248e-03 2.722766965790833993e+00 3.939269431533132249e-02 5.267190442129501271e-01 9.150320958034012129e-04
7.886287625418060543e+01 2.808926602105508898e-03 2.733197193830499749e+00 3.932092871151268709e-02 5.287368320205292349e-01 8.124613219665441366e-04
7.916387959866221991e+01 2.798906912214862985e-03 2.743627421870165506e+00 3.923745230007221613e-02 5.307546198281084537e-01 7.168447886429926089e-04
7.946488294314382017e+01 2.789885343379853392e-03 2.754057649909831262e+00 3.911340503260377771e-02 5.327724076356875615e-01 6.280498142056877790e-04
7.976588628762542044e+01 2.781573018995084443e-03 2.764487877949497019e+00 3.893350192994118886e-02 5.347901954432666694e-01 5.451652325206907601e-04
8.006688963210703491e+01 2.773660580700234701e-03 2.774918105989162775e+00 3.870301294181064528e-02 5.368079832508458882e-01 4.678778821364387177e-04
8.036789297658863518e+01 2.765901163222536478e-03 2.785348334028828532e+00 3.844888890849941510e-02 5.388257710584249960e-01 3.966439083675976835e-04
8.066889632107023544e+01 2.758172925916135138e-03 2.795778562068494288e+00 3.821363631475430817e-02 5.408435588660042148e-01 3.321854934659998113e-04
8.096989966555184992e+01 2.750507555948054211e-03 2.806208790108160045e+00 3.804316553703483705e-02 5.428613466735833226e-01 2.750220021103606978e-04
8.127090301003345019e+01 2.743082784145370583e-03 2.816639018147825801e+00 3.797247273874448242e-02 5.448791344811624304e-01 2.254497162054048675e-04
8.157190635451505045e+01 2.736186503052940276e-03 2.827069246187491558e+00 3.801426600600405631e-02 5.468969222887416493e-01 1.839281408432472803e-04
8.187290969899666493e+01 2.730164081953155401e-03 2.837499474227157314e+00 3.815464968724065903e-02 5.489147100963207571e-01 1.514981216715826588e-04
8.217391304347826519e+01 2.725358353682408655e-03 2.847929702266823071e+00 3.835705697354563348e-02 5.509324979038999759e-01 1.297999806388469221e-04
8.247491638795986546e+01 2.722046662062000376e-03 2.858359930306488828e+00 3.857218752222391078e-02 5.529502857114790837e-01 1.204759524919507779e-04
8.277591973244147994e+01 2.720376794562255011e-03 2.868790158346154584e+00 3.874945211821287372e-02 5.549680735190581915e-01 1.241037927634111788e-04
8.307692307692308020e+01 2.720307617821765469e-03 2.879220386385820341e+00 3.884529085263057485e-02 5.569858613266374103e-01 1.391349230094923641e-04
8.337792642140469468e+01 2.721569493468531300e-03 2.889650614425486097e+00 3.882543961536562976e-02 5.590036491342165181e-01 1.614357951065941192e-04
8.367892976588629494e+01 2.723666848062786250e-03 2.900080842465151854e+00 3.866068284482950673e-02 5.610214369417956259e-01 1.848623447463076388e-04
8.397993311036789521e+01 2.725941624288541389e-03 2.910511070504817610e+00 3.831784113146191606e-02 5.630392247493748448e-01 2.028577412940358118e-04
8.428093645484950969e+01 2.727697842334809823e-03 2.920941298544483367e+00 3.774937018274722444e-02 5.650570125569539526e-01 2.105249530110853498e-04
8.458193979933110995e+01 2.728359916591129031e-03 2.931371526584149123e+00 3.688611819985783413e-02 5.670748003645331714e-01 2.062742342859565721e-04
8.488294314381271022e+01 2.727614540007596532e-03 2.941801754623814880e+00 3.563831505442293518e-02 5.690925881721122792e-01 1.922340604315769818e-04
8.518394648829432469e+01 2.725482129349498552e-03 2.952231982663480636e+00 3.390882886623404480e-02 5.711103759796913870e-01 1.731664547600798962e-04
8.548494983277592496e+01 2.722284669963771688e-03 2.962662210703146393e+00 3.161910220428199025e-02 5.731281637872706058e-01 1.543677521871545028e-04
8.578595317725752523e+01 2.718514951651102539e-03 2.973092438742812149e+00 2.874224247482153743e-02 5.751459515948497137e-01 1.395393941362552560e-04
8.608695652173913970e+01 2.714650670972771143e-03 2.983522666782477906e+00 2.533193221400958234e-02 5.771637394024288215e-01 1.295891249683190814e-04
8.638795986622073997e+01 2.710978253530169687e-03 2.993952894822143662e+00 2.153389572609470948e-02 5.791815272100080403e-01 1.228029090421601307e-04
8.668896321070235444e+01 2.707486814048662514e-03 3.004383122861809419e+00 1.757117617448937519e-02 5.811993150175871481e-01 1.161289331500847606e-04
8.698996655518395471e+01 2.703866162579999892e-03 3.014813350901475175e+00 1.370445387051570305e-02 5.832171028251663669e-01 1.068240877801202824e-04
8.729096989966555498e+01 2.699606981707934356e-03 3.025243578941140932e+00 1.017937914537758726e-02 5.852348906327454747e-01 9.365940923383355300e-05
8.759197324414716945e+01 2.694170517753305578e-03 3.035673806980806688e+00 7.178641609622574138e-03 5.872526784403245825e-01 7.723001135473237129e-05
8.789297658862876972e+01 2.687178360223255007e-03 3.046104035020472445e+00 4.794122804244980128e-03 5.892704662479038014e-01 5.942359088951749480e-05
8.819397993311036998e+01 2.678571597349134383e-03 3.056534263060138201e+00 3.025500850836362714e-03 5.912882540554829092e-01 4.247914054774422371e-05
8.849498327759198446e+01 2.668699046335469820e-03 3.066964491099803958e+00 1.801116520398900363e-03 5.933060418630621280e-01 2.814612838339276485e-05
8.879598662207358473e+01 2.658311384609495735e-03 3.077394719139469714e+00 1.009972264316541567e-03 5.953238296706412358e-01 1.726433078797092084e-05
8.909698996655518499e+01 2.648458286377148793e-03 3.087824947179135471e+00 5.328121266147343429e-04 5.973416174782203436e-01 9.796865350008384830e-06
8.939799331103679947e+01 2.640306781142633032e-03 3.098255175218801227e+00 2.641780148871285348e-04 5.993594052857995624e-01 5.141429211702074904e-06
8.969899665551839973e+01 2.634918152964520373e-03 3.108685403258466984e+00 1.230009960158293645e-04 6.013771930933786702e-01 2.494959208094813990e-06
9.000000000000000000e+01 2.633033348571906483e-03 3.119115631298132740e+00 5.374014086440441403e-05 6.033949809009578891e-01 1.119402245252642210e-06
