0.000000000000000000e+00 4.205554211511259373e-04 4.948380339511032622e-04 7.964580896192278991e-03 5.522182083637222627e-05 3.039130194697053922e-02
3.010033444816053727e-01 4.210662447400464765e-04 1.094184309255863928e-02 8.019290332309506400e-03 4.266747160843862956e-03 3.065644132541399391e-02
6.020066889632107454e-01 4.225435126049752817e-04 2.138884815116617530e-02 8.170075726817535577e-03 8.478272500851353685e-03 3.132220718552819472e-02
9.030100334448161181e-01 4.248306733912696220e-04 3.183585320977370958e-02 8.406116877849251559e-03 1.268979784085884355e-02 3.210907273829970154e-02
1.204013377926421491e+00 4.276956068397038844e-04 4.228285826838124734e-02 8.710647144427914254e-03 1.690132318086633514e-02 3.273167238936072754e-02
1.505016722408026864e+00 4.308691836762123801e-04 5.272986332698878509e-02 9.062908933732806080e-03 2.111284852087382674e-02 3.306384847178640146e-02
1.806020066889632236e+00 4.340907729076373461e-04 6.317686838559631590e-02 9.441376649551327244e-03 2.532437386088131487e-02 3.321512934090360691e-02
2.107023411371237387e+00 4.371539206893814171e-04 7.362387344420386059e-02 9.828044548691275764e-03 2.953589920088880647e-02 3.346025393767971395e-02
2.408026755852842982e+00 4.399455387422741164e-04 8.407087850281139141e-02 1.021283340341772386e-02 3.374742454089629806e-02 3.404546122608630848e-02
2.709030100334448576e+00 4.424730341180078204e-04 9.451788356141892222e-02 1.059652745518992710e-02 3.795894988090378619e-02 3.498516377256005727e-02
3.010033444816053727e+00 4.448756597664008669e-04 1.049648886200264669e-01 1.099061454255884258e-02 4.217047522091128126e-02 3.599505025120875584e-02
3.311036789297658878e+00 4.474186502967319274e-04 1.154118936786339977e-01 1.141324615616018043e-02 4.638200056091876938e-02 3.663284522415338751e-02
3.612040133779264472e+00 4.504710855164265450e-04 1.258588987372415424e-01 1.188204725763259036e-02 5.059352590092625751e-02 3.656793322457508461e-02
3.913043478260870067e+00 4.544705757866291545e-04 1.363059037958490594e-01 1.240602468213162016e-02 5.480505124093375258e-02 3.579303331173919883e-02
4.214046822742474774e+00 4.598795260368915695e-04 1.467529088544566318e-01 1.297957989018741487e-02 5.901657658094124070e-02 3.462755745937272367e-02
4.515050167224080369e+00 4.671387244233675103e-04 1.571999139130641487e-01 1.358117160004487442e-02 6.322810192094874271e-02 3.351992957211712143e-02
4.816053511705685963e+00 4.766242190580996583e-04 1.676469189716716657e-01 1.417759082865927001e-02 6.743962726095623084e-02 3.279846716456799594e-02
5.117056856187291558e+00 4.886128871101567397e-04 1.780939240302792381e-01 1.473270905927025198e-02 7.165115260096371896e-02 3.253251871914060456e-02
5.418060200668897153e+00 5.032608555434241399e-04 1.885409290888867551e-01 1.521780206238080961e-02 7.586267794097120709e-02 3.256071596324142114e-02
5.719063545150501859e+00 5.205971820363762374e-04 1.989879341474942720e-01 1.561991389863711874e-02 8.007420328097869522e-02 3.262842100056884131e-02
6.020066889632107454e+00 5.405331983762735751e-04 2.094349392061018444e-01 1.594555956607270411e-02 8.428572862098618335e-02 3.253519321484878851e-02
6.321070234113713049e+00 5.628859419895539075e-04 2.198819442647093614e-01 1.621906960402691791e-02 8.849725396099367147e-02 3.222311504808465787e-02
6.622073578595317755e+00 5.874124289858291114e-04 2.303289493233168783e-01 1.647713044668370347e-02 9.270877930100115960e-02 3.178707320866665242e-02
6.923076923076923350e+00 6.138503726688538786e-04 2.407759543819244508e-01 1.676241141102686669e-02 9.692030464100864773e-02 3.142212339174241253e-02
7.224080267558528945e+00 6.419604526090531144e-04 2.512229594405319677e-01 1.711885209129929142e-02 1.011318299810161359e-01 3.133730306825861789e-02
7.525083612040134540e+00 6.715654125255462190e-04 2.616699644991395401e-01 1.758943100026948494e-02 1.053433553210236517e-01 3.166898267277660356e-02
7.826086956521740134e+00 7.025820307096419587e-04 2.721169695577470571e-01 1.821521252754335768e-02 1.095548806610311399e-01 3.242486041290128934e-02
8.127090301003345729e+00 7.350432048012099564e-04 2.825639746163545740e-01 1.903358845172127556e-02 1.137664060010386280e-01 3.348072466897277638e-02
8.428093645484949548e+00 7.691088133417171195e-04 2.930109796749621465e-01 2.007457309830811346e-02 1.179779313410461161e-01 3.463329821254220592e-02
8.729096989966555142e+00 8.050654317418410536e-04 3.034579847335696634e-01 2.135617217671555504e-02 1.221894566810536042e-01 3.568664800047844504e-02
9.030100334448160737e+00 8.433161769938040406e-04 3.139049897921771803e-01 2.288167589300558677e-02 1.264009820210610924e-01 3.653104296400586787e-02
9.331103678929766332e+00 8.843627678839159319e-04 3.243519948507847528e-01 2.464178197611301135e-02 1.306125073610685805e-01 3.717861613053609349e-02
9.632107023411371927e+00 9.287822281050708145e-04 3.347989999093922697e-01 2.662240196345472612e-02 1.348240327010760686e-01 3.774801282273085312e-02
9.933110367892977521e+00 9.772005424595509200e-04 3.452460049679997867e-01 2.881588932176802620e-02 1.390355580410835568e-01 3.841547495201802498e-02
1.023411371237458312e+01 1.030265122173626945e-03 3.556930100266073591e-01 3.123103852460092783e-02 1.432470833810910449e-01 3.935155582505841382e-02
1.053511705685618871e+01 1.088617350092203114e-03 3.661400150852148760e-01 3.389700542677975131e-02 1.474586087210985330e-01 4.065127530956164775e-02
1.083612040133779431e+01 1.152865998622788508e-03 3.765870201438223930e-01 3.685861544837692322e-02 1.516701340611060211e-01 4.226920430420673391e-02
1.113712374581939812e+01 1.223562140180104374e-03 3.870340252024299654e-01 4.016439030358519291e-02 1.558816594011135093e-01 4.399287223571458211e-02
1.143812709030100372e+01 1.301176384863105169e-03 3.974810302610374824e-01 4.385228013814383013e-02 1.600931847411210251e-01 4.549325057700497055e-02
1.173913043478260931e+01 1.386079807403830773e-03 4.079280353196449993e-01 4.793982316404567234e-02 1.643047100811285133e-01 4.645092946599528594e-02
1.204013377926421491e+01 1.478530536043732441e-03 4.183750403782525717e-01 5.242436938352471737e-02 1.685162354211360014e-01 4.669530189790207370e-02
1.234113712374582050e+01 1.578668351197234140e-03 4.288220454368600887e-01 5.729540780017074175e-02 1.727277607611434895e-01 4.627224008092840207e-02
1.264214046822742610e+01 1.686519479771356579e-03 4.392690504954676056e-01 6.255631382154444586e-02 1.769392861011509777e-01 4.540255052711408140e-02
1.294314381270903169e+01 1.802012903289309858e-03 4.497160555540751781e-01 6.824884750869268657e-02 1.811508114411584658e-01 4.437077724091408049e-02
1.324414715719063551e+01 1.925007973641659764e-03 4.601630606126826950e-01 7.447202949455937471e-02 1.853623367811659539e-01 4.342487998708249863e-02
1.354515050167224111e+01 2.055331233857407916e-03 4.706100656712902119e-01 8.138822619325412899e-02 1.895738621211734420e-01 4.274174077343922268e-02
1.384615384615384670e+01 2.192818529196249346e-03 4.810570707298977844e-01 8.921294799974467671e-02 1.937853874611809302e-01 4.245041569621370997e-02
1.414715719063545230e+01 2.337357263192673795e-03 4.915040757885053013e-01 9.818978906517290828e-02 1.979969128011884183e-01 4.266039006388037957e-02
1.444816053511705789e+01 2.488923381410817082e-03 5.019510808471128183e-01 1.085566270043116927e-01 2.022084381411959064e-01 4.344967060250662372e-02
1.474916387959866348e+01 2.647608474318618316e-03 5.123980859057203352e-01 1.205123346350580743e-01 2.064199634812034223e-01 4.481514888411073511e-02
1.505016722408026908e+01 2.813634084986062645e-03 5.228450909643279632e-01 1.341939387068574463e-01 2.106314888212109104e-01 4.663145189563721454e-02
1.535117056856187467e+01 2.987352419396513154e-03 5.332920960229354801e-01 1.496720371268911998e-01 2.148430141612183986e-01 4.866689580995520875e-02
1.565217391304348027e+01 3.169234589566276381e-03 5.437391010815429970e-01 1.669676096958827294e-01 2.190545395012258867e-01 5.066480668226947676e-02
1.595317725752508409e+01 3.359848746568703907e-03 5.541861061401505140e-01 1.860870733127736321e-01 2.232660648412333748e-01 5.244847968650881431e-02
1.625418060200669146e+01 3.559830718542489770e-03 5.646331111987580309e-01 2.070662031430421657e-01 2.274775901812408629e-01 5.398709351020211655e-02
1.655518394648829528e+01 3.769849164795090798e-03 5.750801162573655478e-01 2.300094876522600085e-01 2.316891155212483511e-01 5.538260036605286568e-02
1.685618729096989910e+01 3.990566244896703689e-03 5.855271213159731758e-01 2.551114492109866072e-01 2.359006408612558392e-01 5.678689761960903359e-02
1.715719063545150647e+01 4.222594023365296330e-03 5.959741263745806927e-01 2.826509551129766096e-01 2.401121662012633273e-01 5.830091860768620710e-02
1.745819397993311028e+01 4.466446873064885796e-03 6.064211314331882097e-01 3.129570883112462454e-01 2.443236915412708155e-01 5.991541753890523847e-02
1.775919732441471766e+01 4.722491293136265797e-03 6.168681364917957266e-01 3.463527869597380349e-01 2.485352168812783313e-01 6.152245786335291955e-02
1.806020066889632147e+01 4.990896663833729180e-03 6.273151415504032435e-01 3.830874405146411088e-01 2.527467422212858472e-01 6.297870445359737834e-02
1.836120401337792885e+01 5.271592926153045172e-03 6.377621466090107605e-01 4.232710644801888633e-01 2.569582675612933076e-01 6.417231841643680768e-02
1.866220735785953266e+01 5.564243130735322708e-03 6.482091516676183884e-01 4.668217431217672742e-01 2.611697929013008235e-01 6.505646283777284655e-02
1.896321070234114003e+01 5.868239374441869792e-03 6.586561567262259054e-01 5.134363776719975681e-01 2.653813182413082838e-01 6.565017852177190694e-02
1.926421404682274385e+01 6.182729229228626187e-03 6.691031617848334223e-01 5.625926294158123397e-01 2.695928435813157997e-01 6.603377618025507712e-02
1.956521739130434767e+01 6.506676221570135803e-03 6.795501668434409392e-01 6.135858647321871251e-01 2.738043689213233156e-01 6.635757463949401580e-02
1.986622073578595504e+01 6.838952613016971091e-03 6.899971719020484562e-01 6.655976605984951222e-01 2.780158942613307760e-01 6.685200550715421353e-02
2.016722408026755886e+01 7.178456476308301554e-03 7.004441769606560841e-01 7.177832193076773004e-01 2.822274196013382919e-01 6.780419870270711080e-02
2.046822742474916623e+01 7.524238953145954457e-03 7.108911820192636011e-01 7.693577861940240625e-01 2.864389449413457522e-01 6.947305743571265124e-02
2.076923076923077005e+01 7.875622817531065939e-03 7.213381870778711180e-01 8.196611993032446586e-01 2.906504702813532681e-01 7.195500823926689882e-02
2.107023411371237742e+01 8.232291184274721438e-03 7.317851921364786349e-01 8.681866753654355895e-01 2.948619956213607285e-01 7.506709381442250306e-02
2.137123745819398124e+01 8.594326305487728218e-03 7.422321971950861519e-01 9.145723670977923270e-01 2.990735209613682444e-01 7.833965932132451460e-02
2.167224080267558861e+01 8.962183407904250609e-03 7.526792022536936688e-01 9.585667020376053005e-01 3.032850463013757047e-01 8.116685172598533948e-02
2.197324414715719243e+01 9.336593375775130432e-03 7.631262073123012968e-01 9.999855386492247922e-01 3.074965716413832206e-01 8.306180163574929110e-02
2.227424749163879625e+01 9.718399939238744900e-03 7.735732123709088137e-01 1.038677840234749850e+00 3.117080969813906810e-01 8.388074469472858730e-02
2.257525083612040362e+01 1.010835017654308082e-02 7.840202174295163307e-01 1.074507871555284266e+00 3.159196223213981969e-01 8.389096347549757082e-02
2.287625418060200744e+01 1.050686910411106033e-02 7.944672224881238476e-01 1.107350493763151977e+00 3.201311476614057128e-01 8.365659751628856666e-02
2.317725752508361481e+01 1.091385705618404256e-02 8.049142275467313645e-01 1.137088370964156159e+00 3.243426730014131731e-01 8.382209413932965869e-02
2.347826086956521863e+01 1.132854986445456028e-02 8.153612326053388815e-01 1.163600826850698766e+00 3.285541983414206890e-01 8.490676468879626571e-02
2.377926421404682600e+01 1.174947500731053640e-02 8.258082376639465094e-01 1.186743996791380429e+00 3.327657236814281494e-01 8.718010644889399863e-02
2.408026755852842982e+01 1.217452208994027063e-02 8.362552427225540264e-01 1.206334992782630344e+00 3.369772490214356653e-01 9.062476618962374275e-02
2.438127090301003363e+01 1.260112542265020424e-02 8.467022477811615433e-01 1.222159593292823310e+00 3.411887743614431256e-01 9.496711272419672278e-02
2.468227424749164101e+01 1.302653400945938574e-02 8.571492528397690602e-01 1.234016352868657407e+00 3.454002997014506415e-01 9.976347764782951544e-02
2.498327759197324482e+01 1.344812480088678451e-02 8.675962578983765772e-01 1.241791009030257964e+00 3.496118250414581019e-01 1.045321527367310543e-01
2.528428093645485220e+01 1.386370322736731921e-02 8.780432629569840941e-01 1.245533880860421272e+00 3.538233503814656178e-01 1.088970419402496975e-01
2.558528428093645601e+01 1.427173399716211329e-02 8.884902680155917221e-01 1.245503388991396454e+00 3.580348757214730782e-01 1.126880747341671291e-01
2.588628762541806339e+01 1.467145577736712198e-02 8.989372730741992390e-01 1.242148917414545251e+00 3.622464010614805940e-01 1.159621624152013808e-01
2.618729096989966720e+01 1.506285392209037906e-02 9.093842781328067559e-01 1.236031995309988307e+00 3.664579264014881099e-01 1.189537211603746286e-01
2.648829431438127102e+01 1.544649186420931318e-02 9.198312831914142729e-01 1.227712062252937830e+00 3.706694517414955703e-01 1.219887275076463329e-01
2.678929765886287839e+01 1.582322881913275636e-02 9.302782882500217898e-01 1.217636795452732956e+00 3.748809770815030862e-01 1.253858189348733276e-01
2.709030100334448221e+01 1.619387362035590999e-02 9.407252933086293067e-01 1.206070978108597647e+00 3.790925024215105466e-01 1.293570992300687728e-01
2.739130434782608958e+01 1.655883744058088761e-02 9.511722983672369347e-01 1.193078321073264503e+00 3.833040277615180624e-01 1.339380585626177567e-01
2.769230769230769340e+01 1.691784940468263332e-02 9.616193034258444516e-01 1.178550560089077770e+00 3.875155531015255228e-01 1.389949194702365942e-01
2.799331103678930077e+01 1.726978856083775243e-02 9.720663084844519686e-01 1.162267884115427918e+00 3.917270784415330387e-01 1.443332174245118005e-01
2.829431438127090459e+01 1.761266546884865739e-02 9.825133135430594855e-01 1.143975547815897498e+00 3.959386037815404991e-01 1.498634648524993507e-01
2.859531772575251196e+01 1.794376063614037259e-02 9.929603186016670024e-01 1.123466655717151097e+00 4.001501291215480149e-01 1.557237848724419560e-01
2.889632107023411578e+01 1.825989995780978592e-02 1.003407323660274519e+00 1.100662800016428688e+00 4.043616544615554753e-01 1.622715692758773531e-01
2.919732441471571960e+01 1.855782399866108892e-02 1.013854328718882147e+00 1.075680365139990435e+00 4.085731798015629912e-01 1.699364036626919983e-01
2.949832775919732697e+01 1.883459235898025247e-02 1.024301333777489553e+00 1.048865643429820693e+00 4.127847051415705071e-01 1.790130095000865007e-01
2.979933110367893079e+01 1.908795894711436819e-02 1.034748338836097181e+00 1.020783383798582911e+00 4.169962304815779675e-01 1.894961569075363506e-01
3.010033444816053816e+01 1.931665930314086649e-02 1.045195343894704809e+00 9.921538565477414640e-01 4.212077558215854833e-01 2.010126024294928981e-01
3.040133779264214198e+01 1.952056583218119562e-02 1.055642348953312215e+00 9.637491374179395498e-01 4.254192811615929437e-01 2.128534786471950324e-01
3.070234113712374935e+01 1.970068801034563152e-02 1.066089354011919843e+00 9.362725824184117140e-01 4.296308065016004596e-01 2.241079367009829737e-01
3.100334448160535317e+01 1.985901850747237227e-02 1.076536359070527249e+00 9.102506651243980063e-01 4.338423318416079200e-01 2.339082394876439153e-01
3.130434782608696054e+01 1.999824878795433691e-02 1.086983364129134877e+00 8.859626957431115946e-01 4.380538571816154358e-01 2.417426433757770554e-01
3.160535117056856436e+01 2.012139576163358284e-02 1.097430369187742505e+00 8.634242866938757199e-01 4.422653825216228962e-01 2.476935839733878653e-01
3.190635451505016817e+01 2.023139221189714301e-02 1.107877374246349911e+00 8.424278505446587406e-01 4.464769078616304121e-01 2.524385279321697539e-01
3.220735785953177555e+01 2.033069704681468928e-02 1.118324379304957539e+00 8.226296745072193550e-01 4.506884332016379280e-01 2.569809796865512586e-01
3.250836120401338292e+01 2.042097707146110774e-02 1.128771384363564945e+00 8.036602346249150930e-01 4.548999585416453884e-01 2.622631019780636286e-01
3.280936454849498318e+01 2.050290100404094165e-02 1.139218389422172573e+00 7.852266063851573996e-01 4.591114838816529042e-01 2.688815698025880385e-01
3.311036789297659055e+01 2.057607047502229419e-02 1.149665394480779979e+00 7.671782096229800008e-01 4.633230092216603646e-01 2.770308891164749432e-01
3.341137123745819792e+01 2.063909377731121958e-02 1.160112399539387606e+00 7.495212048131697502e-01 4.675345345616678805e-01 2.866346911807863274e-01
3.371237458193979819e+01 2.068978852489265774e-02 1.170559404597995234e+00 7.323871111693063263e-01 4.717460599016753409e-01 2.975297429551129191e-01
3.401337792642140556e+01 2.072548173849270148e-02 1.181006409656602640e+00 7.159771039566545925e-01 4.759575852416828567e-01 3.095889021026292931e-01
3.431438127090301293e+01 2.074336288166529416e-02 1.191453414715210268e+00 7.005064579529526325e-01 4.801691105816903171e-01 3.227588978831182898e-01
3.461538461538462030e+01 2.074083932830706259e-02 1.201900419773817674e+00 6.861637193009243463e-01 4.843806359216978330e-01 3.370575706380584124e-01
3.491638795986622057e+01 2.071584600479117744e-02 1.212347424832425302e+00 6.730849670752178104e-01 4.885921612617052934e-01 3.525680509323617096e-01
3.521739130434782794e+01 2.066707134491983788e-02 1.222794429891032930e+00 6.613353940520237950e-01 4.928036866017128093e-01 3.694108221948367854e-01
3.551839464882943531e+01 2.059407826161010688e-02 1.233241434949640336e+00 6.508927800171706579e-01 4.970152119417203251e-01 3.876507506677872028e-01
3.581939799331104268e+01 2.049731807207463147e-02 1.243688440008247964e+00 6.416359979956667292e-01 5.012267372817278410e-01 4.071506662501959695e-01
3.612040133779264295e+01 2.037805296869973914e-02 1.254135445066855370e+00 6.333479398519360482e-01 5.054382626217353014e-01 4.274663090701610879e-01
3.642140468227425032e+01 2.023821487465455801e-02 1.264582450125462998e+00 6.257403942396048135e-01 5.096497879617427618e-01 4.478955247769700887e-01
3.672240802675585769e+01 2.008023307190529710e-02 1.275029455184070404e+00 6.184993675607559638e-01 5.138613133017502221e-01 4.677114106038556818e-01
3.702341137123745796e+01 1.990685977592529174e-02 1.285476460242678032e+00 6.113391167619682820e-01 5.180728386417577935e-01 4.864815173873721643e-01
3.732441471571906533e+01 1.972101397671293180e-02 1.295923465301285660e+00 6.040480814268250898e-01 5.222843639817652539e-01 5.042973808531815427e-01
3.762541806020067270e+01 1.952565289352305861e-02 1.306370470359893066e+00 5.965126772907572983e-01 5.264958893217727143e-01 5.217691251189241486e-01
3.792642140468228007e+01 1.932367097856454649e-02 1.316817475418500694e+00 5.887138368322053505e-01 5.307074146617801746e-01 5.397678300506300042e-01
3.822742474916388034e+01 1.911782112797232730e-02 1.327264480477108100e+00 5.807018041690931165e-01 5.349189400017877460e-01 5.590499686017315062e-01
3.852842809364548771e+01 1.891065229327701033e-02 1.337711485535715727e+00 5.725622072692493347e-01 5.391304653417952064e-01 5.799754686895897127e-01
3.882943143812709508e+01 1.870446076232267635e-02 1.348158490594323355e+00 5.643876345109396508e-01 5.433419906818026668e-01 6.024759496055237529e-01
3.913043478260869534e+01 1.850125646646201202e-02 1.358605495652930761e+00 5.562634694712047523e-01 5.475535160218102382e-01 6.262744734207313924e-01
3.943143812709030271e+01 1.830274811864788728e-02 1.369052500711538389e+00 5.482674011016104298e-01 5.517650413618176986e-01 6.512064347904608086e-01
3.973244147157191009e+01 1.811035013654811732e-02 1.379499505770145795e+00 5.404738054864456354e-01 5.559765667018251589e-01 6.774376533615424911e-01
4.003344481605351746e+01 1.792521015409425864e-02 1.389946510828753423e+00 5.329518223100305763e-01 5.601880920418326193e-01 7.054398051708736794e-01
4.033444816053511772e+01 1.774825009013146146e-02 1.400393515887361051e+00 5.257511201888082075e-01 5.643996173818401907e-01 7.357177241998229533e-01
4.063545150501672509e+01 1.758020875918258133e-02 1.410840520945968457e+00 5.188793051311584303e-01 5.686111427218476511e-01 7.684254760814599461e-01
4.093645484949833246e+01 1.742167226819673134e-02 1.421287526004576085e+00 5.122836604609627420e-01 5.728226680618551114e-01 8.031032751726490115e-01
4.123745819397993273e+01 1.727308119591892954e-02 1.431734531063183491e+00 5.058515716602497436e-01 5.770341934018625718e-01 8.387541223161869564e-01
4.153846153846154010e+01 1.713471036850559154e-02 1.442181536121791119e+00 4.994366223842677255e-01 5.812457187418701432e-01 8.743104166092480201e-01
4.183946488294314747e+01 1.700662592875553519e-02 1.452628541180398525e+00 4.929044373874415519e-01 5.854572440818776036e-01 9.092638201624378969e-01
4.214046822742475484e+01 1.688863249033768776e-02 1.463075546239006153e+00 4.861810340692542254e-01 5.896687694218850639e-01 9.440339120973773035e-01
4.244147157190635511e+01 1.678022777896271897e-02 1.473522551297613781e+00 4.792832785899813763e-01 5.938802947618926353e-01 9.797507290001803426e-01
4.274247491638796248e+01 1.668058170615507874e-02 1.483969556356221187e+00 4.723179969748508844e-01 5.980918201019000957e-01 1.017538377635504476e+00
4.304347826086956985e+01 1.658855135729932900e-02 1.494416561414828815e+00 4.654496535048036066e-01 6.023033454419075561e-01 1.057807325725506065e+00
4.334448160535117722e+01 1.650273455228796690e-02 1.504863566473436221e+00 4.588493292899300524e-01 6.065148707819150165e-01 1.100087731545157155e+00
4.364548494983277749e+01 1.642155510394929102e-02 1.515310571532043848e+00 4.526440271720406083e-01 6.107263961219225878e-01 1.143485251608711728e+00
4.394648829431438486e+01 1.634336542183830246e-02 1.525757576590651476e+00 4.468831667230556137e-01 6.149379214619300482e-01 1.187318636419685935e+00
4.424749163879599223e+01 1.626654870602202430e-02 1.536204581649258882e+00 4.415308938834995311e-01 6.191494468019375086e-01 1.231414277795541246e+00
4.454849498327759250e+01 1.618960436319220181e-02 1.546651586707866510e+00 4.364830474745717837e-01 6.233609721419449690e-01 1.275944045496306023e+00
4.484949832775919987e+01 1.611120576478053748e-02 1.557098591766473916e+00 4.316003094017293873e-01 6.275724974819525404e-01 1.321132667729397303e+00
4.515050167224080724e+01 1.603022728379034992e-02 1.567545596825081544e+00 4.267461355705450265e-01 6.317840228219600007e-01 1.367172489446143224e+00
4.545150501672241461e+01 1.594574544723599552e-02 1.577992601883688950e+00 4.218192634849569633e-01 6.359955481619674611e-01 1.414327503401862529e+00
4.575250836120401488e+01 1.585702495871315482e-02 1.588439606942296578e+00 4.167742689552724755e-01 6.402070735019750325e-01 1.462946343036774843e+00
4.605351170568562225e+01 1.576350291191971550e-02 1.598886612000904206e+00 4.116277190706997824e-01 6.444185988419824929e-01 1.513234090024975442e+00
4.635451505016722962e+01 1.566478331803300775e-02 1.609333617059511612e+00 4.064503367501888786e-01 6.486301241819899532e-01 1.564973493722326969e+00
4.665551839464882988e+01 1.556064963517895215e-02 1.619780622118119240e+00 4.013468616856392113e-01 6.528416495219974136e-01 1.617528147400443039e+00
4.695652173913043725e+01 1.545109655409944611e-02 1.630227627176726646e+00 3.964259833351307383e-01 6.570531748620049850e-01 1.670230518807379383e+00
4.725752508361204463e+01 1.533637545931289953e-02 1.640674632235334274e+00 3.917644715463806104e-01 6.612647002020124454e-01 1.722879765766512916e+00
4.755852842809365200e+01 1.521704234003338346e-02 1.651121637293941902e+00 3.873730948615240477e-01 6.654762255420199057e-01 1.775920991879129440e+00
4.785953177257525226e+01 1.509399373402541683e-02 1.661568642352549308e+00 3.831755151932245140e-01 6.696877508820273661e-01 1.830111424268242803e+00
4.816053511705685963e+01 1.496847626655154438e-02 1.672015647411156936e+00 3.790117054966423704e-01 6.738992762220349375e-01 1.885901047618147031e+00
4.846153846153846700e+01 1.484205855860039509e-02 1.682462652469764341e+00 3.746717230918800157e-01 6.781108015620423979e-01 1.942985793139295536e+00
4.876254180602006727e+01 1.471656014779672630e-02 1.692909657528371969e+00 3.699543257514810723e-01 6.823223269020498583e-01 2.000332312502373089e+00
4.906354515050167464e+01 1.459393949973712516e-02 1.703356662586979597e+00 3.647325469709080115e-01 6.865338522420574296e-01 2.056600295550933932e+00
4.936454849498328201e+01 1.447615078628447516e-02 1.713803667645587003e+00 3.590016618578673047e-01 6.907453775820648900e-01 2.110647996990043573e+00
4.966555183946488938e+01 1.436498541952492894e-02 1.724250672704194631e+00 3.528888066890602526e-01 6.949569029220723504e-01 2.161849740747012749e+00
4.996655518394648965e+01 1.426191812182775291e-02 1.734697677762802037e+00 3.466174768992358324e-01 6.991684282620798108e-01 2.210145317264405218e+00
5.026755852842809702e+01 1.416797780094885585e-02 1.745144682821409665e+00 3.404382458787791332e-01 7.033799536020873822e-01 2.255895133860832846e+00
5.056856187290970439e+01 1.408366051212162767e-02 1.755591687880017071e+00 3.345508066322803176e-01 7.075914789420948425e-01 2.299677941785481128e+00
5.086956521739130466e+01 1.400889581728610896e-02 1.766038692938624699e+00 3.290454654051899186e-01 7.118030042821023029e-01 2.342153567098858691e+00
5.117056856187291203e+01 1.394306997407586748e-02 1.776485697997232327e+00 3.238836695417937617e-01 7.160145296221097633e-01 2.384024339177664764e+00
5.147157190635451940e+01 1.388510107025819375e-02 1.786932703055839733e+00 3.189217347994199869e-01 7.202260549621173347e-01 2.426018951632930687e+00
5.177257525083612677e+01 1.383355401793024027e-02 1.797379708114447361e+00 3.139667458388739063e-01 7.244375803021247950e-01 2.468802566483758731e+00
5.207357859531772704e+01 1.378677854267250369e-02 1.807826713173054767e+00 3.088441852030801016e-01 7.286491056421322554e-01 2.512811042716913246e+00
5.237458193979933441e+01 1.374305171175851936e-02 1.818273718231662395e+00 3.034551220806737115e-01 7.328606309821398268e-01 2.558093014602132786e+00
5.267558528428094178e+01 1.370070820051139983e-02 1.828720723290270023e+00 2.978056546447533925e-01 7.370721563221472872e-01 2.604222038281668539e+00
5.297658862876254204e+01 1.365824576124049367e-02 1.839167728348877429e+00 2.920004590868484073e-01 7.412836816621547475e-01 2.650277969500093533e+00
5.327759197324414941e+01 1.361439910045336536e-02 1.849614733407485057e+00 2.862033945400432322e-01 7.454952070021622079e-01 2.694905393731255039e+00
5.357859531772575679e+01 1.356818127199989864e-02 1.860061738466092462e+00 2.805785486274992024e-01 7.497067323421697793e-01 2.736511137940431659e+00
5.387959866220736416e+01 1.351889660010958082e-02 1.870508743524700090e+00 2.752317655546649977e-01 7.539182576821772397e-01 2.773637448099211422e+00
5.418060200668896442e+01 1.346613231417031695e-02 1.880955748583307496e+00 2.701727885764368398e-01 7.581297830221847001e-01 2.805414565597006415e+00
5.448160535117057179e+01 1.340973727584516412e-02 1.891402753641915124e+00 2.653109502119083696e-01 7.623413083621921604e-01 2.831877387993638528e+00
5.478260869565217916e+01 1.334979562309383631e-02 1.901849758700522752e+00 2.604852856832839403e-01 7.665528337021997318e-01 2.853945242881482880e+00
5.508361204013378654e+01 1.328660132548033744e-02 1.912296763759130158e+00 2.555178138781870056e-01 7.707643590422071922e-01 2.873009648332647714e+00
5.538461538461538680e+01 1.322063708652496290e-02 1.922743768817737786e+00 2.502713442063989047e-01 7.749758843822146526e-01 2.890272416230978525e+00
5.568561872909699417e+01 1.315255821326928240e-02 1.933190773876345192e+00 2.446930631620269081e-01 7.791874097222222240e-01 2.906142979381074021e+00
5.598662207357860154e+01 1.308317936235548276e-02 1.943637778934952820e+00 2.388316501468371600e-01 7.833989350622296843e-01 2.920047698850144258e+00
5.628762541806020181e+01 1.301345977015087862e-02 1.954084783993560448e+00 2.328255720833231346e-01 7.876104604022371447e-01 2.930837613698335620e+00
5.658862876254180918e+01 1.294448100805359846e-02 1.964531789052167854e+00 2.268694472898286907e-01 7.918219857422446051e-01 2.937635871814356037e+00
5.688963210702341655e+01 1.287741085399174770e-02 1.974978794110775482e+00 2.211707177180748107e-01 7.960335110822521765e-01 2.940652917728507010e+00
5.719063545150502392e+01 1.281344791216594385e-02 1.985425799169382888e+00 2.159090569287936412e-01 8.002450364222596368e-01 2.941459746640300743e+00
5.749163879598662419e+01 1.275374436507661219e-02 1.995872804227990516e+00 2.112069380691493081e-01 8.044565617622670972e-01 2.942503406931817000e+00
5.779264214046823156e+01 1.269930858924013702e-02 2.006319809286597700e+00 2.071141367659488364e-01 8.086680871022745576e-01 2.946093790099674870e+00
5.809364548494983893e+01 1.265089473238028943e-02 2.016766814345205550e+00 2.036044290642917143e-01 8.128796124422821290e-01 2.953403622363337533e+00
5.839464882943143920e+01 1.260889170528919218e-02 2.027213819403812955e+00 2.005810017158760339e-01 8.170911377822895894e-01 2.963998925543186225e+00
5.869565217391304657e+01 1.257322807657884102e-02 2.037660824462420361e+00 1.978879570589288095e-01 8.213026631222970497e-01 2.976071744439849898e+00
5.899665551839465394e+01 1.254331079900495270e-02 2.048107829521027767e+00 1.953272145610477906e-01 8.255141884623046211e-01 2.987141199700943162e+00
5.929765886287626131e+01 1.251801367486678716e-02 2.058554834579635617e+00 1.926812701937843930e-01 8.297257138023120815e-01 2.994818574927295085e+00
5.959866220735786158e+01 1.249572583998734103e-02 2.069001839638243023e+00 1.897416481420879653e-01 8.339372391423195419e-01 2.997340110296891957e+00
5.989966555183946895e+01 1.247446203644812443e-02 2.079448844696850429e+00 1.863406283349028913e-01 8.381487644823270022e-01 2.993748495020323919e+00
6.020066889632107632e+01 1.245202656540594574e-02 2.089895849755458279e+00 1.823810345268999933e-01 8.423602898223345736e-01 2.983705648707412728e+00
6.050167224080267658e+01 1.242621354333293265e-02 2.100342854814065685e+00 1.778569519679170652e-01 8.465718151623420340e-01 2.967031329441332410e+00
6.080267558528428395e+01 1.239501939842082776e-02 2.110789859872673091e+00 1.728584600339560240e-01 8.507833405023494944e-01 2.943257537382486522e+00
6.110367892976589133e+01 1.235684089008263001e-02 2.121236864931280497e+00 1.675564274611737736e-01 8.549948658423570658e-01 2.911577597952328400e+00
6.140468227424749870e+01 1.231063385655145441e-02 2.131683869989888347e+00 1.621687249550674559e-01 8.592063911823645261e-01 2.871311324136970100e+00
6.170568561872909896e+01 1.225601388379951411e-02 2.142130875048495753e+00 1.569152986771387981e-01 8.634179165223719865e-01 2.822536641881800978e+00
6.200668896321070633e+01 1.219328873517880329e-02 2.152577880107103159e+00 1.519740501903332763e-01 8.676294418623794469e-01 2.766328761764642596e+00
6.230769230769231370e+01 1.212342179035494003e-02 2.163024885165711009e+00 1.474501521369833146e-01 8.718409672023870183e-01 2.704372415133961649e+00
6.260869565217392108e+01 1.204793407207973080e-02 2.173471890224318415e+00 1.433673841527416670e-01 8.760524925423944786e-01 2.638273548285157588e+00
6.290969899665552134e+01 1.196875839145825765e-02 2.183918895282925821e+00 1.396824748419363271e-01 8.802640178824019390e-01 2.569134141426828943e+00
6.321070234113712871e+01 1.188806224242475347e-02 2.194365900341533671e+00 1.363152902398374611e-01 8.844755432224093994e-01 2.497655534267566146e+00
6.351170568561873608e+01 1.180805666093900051e-02 2.204812905400141076e+00 1.331825240595613802e-01 8.886870685624169708e-01 2.424538576009029889e+00
6.381270903010033635e+01 1.173080719863757622e-02 2.215259910458748482e+00 1.302225520472746478e-01 8.928985939024244312e-01 2.350742382734285041e+00
6.411371237458195083e+01 1.165806140877938615e-02 2.225706915517355888e+00 1.274040815916376301e-01 8.971101192424318915e-01 2.277380860553285036e+00
6.441471571906355109e+01 1.159110546903748505e-02 2.236153920575963738e+00 1.247186134027587212e-01 9.013216445824394629e-01 2.205385829253877272e+00
6.471571906354515136e+01 1.153066091733028972e-02 2.246600925634571144e+00 1.221630753605784520e-01 9.055331699224469233e-01 2.135209816519411774e+00
6.501672240802676583e+01 1.147683061396108720e-02 2.257047930693178550e+00 1.197217059237066228e-01 9.097446952624543837e-01 2.066732707259699264e+00
6.531772575250836610e+01 1.142910038882498716e-02 2.267494935751786400e+00 1.173547989918624773e-01 9.139562206024618440e-01 1.999360296770289924e+00
6.561872909698996637e+01 1.138639891577971144e-02 2.277941940810393806e+00 1.149977224279916527e-01 9.181677459424694154e-01 1.932217068737722032e+00
6.591973244147158084e+01 1.134721310443072805e-02 2.288388945869001212e+00 1.125691222656780704e-01 9.223792712824768758e-01 1.864355070119305013e+00
6.622073578595318111e+01 1.130975016192703117e-02 2.298835950927608618e+00 1.099844636676121923e-01 9.265907966224843362e-01 1.794958397164461372e+00
6.652173913043478137e+01 1.127213134918318184e-02 2.309282955986216468e+00 1.071706814182343537e-01 9.308023219624917965e-01 1.723541192341369932e+00
6.682274247491639585e+01 1.123259744806486687e-02 2.319729961044823874e+00 1.040788663361895128e-01 9.350138473024993679e-01 1.650086345727026504e+00
6.712374581939799612e+01 1.118970310867718060e-02 2.330176966103431280e+00 1.006931148758997557e-01 9.392253726425068283e-01 1.575024898184487432e+00
6.742474916387959638e+01 1.114247728528281432e-02 2.340623971162039130e+00 9.703404527321107809e-02 9.434368979825142887e-01 1.499027115024745838e+00
6.772575250836121086e+01 1.109053016594940475e-02 2.351070976220646536e+00 9.315545603536216912e-02 9.476484233225218601e-01 1.422746834722206755e+00
6.802675585284281112e+01 1.103409313251816140e-02 2.361517981279253942e+00 8.913338565775837108e-02 9.518599486625293205e-01 1.346741109937746650e+00
6.832775919732442560e+01 1.097398667464724240e-02 2.371964986337861792e+00 8.504911572399180553e-02 9.560714740025367808e-01 1.271639283079978533e+00
6.862876254180602587e+01 1.091152076064283785e-02 2.382411991396469197e+00 8.097064357900296550e-02 9.602829993425442412e-01 1.198379735931188295e+00
6.892976588628762613e+01 1.084834158869935755e-02 2.392858996455076603e+00 7.693889873678023961e-02 9.644945246825518126e-01 1.128234174799203959e+00
6.923076923076924061e+01 1.078624641324177000e-02 2.403306001513684009e+00 7.296389069486328149e-02 9.687060500225592730e-01 1.062506738322637201e+00
6.953177257525084087e+01 1.072699284421452411e-02 2.413753006572291859e+00 6.903215867331344291e-02 9.729175753625667333e-01 1.002066339961332098e+00
6.983277591973244114e+01 1.067212959345872555e-02 2.424200011630899265e+00 6.512223743580866642e-02 9.771291007025741937e-01 9.470022945143063975e-01
7.013377926421405562e+01 1.062287169347109032e-02 2.434647016689506671e+00 6.122178615298465992e-02 9.813406260425817651e-01 8.966016391977031930e-01
7.043478260869565588e+01 1.058003521989511232e-02 2.445094021748114521e+00 5.733995802410170317e-02 9.855521513825892255e-01 8.496444524706697754e-01
7.073578595317725615e+01 1.054403589476574261e-02 2.455541026806721927e+00 5.351119378615928901e-02 9.897636767225966858e-01 8.048598990369001394e-01
7.103678929765887062e+01 1.051494469555707377e-02 2.465988031865329333e+00 4.979031784108287062e-02 9.939752020626042572e-01 7.613430041264257486e-01
7.133779264214047089e+01 1.049258403250670144e-02 2.476435036923936739e+00 4.624184790977610426e-02 9.981867274026117176e-01 7.187646121864301740e-01
7.163879598662208537e+01 1.047664213199606988e-02 2.486882041982544589e+00 4.292776342142159973e-02 1.002398252742619178e+00 6.772786497840747044e-01
7.193979933110368563e+01 1.046678208698034220e-02 2.497329047041151995e+00 3.989754980056298833e-02 1.006609778082626638e+00 6.371554435603355993e-01
7.224080267558528590e+01 1.046272560185716738e-02 2.507776052099759401e+00 3.718276638829020458e-02 1.010821303422634099e+00 5.983396951969308653e-01
7.254180602006690037e+01 1.046429868291426368e-02 2.518223057158367251e+00 3.479651056768770512e-02 1.015032828762641559e+00 5.602358545555337077e-01
7.284280936454850064e+01 1.047143556374361371e-02 2.528670062216974657e+00 3.273664084791798323e-02 1.019244354102649019e+00 5.219213352475082779e-01
7.314381270903010090e+01 1.048414590973248232e-02 2.539117067275582063e+00 3.099080438674266941e-02 1.023455879442656480e+00 4.826948173597420677e-01
7.344481605351171538e+01 1.050245698596760820e-02 2.549564072334189468e+00 2.954119298856198658e-02 1.027667404782663940e+00 4.426036750962333843e-01
7.374581939799331565e+01 1.052634583437855181e-02 2.560011077392797318e+00 2.836736504587494823e-02 1.031878930122671401e+00 4.025891888476181291e-01
7.404682274247491591e+01 1.055567628363424798e-02 2.570458082451404724e+00 2.744627177419224628e-02 1.036090455462679083e+00 3.641479720763111660e-01
7.434782608695653039e+01 1.059015233504827409e-02 2.580905087510012130e+00 2.674972785988340498e-02 1.040301980802686543e+00 3.287232032181459651e-01
7.464882943143813065e+01 1.062929427966083709e-02 2.591352092568619980e+00 2.624080554958175757e-02 1.044513506142694004e+00 2.971834792589255758e-01
7.494983277591973092e+01 1.067243826457056795e-02 2.601799097627227386e+00 2.587158520090800454e-02 1.048725031482701464e+00 2.696464116259355559e-01
7.525083612040134540e+01 1.071875535602379199e-02 2.612246102685834792e+00 2.558472608256695882e-02 1.052936556822708924e+00 2.456556410818082625e-01
7.555183946488294566e+01 1.076728349131135173e-02 2.622693107744442642e+00 2.531997251665394147e-02 1.057148082162716385e+00 2.245065411305338099e-01
7.585284280936456014e+01 1.081696551463685353e-02 2.633140112803050048e+00 2.502424374668834467e-02 1.061359607502723845e+00 2.054834160566071655e-01
7.615384615384616041e+01 1.086668848981222832e-02 2.643587117861657454e+00 2.466153765994254926e-02 1.065571132842731528e+00 1.879223513662567069e-01
7.645484949832776067e+01 1.091532277245109601e-02 2.654034122920264860e+00 2.421806909098281335e-02 1.069782658182738988e+00 1.712001299979981628e-01
7.675585284280937515e+01 1.096176260963342350e-02 2.664481127978872710e+00 2.369978727238515256e-02 1.073994183522746448e+00 1.547984362133165981e-01
7.705685618729097541e+01 1.100497200059023621e-02 2.674928133037480116e+00 2.312311373508174270e-02 1.078205708862753909e+00 1.384714897608337880e-01
7.735785953177257568e+01 1.104403927655902250e-02 2.685375138096087522e+00 2.250342863457564097e-02 1.082417234202761369e+00 1.223909444362772936e-01
7.765886287625419016e+01 1.107824113920123817e-02 2.695822143154695372e+00 2.184722361368492127e-02 1.086628759542768830e+00 1.071163018974034820e-01
7.795986622073579042e+01 1.110711237349437837e-02 2.706269148213302778e+00 2.115186097502922899e-02 1.090840284882776290e+00 9.336536382876640949e-02
7.826086956521739069e+01 1.113051246158783952e-02 2.716716153271910184e+00 2.041253241055225251e-02 1.095051810222783972e+00 8.171088148726386724e-02
7.856187290969900516e+01 1.114867652828390246e-02 2.727163158330517589e+00 1.963187139031238176e-02 1.099263335562791433e+00 7.237060467535677555e-02
7.886287625418060543e+01 1.116223691855485270e-02 2.737610163389125439e+00 1.882627459566533351e-02 1.103474860902798893e+00 6.517207801111536691e-02
7.916387959866221991e+01 1.117220405074166069e-02 2.748057168447732845e+00 1.802515002906769637e-02 1.107686386242806353e+00 5.965585772313889562e-02
7.946488294314382017e+01 1.117990086149430948e-02 2.758504173506340251e+00 1.726358898087192520e-02 1.111897911582813814e+00 5.522796118393658027e-02
7.976588628762542044e+01 1.118685306039397115e-02 2.768951178564948101e+00 1.657262564415437622e-02 1.116109436922821274e+00 5.129808599743109626e-02
8.006688963210703491e+01 1.119464577279958087e-02 2.779398183623555507e+00 1.597211226124837027e-02 1.120320962262828735e+00 4.738790076521921107e-02
8.036789297658863518e+01 1.120476400843219145e-02 2.789845188682162913e+00 1.546904368872137683e-02 1.124532487602836417e+00 4.320998662354932907e-02
8.066889632107023544e+01 1.121843812924990143e-02 2.800292193740770763e+00 1.506061344128899193e-02 1.128744012942843877e+00 3.870352386443343812e-02
8.096989966555184992e+01 1.123651524027517376e-02 2.810739198799378169e+00 1.473875669275969899e-02 1.132955538282851338e+00 3.400668837536161004e-02
8.127090301003345019e+01 1.125937328320228414e-02 2.821186203857985575e+00 1.449289836438642266e-02 1.137167063622858798e+00 2.937063044293760153e-02
8.157190635451505045e+01 1.128688755685935442e-02 2.831633208916592981e+00 1.430977933135200303e-02 1.141378588962866258e+00 2.505464275376399763e-02
8.187290969899666493e+01 1.131845100467082296e-02 2.842080213975200831e+00 1.417189417354858608e-02 1.145590114302873719e+00 2.125053140189515563e-02
8.217391304347826519e+01 1.135304166568364484e-02 2.852527219033808237e+00 1.405736532890420817e-02 1.149801639642881179e+00 1.805883176007115967e-02
8.247491638795986546e+01 1.138932470786082826e-02 2.862974224092415643e+00 1.394313846086293190e-02 1.154013164982888640e+00 1.550537711768069232e-02
8.277591973244147994e+01 1.142577340047169765e-02 2.873421229151023493e+00 1.381084768961151135e-02 1.158224690322896322e+00 1.356954746920271092e-02
8.307692307692308020e+01 1.146079344727255964e-02 2.883868234209630899e+00 1.365225350870353550e-02 1.162436215662903782e+00 1.220015792365021501e-02
8.337792642140469468e+01 1.149283779252273548e-02 2.894315239268238305e+00 1.347047515496652657e-02 1.166647741002911243e+00 1.131183742905516286e-02
8.367892976588629494e+01 1.152050331064123113e-02 2.904762244326845710e+00 1.327494745009417942e-02 1.170859266342918703e+00 1.077272877883397352e-02
8.397993311036789521e+01 1.154260546779110885e-02 2.915209249385453560e+00 1.307130751956263846e-02 1.175070791682926163e+00 1.040398201346091900e-02
8.428093645484950969e+01 1.155823098402615143e-02 2.925656254444060966e+00 1.285047029042756146e-02 1.179282317022933624e+00 1.000639535709617854e-02
8.458193979933110995e+01 1.156677099054828455e-02 2.936103259502668372e+00 1.258227743153880404e-02 1.183493842362941084e+00 9.411395588525913250e-03
8.488294314381271022e+01 1.156793794821222611e-02 2.946550264561276222e+00 1.221763766784731559e-02 1.187705367702948767e+00 8.533950533292502388e-03
8.518394648829432469e+01 1.156176895504180090e-02 2.956997269619883628e+00 1.169969080306987666e-02 1.191916893042956227e+00 7.398306803868734058e-03
8.548494983277592496e+01 1.154861666379728216e-02 2.967444274678491034e+00 1.098077779621761327e-02 1.196128418382963687e+00 6.119962440432210292e-03
8.578595317725752523e+01 1.152912762812996830e-02 2.977891279737098440e+00 1.003949105507500987e-02 1.200339943722971148e+00 4.851854988700688223e-03
8.608695652173913970e+01 1.150420716691689764e-02 2.988338284795706290e+00 8.891780127026689684e-03 1.204551469062978608e+00 3.722985498236281929e-03
8.638795986622073997e+01 1.147497016911957525e-02 2.998785289854313696e+00 7.592046368803025309e-03 1.208762994402986068e+00 2.799758183774875807e-03
8.668896321070235444e+01 1.144267867964436289e-02 3.009232294912921102e+00 6.223596708410312692e-03 1.212974519742993529e+00 2.083654319855152235e-03
8.698996655518395471e+01 1.140866928734636868e-02 3.019679299971528952e+00 4.881448262093252520e-03 1.217186045083001211e+00 1.536535787216495664e-03
8.729096989966555498e+01 1.137427570954256152e-02 3.030126305030136358e+00 3.652923445513136125e-03 1.221397570423008672e+00 1.112448827348628015e-03
8.759197324414716945e+01 1.134075386416920003e-02 3.040573310088743764e+00 2.601841617840902274e-03 1.225609095763016132e+00 7.780758799261953094e-04
8.789297658862876972e+01 1.130921753543279694e-02 3.051020315147351614e+00 1.760353239133897237e-03 1.229820621103023592e+00 5.165743075689982694e-04
8.819397993311036998e+01 1.128059207637632094e-02 3.061467320205959020e+00 1.129443277382287435e-03 1.234032146443031053e+00 3.206270916000571614e-04
8.849498327759198446e+01 1.125559137437097748e-02 3.071914325264566425e+00 6.862064819195263891e-04 1.238243671783038513e+00 1.838819931738102254e-04
8.879598662207358473e+01 1.123471981753878905e-02 3.082361330323173831e+00 3.943172276347531552e-04 1.242455197123045973e+00 9.661075515021490007e-05
8.909698996655518499e+01 1.121829685577053516e-02 3.092808335381781681e+00 2.140876171173856609e-04 1.246666722463053434e+00 4.621034564037875832e-05
8.939799331103679947e+01 1.120649778015440391e-02 3.103255340440389087e+00 1.097270466225681125e-04 1.250878247803061116e+00 2.002854539527510041e-05
8.969899665551839973e+01 1.119940141801567014e-02 3.113702345498996493e+00 5.305061784375542078e-05 1.255089773143068577e+00 7.837781857877162216e-06
9.000000000000000000e+01 1.119703425701682603e-02 3.124149350557604343e+00 2.417954312963393934e-05 1.259301298483076037e+00 2.761440257477128328e-06
