0.000000000000000000e+00 0.000000000000000000e+00 7.631744510477060928e-01 2.310864497894361802e-06 7.498506602747799787e-01 5.372539904433629763e-06
3.010033444816053727e-01 0.000000000000000000e+00 7.667375322908566160e-01 8.978722078431716541e-06 7.509780745559366810e-01 1.516077753703138671e-05
6.020066889632107454e-01 0.000000000000000000e+00 7.703006135340072502e-01 2.899253981904960177e-05 7.521054888370934943e-01 3.786467222433942073e-05
9.030100334448161181e-01 0.000000000000000000e+00 7.738636947771577734e-01 7.952538478065694389e-05 7.532329031182501966e-01 8.410604190362428530e-05
1.204013377926421491e+00 0.000000000000000000e+00 7.774267760203084077e-01 1.902496966956084587e-04 7.543603173994068989e-01 1.673143397177165271e-04
1.505016722408026864e+00 0.000000000000000000e+00 7.809898572634589309e-01 4.063697641934218793e-04 7.554877316805636012e-01 3.009209547277723025e-04
1.806020066889632236e+00 0.000000000000000000e+00 7.845529385066095651e-01 7.844418421053383486e-04 7.566151459617204145e-01 4.950261074162491540e-04
2.107023411371237387e+00 4.940656458412465442e-324 7.881160197497600883e-01 1.369414466417148615e-03 7.577425602428771167e-01 7.541152542340953365e-04
2.408026755852842982e+00 1.538598483521684656e-317 7.916791009929107226e-01 2.160171376047634664e-03 7.588699745240338190e-01 1.075228258379416725e-03
2.709030100334448576e+00 2.317567615386113627e-311 7.952421822360612458e-01 3.102146075621218125e-03 7.599973888051905213e-01 1.444062572348861094e-03
3.010033444816053727e+00 3.026751529880018111e-305 7.988052634792118800e-01 4.119230152873315336e-03 7.611248030863473346e-01 1.829420625695478073e-03
3.311036789297658878e+00 3.427350088319783441e-299 8.023683447223624032e-01 5.132511059602849757e-03 7.622522173675040369e-01 2.182860743947323892e-03
3.612040133779264472e+00 3.364941423748511954e-293 8.059314259655130375e-01 6.054439905236282636e-03 7.633796316486607392e-01 2.451554070977559219e-03
3.913043478260870067e+00 2.864401521614551158e-287 8.094945072086635607e-01 6.850019550193930939e-03 7.645070459298174415e-01 2.603431116084123018e-03
4.214046822742474774e+00 2.114110257997227376e-281 8.130575884518141949e-01 7.676092488752070744e-03 7.656344602109742548e-01 2.653083282266447719e-03
4.515050167224080369e+00 1.352878285213158092e-275 8.166206696949647181e-01 8.935704654642146957e-03 7.667618744921309570e-01 2.675707136799365497e-03
4.816053511705685963e+00 7.506321791802816598e-270 8.201837509381153524e-01 1.118294731927782157e-02 7.678892887732876593e-01 2.802793879064381655e-03
5.117056856187291558e+00 3.611045795974684918e-264 8.237468321812658756e-01 1.505313527601971277e-02 7.690167030544443616e-01 3.196975858785448908e-03
5.418060200668897153e+00 1.506177605306011140e-258 8.273099134244165098e-01 2.129243312003574473e-02 7.701441173356011749e-01 4.003705613315034807e-03
5.719063545150501859e+00 5.446992219008617484e-253 8.308729946675670330e-01 3.066770809249321980e-02 7.712715316167578772e-01 5.285176224051187262e-03
6.020066889632107454e+00 1.707948264453595104e-247 8.344360759107176673e-01 4.366189949453620767e-02 7.723989458979145795e-01 6.961871114563917932e-03
6.321070234113713049e+00 4.643335504159522025e-242 8.379991571538681905e-01 6.030939661311024436e-02 7.735263601790712817e-01 8.805159559708394118e-03
6.622073578595317755e+00 1.094517792735150995e-236 8.415622383970188247e-01 8.051330185036680021e-02 7.746537744602280950e-01 1.051588591765622270e-02
6.923076923076923350e+00 2.236933158636415392e-231 8.451253196401693479e-01 1.045853186138689106e-01 7.757811887413847973e-01 1.187786755403907359e-02
7.224080267558528945e+00 3.963881132380492611e-226 8.486884008833199822e-01 1.334142740471856992e-01 7.769086030225414996e-01 1.291394152260821881e-02
7.525083612040134540e+00 6.090117723854181202e-221 8.522514821264705054e-01 1.680642188560173833e-01 7.780360173036982019e-01 1.394411861129909308e-02
7.826086956521740134e+00 8.112752389997227078e-216 8.558145633696211396e-01 2.092342307549260594e-01 7.791634315848550152e-01 1.548543482568691745e-02
8.127090301003345729e+00 9.370186672605668698e-211 8.593776446127716628e-01 2.572882165252160513e-01 7.802908458660117175e-01 1.802568293970040203e-02
8.428093645484949548e+00 9.383519849685026613e-206 8.629407258559222971e-01 3.130177962430978900e-01 7.814182601471684197e-01 2.178932961626400128e-02
8.729096989966555142e+00 8.147433978596806478e-201 8.665038070990728203e-01 3.780907356260798657e-01 7.825456744283251220e-01 2.663299468944275300e-02
9.030100334448160737e+00 6.133572344149851542e-196 8.700668883422234545e-01 4.541311232781193863e-01 7.836730887094819353e-01 3.213532115906176517e-02
9.331103678929766332e+00 4.003535999977574388e-191 8.736299695853739777e-01 5.415165249338286246e-01 7.848005029906386376e-01 3.781580617301653208e-02
9.632107023411371927e+00 2.265748115094194724e-186 8.771930508285246120e-01 6.399848414490927340e-01 7.859279172717953399e-01 4.332338491033917854e-02
9.933110367892977521e+00 1.111775770208838146e-181 8.807561320716751352e-01 7.505205138330712789e-01 7.870553315529520422e-01 4.847355775298838737e-02
1.023411371237458312e+01 4.729993258437883316e-177 8.843192133148257694e-01 8.756927025339563686e-01 7.881827458341088555e-01 5.316868091463058943e-02
1.053511705685618871e+01 1.744783864007757800e-172 8.878822945579762926e-01 1.017669162564866614e+00 7.893101601152655578e-01 5.735740951677018723e-02
1.083612040133779431e+01 5.580339408702537083e-168 8.914453758011269269e-01 1.176457083862340491e+00 7.904375743964222600e-01 6.113255412224001539e-02
1.113712374581939812e+01 1.547453231531557314e-163 8.950084570442774501e-01 1.350710901904288441e+00 7.915649886775789623e-01 6.487821572767484002e-02
1.143812709030100372e+01 3.720595663410014636e-159 8.985715382874280843e-01 1.540010333344544513e+00 7.926924029587357756e-01 6.926668735507970909e-02
1.173913043478260931e+01 7.756138263221448527e-155 9.021346195305786075e-01 1.745182551650011682e+00 7.938198172398924779e-01 7.501064673055407583e-02
1.204013377926421491e+01 1.401899382287982349e-150 9.056977007737292418e-01 1.965480762260105152e+00 7.949472315210491802e-01 8.249960675709454294e-02
1.234113712374582050e+01 2.196982051661613878e-146 9.092607820168797650e-01 2.195862826280565727e+00 7.960746458022058825e-01 9.157287232193656035e-02
1.264214046822742610e+01 2.985208579252560265e-142 9.128238632600303992e-01 2.428100703366030899e+00 7.972020600833626958e-01 1.016010044728563738e-01
1.294314381270903169e+01 3.516912198624714112e-138 9.163869445031809224e-01 2.655295066709621565e+00 7.983294743645193980e-01 1.118468286697027886e-01
1.324414715719063551e+01 3.592421049195254651e-134 9.199500257463315567e-01 2.875946120614764734e+00 7.994568886456761003e-01 1.218987660402427037e-01
1.354515050167224111e+01 3.181647156184858472e-130 9.235131069894820799e-01 3.094232148395235527e+00 8.005843029268328026e-01 1.319091235391865735e-01
1.384615384615384670e+01 2.443183677792153927e-126 9.270761882326327141e-01 3.316332229561639533e+00 8.017117172079896159e-01 1.424705431682037060e-01
1.414715719063545230e+01 1.626671366848438164e-122 9.306392694757832373e-01 3.545682252297632786e+00 8.028391314891463182e-01 1.541969623705106984e-01
1.444816053511705789e+01 9.390386004108323200e-119 9.342023507189338716e-01 3.780446372248404519e+00 8.039665457703030205e-01 1.672970902178440855e-01
1.474916387959866348e+01 4.700102724097052236e-115 9.377654319620843948e-01 4.014066892041758372e+00 8.050939600514597227e-01 1.814514187199353090e-01
1.505016722408026908e+01 2.039726562982108187e-111 9.413285132052349180e-01 4.237023265608594436e+00 8.062213743326165361e-01 1.960825543183802033e-01
1.535117056856187467e+01 7.674988323014854365e-108 9.448915944483855522e-01 4.437875549873083969e+00 8.073487886137732383e-01 2.108134711642289938e-01
1.565217391304348027e+01 2.503947420368867595e-104 9.484546756915361865e-01 4.604635179901781505e+00 8.084762028949299406e-01 2.257781281040571186e-01
1.595317725752508409e+01 7.082963649282691161e-101 9.520177569346867097e-01 4.728802988149641173e+00 8.096036171760866429e-01 2.415794932856890065e-01
1.625418060200669146e+01 1.737192121437662895e-97 9.555808381778372329e-01 4.810409021119061102e+00 8.107310314572434562e-01 2.589647503294452702e-01
1.655518394648829528e+01 3.694235040118418076e-94 9.591439194209878671e-01 4.858890018814984835e+00 8.118584457384001585e-01 2.784873625857837154e-01
1.685618729096989910e+01 6.811549987499326834e-91 9.627070006641385014e-01 4.888328053224127778e+00 8.129858600195568608e-01 3.004036549235385989e-01
1.715719063545150647e+01 1.088963128044703440e-87 9.662700819072890246e-01 4.911183503440986975e+00 8.141132743007135630e-01 3.248405123763629110e-01
1.745819397993311028e+01 1.509480139886740781e-84 9.698331631504395478e-01 4.934506204157625753e+00 8.152406885818703763e-01 3.520550052408800701e-01
1.775919732441471766e+01 1.814220229178261749e-81 9.733962443935901820e-01 4.959532830720736030e+00 8.163681028630270786e-01 3.825617344737992642e-01
1.806020066889632147e+01 1.890612604153249857e-78 9.769593256367408163e-01 4.983801026298134040e+00 8.174955171441837809e-01 4.170291456138585651e-01
1.836120401337792885e+01 1.708310574730988149e-75 9.805224068798913395e-01 5.003105459530872601e+00 8.186229314253405942e-01 4.559905145227546863e-01
1.866220735785953266e+01 1.338396832649474488e-72 9.840854881230418627e-01 5.010976367238045626e+00 8.197503457064972965e-01 4.994888585685976490e-01
1.896321070234114003e+01 9.091993425697727069e-70 9.876485693661924969e-01 4.998481933318429604e+00 8.208777599876539988e-01 5.468354051528332427e-01
1.926421404682274385e+01 5.355403036654203988e-67 9.912116506093431312e-01 4.959124101062609924e+00 8.220051742688107010e-01 5.967112581349851563e-01
1.956521739130434767e+01 2.735187654005768534e-64 9.947747318524936544e-01 4.896145113944910143e+00 8.231325885499674033e-01 6.477090054357562687e-01
1.986622073578595504e+01 1.211288374970243013e-61 9.983378130956441776e-01 4.823383328652737667e+00 8.242600028311242166e-01 6.990423183552242348e-01
2.016722408026755886e+01 4.651333490143810184e-59 1.001900894338794812e+00 4.757168932798625072e+00 8.253874171122809189e-01 7.508917608385694553e-01
2.046822742474916623e+01 1.548750870661598016e-56 1.005463975581945446e+00 4.706805168746544865e+00 8.265148313934376212e-01 8.040966264191611312e-01
2.076923076923077005e+01 4.471622538250981551e-54 1.009027056825095858e+00 4.671071775168737616e+00 8.276422456745944345e-01 8.594858625362227222e-01
2.107023411371237742e+01 1.119526342273206797e-51 1.012590138068246493e+00 4.641158699659078124e+00 8.287696599557511368e-01 9.174517768988844635e-01
2.137123745819398124e+01 2.430502825511161928e-49 1.016153219311397127e+00 4.606416243012895428e+00 8.298970742369078391e-01 9.780923330807134164e-01
2.167224080267558861e+01 4.575711606194790857e-47 1.019716300554547761e+00 4.558899624967517106e+00 8.310244885180645413e-01 1.041715963412974011e+00
2.197324414715719243e+01 7.470181029227355673e-45 1.023279381797698395e+00 4.493950565666506414e+00 8.321519027992212436e-01 1.109222886038983669e+00
2.227424749163879625e+01 1.057606776245712195e-42 1.026842463040848807e+00 4.407915775012069659e+00 8.332793170803780569e-01 1.181971394612270077e+00
2.257525083612040362e+01 1.298524583468001989e-40 1.030405544283999442e+00 4.297413053050521015e+00 8.344067313615347592e-01 1.261014396430350848e+00
2.287625418060200744e+01 1.382684342522437248e-38 1.033968625527150076e+00 4.162307010203948998e+00 8.355341456426914615e-01 1.345944301928059916e+00
2.317725752508361481e+01 1.276906205952524348e-36 1.037531706770300488e+00 4.009226032215806867e+00 8.366615599238482748e-01 1.434012159324605573e+00
2.347826086956521863e+01 1.022766785429260469e-34 1.041094788013451122e+00 3.850988579805050271e+00 8.377889742050049771e-01 1.520413944671775930e+00
2.377926421404682600e+01 7.105542695165426754e-33 1.044657869256601757e+00 3.701308079927907002e+00 8.389163884861616793e-01 1.600142928060175995e+00
2.408026755852842982e+01 4.281987982923387010e-31 1.048220950499752391e+00 3.568907540822632729e+00 8.400438027673183816e-01 1.670611127875956781e+00
2.438127090301003363e+01 2.238460123687486585e-29 1.051784031742903025e+00 3.455624017025573202e+00 8.411712170484751949e-01 1.733362716445958851e+00
2.468227424749164101e+01 1.015175997628491272e-27 1.055347112986053437e+00 3.358984596742459416e+00 8.422986313296318972e-01 1.793704508233415096e+00
2.498327759197324482e+01 3.994463478064260678e-26 1.058910194229204071e+00 3.275913539379602391e+00 8.434260456107885995e-01 1.858667525677457633e+00
2.528428093645485220e+01 1.363776380512769873e-24 1.062473275472354706e+00 3.204295582846136803e+00 8.445534598919453018e-01 1.934850095353202404e+00
2.558528428093645601e+01 4.040582969546414076e-23 1.066036356715505118e+00 3.141525674044115313e+00 8.456808741731021151e-01 2.027307099358472531e+00
2.588628762541806339e+01 1.039002221870487060e-21 1.069599437958655752e+00 3.081682982913194202e+00 8.468082884542588173e-01 2.139324456920893791e+00
2.618729096989966720e+01 2.319122183673367628e-20 1.073162519201806386e+00 3.014910185890740557e+00 8.479357027354155196e-01 2.272151264479961963e+00
2.648829431438127102e+01 4.494042507486649544e-19 1.076725600444957021e+00 2.931757978842111090e+00 8.490631170165722219e-01 2.424302901372025865e+00
2.678929765886287839e+01 7.562027340131938745e-18 1.080288681688107655e+00 2.830364222031182209e+00 8.501905312977290352e-01 2.591153912974001550e+00
2.709030100334448221e+01 1.105142482807642780e-16 1.083851762931258067e+00 2.719780688424101367e+00 8.513179455788857375e-01 2.765832813066959606e+00
2.739130434782608958e+01 1.403071589435613458e-15 1.087414844174408701e+00 2.614910115578724881e+00 8.524453598600424398e-01 2.941426616526678917e+00
2.769230769230769340e+01 1.547879998825698402e-14 1.090977925417559335e+00 2.526753995045492474e+00 8.535727741411991421e-01 3.113195810990852852e+00
2.799331103678930077e+01 1.484285148467302843e-13 1.094541006660709748e+00 2.456572281866237439e+00 8.547001884223559554e-01 3.279307396880587699e+00
2.829431438127090459e+01 1.237540039650110617e-12 1.098104087903860382e+00 2.397706122891501757e+00 8.558276027035126576e-01 3.439783352252151261e+00
2.859531772575251196e+01 8.974594228037466225e-12 1.101667169147011016e+00 2.341104855363909554e+00 8.569550169846693599e-01 3.594784709150667723e+00
2.889632107023411578e+01 5.663018110996900662e-11 1.105230250390161650e+00 2.279691641414056669e+00 8.580824312658260622e-01 3.743704001608804344e+00
2.919732441471571960e+01 3.110528138735351062e-10 1.108793331633312063e+00 2.210562558798755628e+00 8.592098455469828755e-01 3.885618033384825143e+00
2.949832775919732697e+01 1.487853144715380216e-09 1.112356412876462697e+00 2.135471833251453955e+00 8.603372598281395778e-01 4.020376151681954724e+00
2.979933110367893079e+01 6.200468026712596378e-09 1.115919494119613331e+00 2.059047314079380353e+00 8.614646741092962801e-01 4.149111145251154653e+00
3.010033444816053816e+01 2.252383227864606600e-08 1.119482575362763743e+00 1.984838026242376596e+00 8.625920883904529823e-01 4.273704602041703993e+00
3.040133779264214198e+01 7.136031791906908615e-08 1.123045656605914377e+00 1.911876617254432142e+00 8.637195026716097956e-01 4.396009625565922896e+00
3.070234113712374935e+01 1.973191136312272242e-07 1.126608737849065012e+00 1.835170895866852447e+00 8.648469169527664979e-01 4.518028803985439268e+00
3.100334448160535317e+01 4.766562947845382587e-07 1.130171819092215646e+00 1.750323703784666396e+00 8.659743312339232002e-01 4.643103579610746046e+00
3.130434782608696054e+01 1.007535365947447382e-06 1.133734900335366280e+00 1.658252812276008070e+00 8.671017455150799025e-01 4.776665461843453642e+00
3.160535117056856436e+01 1.868968560189769583e-06 1.137297981578516692e+00 1.565461215797353756e+00 8.682291597962367158e-01 4.925172260302049132e+00
3.190635451505016817e+01 3.059794292925874307e-06 1.140861062821667327e+00 1.479625481289656097e+00 8.693565740773934181e-01 5.093717312795183361e+00
3.220735785953177555e+01 4.470814183318426713e-06 1.144424144064817961e+00 1.404910207622547036e+00 8.704839883585501203e-01 5.284327037035105867e+00
3.250836120401338292e+01 5.956114480331424127e-06 1.147987225307968373e+00 1.340929495695964091e+00 8.716114026397068226e-01 5.496236774949226245e+00
3.280936454849498318e+01 7.506993191331758928e-06 1.151550306551119007e+00 1.284863728197083610e+00 8.727388169208636359e-01 5.727250750029644344e+00
3.311036789297659055e+01 9.424475072548704906e-06 1.155113387794269642e+00 1.233622531806182865e+00 8.738662312020203382e-01 5.974214930012364810e+00
3.341137123745819792e+01 1.234989749290642089e-05 1.158676469037420276e+00 1.184179517517691904e+00 8.749936454831770405e-01 6.231901953097851887e+00
3.371237458193979819e+01 1.711751611197584179e-05 1.162239550280570910e+00 1.133160169439531018e+00 8.761210597643338538e-01 6.491780904920267936e+00
3.401337792642140556e+01 2.453679307962430167e-05 1.165802631523721322e+00 1.078131187796097290e+00 8.772484740454905561e-01 6.742836161049146959e+00
3.431438127090301293e+01 3.521896832316443008e-05 1.169365712766871956e+00 1.020464930433089057e+00 8.783758883266472584e-01 6.975039066432974444e+00
3.461538461538462030e+01 4.943448026348476460e-05 1.172928794010022591e+00 9.659486875252225602e-01 8.795033026078039606e-01 7.183719513046018967e+00
3.491638795986622057e+01 6.694127496722696090e-05 1.176491875253173003e+00 9.205916369450761749e-01 8.806307168889606629e-01 7.371997654061525296e+00
3.521739130434782794e+01 8.687186964712621860e-05 1.180054956496323637e+00 8.850753149041502565e-01 8.817581311701174762e-01 7.549448320932626189e+00
3.551839464882943531e+01 1.078832929573961724e-04 1.183618037739474271e+00 8.539203127812858840e-01 8.828855454512741785e-01 7.727482875070514901e+00
3.581939799331104268e+01 1.285967885525757487e-04 1.187181118982624906e+00 8.203871812220977500e-01 8.840129597324308808e-01 7.913986831810863265e+00
3.612040133779264295e+01 1.480612131283378177e-04 1.190744200225775540e+00 7.817993690683721075e-01 8.851403740135876941e-01 8.110267557410162809e+00
3.642140468227425032e+01 1.660102872998602984e-04 1.194307281468925952e+00 7.403884522678908509e-01 8.862677882947443964e-01 8.311983438715831340e+00
3.672240802675585769e+01 1.830447679239601705e-04 1.197870362712076586e+00 7.003341939503170410e-01 8.873952025759010986e-01 8.513201264958839332e+00
3.702341137123745796e+01 2.009756509176728091e-04 1.201433443955227220e+00 6.648216224041880729e-01 8.885226168570578009e-01 8.710643366238191021e+00
3.732441471571906533e+01 2.230939647841506277e-04 1.204996525198377633e+00 6.351466252184091443e-01 8.896500311382145032e-01 8.905070079065891875e+00
3.762541806020067270e+01 2.536479142221968806e-04 1.208559606441528267e+00 6.111364522981670433e-01 8.907774454193713165e-01 9.098902232695442294e+00
3.792642140468228007e+01 2.961575360902216026e-04 1.212122687684678901e+00 5.916103468736274573e-01 8.919048597005280188e-01 9.292124546323606182e+00
3.822742474916388034e+01 3.513644656889034607e-04 1.215685768927829535e+00 5.745229642245992530e-01 8.930322739816847211e-01 9.479853334459559022e+00
3.852842809364548771e+01 4.164349963959478778e-04 1.219248850170980170e+00 5.571651026156456687e-01 8.941596882628415344e-01 9.653551521847875350e+00
3.882943143812709508e+01 4.863416448980357955e-04 1.222811931414130582e+00 5.369449053965104079e-01 8.952871025439982366e-01 9.805046143728851860e+00
3.913043478260869534e+01 5.565052714144106934e-04 1.226375012657281216e+00 5.127184346657827074e-01 8.964145168251549389e-01 9.930733935391593548e+00
3.943143812709030271e+01 6.246373453608377365e-04 1.229938093900431850e+00 4.855794901112056028e-01 8.975419311063116412e-01 1.003371649962784318e+01
3.973244147157191009e+01 6.905572122753145768e-04 1.233501175143582262e+00 4.580267474906086766e-01 8.986693453874683435e-01 1.012302948198071384e+01
4.003344481605351746e+01 7.546453508616824497e-04 1.237064256386732897e+00 4.322332780696998555e-01 8.997967596686251568e-01 1.021030727745613831e+01
4.033444816053511772e+01 8.165378126411975985e-04 1.240627337629883531e+00 4.092331949839707050e-01 9.009241739497818591e-01 1.030506885415448615e+01
4.063545150501672509e+01 8.750454941844169887e-04 1.244190418873034165e+00 3.893278990257564298e-01 9.020515882309385614e-01 1.041057973101580458e+01
4.093645484949833246e+01 9.292145650070729587e-04 1.247753500116184799e+00 3.724775693299706703e-01 9.031790025120953747e-01 1.052234818217466739e+01
4.123745819397993273e+01 9.798876738690237651e-04 1.251316581359335212e+00 3.581952138719767254e-01 9.043064167932520769e-01 1.063007667898076214e+01
4.153846153846154010e+01 1.030821604429640577e-03 1.254879662602485846e+00 3.454928615657355540e-01 9.054338310744087792e-01 1.072195784062030732e+01
4.183946488294314747e+01 1.088171304138391962e-03 1.258442743845636480e+00 3.330962321413556970e-01 9.065612453555654815e-01 1.078913469380217194e+01
4.214046822742475484e+01 1.157823894332041248e-03 1.262005825088786892e+00 3.197946276270928201e-01 9.076886596367221838e-01 1.082863191422396554e+01
4.244147157190635511e+01 1.242018323157758047e-03 1.265568906331937526e+00 3.049232165439851872e-01 9.088160739178789971e-01 1.084422248755108775e+01
4.274247491638796248e+01 1.338124798413736598e-03 1.269131987575088161e+00 2.887258020388461244e-01 9.099434881990356994e-01 1.084529909638879630e+01
4.304347826086956985e+01 1.441167164375129536e-03 1.272695068818238795e+00 2.721258423600250720e-01 9.110709024801924016e-01 1.084386401557200763e+01
4.334448160535117722e+01 1.548277947622838735e-03 1.276258150061389429e+00 2.559923538403023890e-01 9.121983167613492149e-01 1.085022099231195725e+01
4.364548494983277749e+01 1.661172711322422661e-03 1.279821231304539841e+00 2.406293724164663694e-01 9.133257310425059172e-01 1.086902865140041818e+01
4.394648829431438486e+01 1.784298500803176190e-03 1.283384312547690476e+00 2.258886003806042653e-01 9.144531453236626195e-01 1.089773073886829913e+01
4.424749163879599223e+01 1.920176771401770370e-03 1.286947393790840888e+00 2.114814897853514175e-01 9.155805596048193218e-01 1.092802551265004851e+01
4.454849498327759250e+01 2.065980392874337476e-03 1.290510475033991522e+00 1.971406963874483276e-01 9.167079738859760241e-01 1.094913667970519633e+01
4.484949832775919987e+01 2.214359549596794235e-03 1.294073556277142156e+00 1.828930408818957298e-01 9.178353881671328374e-01 1.095118513900013113e+01
4.515050167224080724e+01 2.358056314999404900e-03 1.297636637520292791e+00 1.693787523363341208e-01 9.189628024482895396e-01 1.092794352195272189e+01
4.545150501672241461e+01 2.494864122617169739e-03 1.301199718763443425e+00 1.576463507316443191e-01 9.200902167294462419e-01 1.087880092945728272e+01
4.575250836120401488e+01 2.629223796947465462e-03 1.304762800006594059e+00 1.485567668911664807e-01 9.212176310106030552e-01 1.080910939348885869e+01
4.605351170568562225e+01 2.769338509181372074e-03 1.308325881249744471e+00 1.424961038345095576e-01 9.223450452917597575e-01 1.072786237211391658e+01
4.635451505016722962e+01 2.922177769328385480e-03 1.311888962492895105e+00 1.393765137122043862e-01 9.234724595729164598e-01 1.064329105707324175e+01
4.665551839464882988e+01 3.090279803443478444e-03 1.315452043736045518e+00 1.385159869652862474e-01 9.245998738540731621e-01 1.055902886386685324e+01
4.695652173913043725e+01 3.272493629136196715e-03 1.319015124979196152e+00 1.386621501312213234e-01 9.257272881352298644e-01 1.047328448124291889e+01
4.725752508361204463e+01 3.467388785759360856e-03 1.322578206222346786e+00 1.385698410632309197e-01 9.268547024163866777e-01 1.038086370093101252e+01
4.755852842809365200e+01 3.676138385539874567e-03 1.326141287465497420e+00 1.377202160263901742e-01 9.279821166975433799e-01 1.027585665343269561e+01
4.785953177257525226e+01 3.902710073141954072e-03 1.329704368708648055e+00 1.364057479856377597e-01 9.291095309787000822e-01 1.015348289877586119e+01
4.816053511705685963e+01 4.151782195811641769e-03 1.333267449951798689e+00 1.350735053078984949e-01 9.302369452598568955e-01 1.001143771486791323e+01
4.846153846153846700e+01 4.426450165633577342e-03 1.336830531194949101e+00 1.336128977339739454e-01 9.313643595410135978e-01 9.851295540262988482e+00
4.876254180602006727e+01 4.727428836152959037e-03 1.340393612438099735e+00 1.313440777808813353e-01 9.324917738221703001e-01 9.678998408373082896e+00
4.906354515050167464e+01 5.054104397424202290e-03 1.343956693681250147e+00 1.277228521372045511e-01 9.336191881033271134e-01 9.502812503049915094e+00
4.936454849498328201e+01 5.406886902148128407e-03 1.347519774924400782e+00 1.229317895962246526e-01 9.347466023844838157e-01 9.329055790353409705e+00
4.966555183946488938e+01 5.789928107384926213e-03 1.351082856167551416e+00 1.176786854801202264e-01 9.358740166656405179e-01 9.158695346597522047e+00
4.996655518394648965e+01 6.212610793192772235e-03 1.354645937410702050e+00 1.125618481601766002e-01 9.370014309467972202e-01 8.988168272934535352e+00
5.026755852842809702e+01 6.687759749904063911e-03 1.358209018653852684e+00 1.077807425731255736e-01 9.381288452279539225e-01 8.814271306465952804e+00
5.056856187290970439e+01 7.226056920333603396e-03 1.361772099897003319e+00 1.033348225980666168e-01 9.392562595091107358e-01 8.638711624644717091e+00
5.086956521739130466e+01 7.829625369785304587e-03 1.365335181140153731e+00 9.927208089108534306e-02 9.403836737902674381e-01 8.467569185564366663e+00
5.117056856187291203e+01 8.489653549205894087e-03 1.368898262383304365e+00 9.561486050118532531e-02 9.415110880714241404e-01 8.305541409043943446e+00
5.147157190635451940e+01 9.190121008162419405e-03 1.372461343626454777e+00 9.205962911656759284e-02 9.426385023525809537e-01 8.150019069290127760e+00
5.177257525083612677e+01 9.914363242981323252e-03 1.376024424869605411e+00 8.798637823022845139e-02 9.437659166337376559e-01 7.990418016498825438e+00
5.207357859531772704e+01 1.064918297826819224e-02 1.379587506112756046e+00 8.306132899123200297e-02 9.448933309148943582e-01 7.813432043865178755e+00
5.237458193979933441e+01 1.138474844969095817e-02 1.383150587355906680e+00 7.782945496102670890e-02 9.460207451960510605e-01 7.609937728294803527e+00
5.267558528428094178e+01 1.211343565502891705e-02 1.386713668599057314e+00 7.346200740015441932e-02 9.471481594772077628e-01 7.378765291922658065e+00
5.297658862876254204e+01 1.283156378174644431e-02 1.390276749842207948e+00 7.083709061629188397e-02 9.482755737583645761e-01 7.126005035060314796e+00
5.327759197324414941e+01 1.354395187718503840e-02 1.393839831085358361e+00 6.999855698784587799e-02 9.494029880395212784e-01 6.861843575148549590e+00
5.357859531772575679e+01 1.426673788102521961e-02 1.397402912328508995e+00 7.043945227872927539e-02 9.505304023206779807e-01 6.597298231383484257e+00
5.387959866220736416e+01 1.502378110259912705e-02 1.400965993571659407e+00 7.153174489078599485e-02 9.516578166018347940e-01 6.341617630164835262e+00
5.418060200668896442e+01 1.583695824801439542e-02 1.404529074814810041e+00 7.251526354539253316e-02 9.527852308829914962e-01 6.100183574121190944e+00
5.448160535117057179e+01 1.671629518992045690e-02 1.408092156057960675e+00 7.245616494920019413e-02 9.539126451641481985e-01 5.873316360196759511e+00
5.478260869565217916e+01 1.765653528738363176e-02 1.411655237301111310e+00 7.070241849222297370e-02 9.550400594453049008e-01 5.656912523101961909e+00
5.508361204013378654e+01 1.864173892457282947e-02 1.415218318544261944e+00 6.740503492052453416e-02 9.561674737264616031e-01 5.444969650310780729e+00
5.538461538461538680e+01 1.965376256323590407e-02 1.418781399787412578e+00 6.333388242705463578e-02 9.572948880076184164e-01 5.232584269309483282e+00
5.568561872909699417e+01 2.067864948745748443e-02 1.422344481030562990e+00 5.912825356899911733e-02 9.584223022887751187e-01 5.017729728819690038e+00
5.598662207357860154e+01 2.170723213471730320e-02 1.425907562273713625e+00 5.484703534902311134e-02 9.595497165699318209e-01 4.801312427835694230e+00
5.628762541806020181e+01 2.273023676403616508e-02 1.429470643516864037e+00 5.022727997072626294e-02 9.606771308510886342e-01 4.586207356835098281e+00
5.658862876254180918e+01 2.373197582294945748e-02 1.433033724760014671e+00 4.524547746512198182e-02 9.618045451322453365e-01 4.376062211872093322e+00
5.688963210702341655e+01 2.468838570649497036e-02 1.436596806003165305e+00 4.036893826144585806e-02 9.629319594134020388e-01 4.174090197268942148e+00
5.719063545150502392e+01 2.557259182344151852e-02 1.440159887246315940e+00 3.624869324594585246e-02 9.640593736945587411e-01 3.981864287583352535e+00
5.749163879598662419e+01 2.636515223620887471e-02 1.443722968489466574e+00 3.316198466864694883e-02 9.651867879757154434e-01 3.798467101054495032e+00
5.779264214046823156e+01 2.706199862941175566e-02 1.447286049732616986e+00 3.083577293888157406e-02 9.663142022568722567e-01 3.620620151629012184e+00
5.809364548494983893e+01 2.767569390527381892e-02 1.450849130975767620e+00 2.889165005126873714e-02 9.674416165380289589e-01 3.444085210501182104e+00
5.839464882943143920e+01 2.823229150799556539e-02 1.454412212218918032e+00 2.734493511186596865e-02 9.685690308191856612e-01 3.265800681832004226e+00
5.869565217391304657e+01 2.876834789859140235e-02 1.457975293462068667e+00 2.648619882068325992e-02 9.696964451003424745e-01 3.085519286239755576e+00
5.899665551839465394e+01 2.932711073668688509e-02 1.461538374705219301e+00 2.632982367488302666e-02 9.708238593814991768e-01 2.905828682900509108e+00
5.929765886287626131e+01 2.994745693598465167e-02 1.465101455948369935e+00 2.640738529964093209e-02 9.719512736626558791e-01 2.730482384766180104e+00
5.959866220735786158e+01 3.064403306755960829e-02 1.468664537191520569e+00 2.616100271738962257e-02 9.730786879438125814e-01 2.562215696482698757e+00
5.989966555183946895e+01 3.139032009839675536e-02 1.472227618434671204e+00 2.538250131938096441e-02 9.742061022249692837e-01 2.401589059437762241e+00
6.020066889632107632e+01 3.212291736784628898e-02 1.475790699677821616e+00 2.421435922951710451e-02 9.753335165061260970e-01 2.247501600145844325e+00
6.050167224080267658e+01 3.277331330424367029e-02 1.479353780920972250e+00 2.291365294462878802e-02 9.764609307872827992e-01 2.098673766558650566e+00
6.080267558528428395e+01 3.330970340877050656e-02 1.482916862164122662e+00 2.175430980202436304e-02 9.775883450684395015e-01 1.954844007106423698e+00
6.110367892976589133e+01 3.375799875411653050e-02 1.486479943407273296e+00 2.100181670536713230e-02 9.787157593495963148e-01 1.816989919082691918e+00
6.140468227424749870e+01 3.418372745965231330e-02 1.490043024650423931e+00 2.075672066024073989e-02 9.798431736307530171e-01 1.686777299052022006e+00
6.170568561872909896e+01 3.464676776099168826e-02 1.493606105893574565e+00 2.083240214827789330e-02 9.809705879119097194e-01 1.565824461879953056e+00
6.200668896321070633e+01 3.516220102241664897e-02 1.497169187136725199e+00 2.093085757195526503e-02 9.820980021930664217e-01 1.455204706765140354e+00
6.230769230769231370e+01 3.569397184078289958e-02 1.500732268379875833e+00 2.094800594976013730e-02 9.832254164742231239e-01 1.355310067118930872e+00
6.260869565217392108e+01 3.618101984821842088e-02 1.504295349623026246e+00 2.100669565987402232e-02 9.843528307553799372e-01 1.265961569845500456e+00
6.290969899665552134e+01 3.657329307276836750e-02 1.507858430866176880e+00 2.119642149787195548e-02 9.854802450365366395e-01 1.186487283473365961e+00
6.321070234113712871e+01 3.685419501546099985e-02 1.511421512109327292e+00 2.138147089909842730e-02 9.866076593176933418e-01 1.115553669441844864e+00
6.351170568561873608e+01 3.704123040392220262e-02 1.514984593352477926e+00 2.128585545010248242e-02 9.877350735988501551e-01 1.050916767709286548e+00
6.381270903010033635e+01 3.717163534702266209e-02 1.518547674595628560e+00 2.071460075900133369e-02 9.888624878800068574e-01 9.895863564278517543e-01
6.411371237458195083e+01 3.728496037534221458e-02 1.522110755838779195e+00 1.968498284317100888e-02 9.899899021611635597e-01 9.286640269697300498e-01
6.441471571906355109e+01 3.741141350434419588e-02 1.525673837081929829e+00 1.838661487875953293e-02 9.911173164423202619e-01 8.664526180208197426e-01
6.471571906354515136e+01 3.756887915610780670e-02 1.529236918325080463e+00 1.704639569904558075e-02 9.922447307234769642e-01 8.030775444782811689e-01
6.501672240802676583e+01 3.776652526726394232e-02 1.532799999568230875e+00 1.581077326986572371e-02 9.933721450046337775e-01 7.402203672156467684e-01
6.531772575250836610e+01 3.801004178305330411e-02 1.536363080811381510e+00 1.469913415308791819e-02 9.944995592857904798e-01 6.802133233346487895e-01
6.561872909698996637e+01 3.830347521741136324e-02 1.539926162054531922e+00 1.364641948704099425e-02 9.956269735669471821e-01 6.250426543926677070e-01
6.591973244147158084e+01 3.864575056154977845e-02 1.543489243297682556e+00 1.262392389430286137e-02 9.967543878481039954e-01 5.756701242474336899e-01
6.622073578595318111e+01 3.902503670446701850e-02 1.547052324540833190e+00 1.172341906174989914e-02 9.978818021292606977e-01 5.318393766611306805e-01
6.652173913043478137e+01 3.941733073723886066e-02 1.550615405783983825e+00 1.105448677085690140e-02 9.990092164104174000e-01 4.923739115835967239e-01
6.682274247491639585e+01 3.979328383366359523e-02 1.554178487027134459e+00 1.052990705981955363e-02 1.000136630691574213e+00 4.558228575993595877e-01
6.712374581939799612e+01 4.013027154923572842e-02 1.557741568270285093e+00 9.851164024249204135e-03 1.001264044972730805e+00 4.211390407908268130e-01
6.742474916387959638e+01 4.042134035693429467e-02 1.561304649513435505e+00 8.797684023962238503e-03 1.002391459253887618e+00 3.880292620003931159e-01
6.772575250836121086e+01 4.067474931014013889e-02 1.564867730756586139e+00 7.479575753143485536e-03 1.003518873535044431e+00 3.568228182036349283e-01
6.802675585284281112e+01 4.090563417802121210e-02 1.568430811999736552e+00 6.245372942969886973e-03 1.004646287816201022e+00 3.280391703586488239e-01
6.832775919732442560e+01 4.112662918025720982e-02 1.571993893242887186e+00 5.402326440054102362e-03 1.005773702097357836e+00 3.020022700684226180e-01
6.862876254180602587e+01 4.134198628991782309e-02 1.575556974486037820e+00 5.061017434983173732e-03 1.006901116378514427e+00 2.786958820896243694e-01
6.892976588628762613e+01 4.154400721330627627e-02 1.579120055729188454e+00 5.141948408957540059e-03 1.008028530659671240e+00 2.577743672986047563e-01
6.923076923076924061e+01 4.170905818408795346e-02 1.582683136972339089e+00 5.425886955653798707e-03 1.009155944940828054e+00 2.385621655231726645e-01
6.953177257525084087e+01 4.179475890572092317e-02 1.586246218215489723e+00 5.635505113093072956e-03 1.010283359221984645e+00 2.200523208624610427e-01
6.983277591973244114e+01 4.174493509895259996e-02 1.589809299458640135e+00 5.585882682323609419e-03 1.011410773503141458e+00 2.010799512418048884e-01
7.013377926421405562e+01 4.150800297542370232e-02 1.593372380701790769e+00 5.324307311593603695e-03 1.012538187784298049e+00 1.807582669155062827e-01
7.043478260869565588e+01 4.106479754582467029e-02 1.596935461944941181e+00 5.100612409583931035e-03 1.013665602065454863e+00 1.589991085766298273e-01
7.073578595317725615e+01 4.044915065296389445e-02 1.600498543188091816e+00 5.143157533951499098e-03 1.014793016346611676e+00 1.367711913695371651e-01
7.103678929765887062e+01 3.974258158486508596e-02 1.604061624431242450e+00 5.442994045566661165e-03 1.015920430627768489e+00 1.158467546133841869e-01
7.133779264214047089e+01 3.904124668626045291e-02 1.607624705674393084e+00 5.765062330640762650e-03 1.017047844908925081e+00 9.809200400901334216e-02
7.163879598662208537e+01 3.841590564401189262e-02 1.611187786917543718e+00 5.863266280844802933e-03 1.018175259190081894e+00 8.465946280559019654e-02
7.193979933110368563e+01 3.789078267689848650e-02 1.614750868160694353e+00 5.681612141555828638e-03 1.019302673471238485e+00 7.552268136972435653e-02
7.224080267558528590e+01 3.744991065373728251e-02 1.618313949403844765e+00 5.370052598661017619e-03 1.020430087752395298e+00 6.958007209506418544e-02
7.254180602006690037e+01 3.705948466809193265e-02 1.621877030646995399e+00 5.121338929037966801e-03 1.021557502033552112e+00 6.520272469079560484e-02
7.284280936454850064e+01 3.668967953476571370e-02 1.625440111890145811e+00 4.991603889744202632e-03 1.022684916314708703e+00 6.088656671871416071e-02
7.314381270903010090e+01 3.632612316043833806e-02 1.629003193133296445e+00 4.882413874543404218e-03 1.023812330595865516e+00 5.571733006447507353e-02
7.344481605351171538e+01 3.596820492488206344e-02 1.632566274376447080e+00 4.681263725043950837e-03 1.024939744877022108e+00 4.953671568068990227e-02
7.374581939799331565e+01 3.561629317374721132e-02 1.636129355619597714e+00 4.383385346535204237e-03 1.026067159158178921e+00 4.282599164429375799e-02
7.404682274247491591e+01 3.525577097071844884e-02 1.639692436862748348e+00 4.082715351528476248e-03 1.027194573439335734e+00 3.637963881579185654e-02
7.434782608695653039e+01 3.484952317498965502e-02 1.643255518105898982e+00 3.888429047261078401e-03 1.028321987720492325e+00 3.090439354890259921e-02
7.464882943143813065e+01 3.434602318744383459e-02 1.646818599349049395e+00 3.852337772646287611e-03 1.029449402001649139e+00 2.673110147463124420e-02
7.494983277591973092e+01 3.369926273975770714e-02 1.650381680592200029e+00 3.941031659739713602e-03 1.030576816282805730e+00 2.377060192575797606e-02
7.525083612040134540e+01 3.288888668430960810e-02 1.653944761835350441e+00 4.078025191009051337e-03 1.031704230563962543e+00 2.168104304061484189e-02
7.555183946488294566e+01 3.193009542416704039e-02 1.657507843078501075e+00 4.233712770569983408e-03 1.032831644845119357e+00 2.008208959539797486e-02
7.585284280936456014e+01 3.086999576371670870e-02 1.661070924321651709e+00 4.453054834349026193e-03 1.033959059126276170e+00 1.866974064349645468e-02
7.615384615384616041e+01 2.977325514649118918e-02 1.664634005564802344e+00 4.761311461154775666e-03 1.035086473407432761e+00 1.721781044188893176e-02
7.645484949832776067e+01 2.870230194576670751e-02 1.668197086807952978e+00 5.056702533175146119e-03 1.036213887688589574e+00 1.555693657092982116e-02
7.675585284280937515e+01 2.769812944857704198e-02 1.671760168051103612e+00 5.144348705213144801e-03 1.037341301969746166e+00 1.360415121037433957e-02
7.705685618729097541e+01 2.676907079064709538e-02 1.675323249294254024e+00 4.910536086556695906e-03 1.038468716250902979e+00 1.141749661640667837e-02
7.735785953177257568e+01 2.589404768218829533e-02 1.678886330537404437e+00 4.458270535847638251e-03 1.039596130532059792e+00 9.194490541281543500e-03
7.765886287625419016e+01 2.503965724462344292e-02 1.682449411780555071e+00 4.043514966386704823e-03 1.040723544813216384e+00 7.183842575346258662e-03
7.795986622073579042e+01 2.418022659147278999e-02 1.686012493023705705e+00 3.869094567951244200e-03 1.041850959094373197e+00 5.570311669405099593e-03
7.826086956521739069e+01 2.330714855996494569e-02 1.689575574266856339e+00 3.940197566359125714e-03 1.042978373375529788e+00 4.415487233882576558e-03
7.856187290969900516e+01 2.242330302802155589e-02 1.693138655510006974e+00 4.093721104998915630e-03 1.044105787656686601e+00 3.676496964731100145e-03
7.886287625418060543e+01 2.153127029153842700e-02 1.696701736753157608e+00 4.149540804456758325e-03 1.045233201937843415e+00 3.260044177266214430e-03
7.916387959866221991e+01 2.062776250150194501e-02 1.700264817996308020e+00 4.055911312031600796e-03 1.046360616219000228e+00 3.064114441639118665e-03
7.946488294314382017e+01 1.970924537980738023e-02 1.703827899239458654e+00 3.910048856019172382e-03 1.047488030500156819e+00 2.995231021878736778e-03
7.976588628762542044e+01 1.878342715898395632e-02 1.707390980482609066e+00 3.843046089820571689e-03 1.048615444781313633e+00 2.973976099534921674e-03
8.006688963210703491e+01 1.787627211629394877e-02 1.710954061725759701e+00 3.893409208092472092e-03 1.049742859062470224e+00 2.939946098958995217e-03
8.036789297658863518e+01 1.702671098300900798e-02 1.714517142968910335e+00 3.985635014099647190e-03 1.050870273343627037e+00 2.857248666713268961e-03
8.066889632107023544e+01 1.626925502978119470e-02 1.718080224212060969e+00 4.011838432014531129e-03 1.051997687624783850e+00 2.716906578217315443e-03
8.096989966555184992e+01 1.561384439760649459e-02 1.721643305455211603e+00 3.931681993579947722e-03 1.053125101905940442e+00 2.533028674355526384e-03
8.127090301003345019e+01 1.503646250772168458e-02 1.725206386698362238e+00 3.789713026546971762e-03 1.054252516187097255e+00 2.333206407840956748e-03
8.157190635451505045e+01 1.448891945618417665e-02 1.728769467941512650e+00 3.626676273804021675e-03 1.055379930468253846e+00 2.147851977016968731e-03
8.187290969899666493e+01 1.392345431423849464e-02 1.732332549184663284e+00 3.401228123515789240e-03 1.056507344749410660e+00 2.002784962129732296e-03
8.217391304347826519e+01 1.331615186970935664e-02 1.735895630427813696e+00 3.036871375538762428e-03 1.057634759030567473e+00 1.913924125328228271e-03
8.247491638795986546e+01 1.267290835579854523e-02 1.739458711670964330e+00 2.529470524592044092e-03 1.058762173311724064e+00 1.880788622137754065e-03
8.277591973244147994e+01 1.201523092082092646e-02 1.743021792914114965e+00 1.968805146108907646e-03 1.059889587592880877e+00 1.881219879995521278e-03
8.307692307692308020e+01 1.135987087269361984e-02 1.746584874157265599e+00 1.461010957994732804e-03 1.061017001874037469e+00 1.874938014040605739e-03
8.337792642140469468e+01 1.071033746379301474e-02 1.750147955400416233e+00 1.060025320607197938e-03 1.062144416155194282e+00 1.818627454686383123e-03
8.367892976588629494e+01 1.006528518310161741e-02 1.753711036643566867e+00 7.685437029498160899e-04 1.063271830436351095e+00 1.684537518006048052e-03
8.397993311036789521e+01 9.431995739099561377e-03 1.757274117886717280e+00 5.719943933434667787e-04 1.064399244717507909e+00 1.470988511617539679e-03
8.428093645484950969e+01 8.829833854455178960e-03 1.760837199129867914e+00 4.585044541167746066e-04 1.065526658998664500e+00 1.200374757880281465e-03
8.458193979933110995e+01 8.280604562279605257e-03 1.764400280373018548e+00 4.207122393504431177e-04 1.066654073279821313e+00 9.090498247746774726e-04
8.488294314381271022e+01 7.795985464920778159e-03 1.767963361616168960e+00 4.484962948080247771e-04 1.067781487560977904e+00 6.356241635514536283e-04
8.518394648829432469e+01 7.373360393258861917e-03 1.771526442859319594e+00 5.148442174976100702e-04 1.068908901842134718e+00 4.115733179686111151e-04
8.548494983277592496e+01 7.001683642411838868e-03 1.775089524102470229e+00 5.711385271255687863e-04 1.070036316123291531e+00 2.559720977258514267e-04
8.578595317725752523e+01 6.670108523907800936e-03 1.778652605345620863e+00 5.727517450751091728e-04 1.071163730404448122e+00 1.750160040618985017e-04
8.608695652173913970e+01 6.372165523199933845e-03 1.782215686588771275e+00 5.182247635334921460e-04 1.072291144685604936e+00 1.646573659529199508e-04
8.638795986622073997e+01 6.104735457345977084e-03 1.785778767831921909e+00 4.550023321118958509e-04 1.073418558966761527e+00 2.126182564826002979e-04
8.668896321070235444e+01 5.865864671412182076e-03 1.789341849075072544e+00 4.356610770028281066e-04 1.074545973247918340e+00 2.977854673685906696e-04
8.698996655518395471e+01 5.654346850785332140e-03 1.792904930318223178e+00 4.672649976378691295e-04 1.075673387529075153e+00 3.899425335432791118e-04
8.729096989966555498e+01 5.469870965386264793e-03 1.796468011561373590e+00 5.072170835085614135e-04 1.076800801810231745e+00 4.551798376324071209e-04
8.759197324414716945e+01 5.311087371134483315e-03 1.800031092804524224e+00 5.056815832460070589e-04 1.077928216091388558e+00 4.678439121216923708e-04
8.789297658862876972e+01 5.172053587292004331e-03 1.803594174047674858e+00 4.450254441793024857e-04 1.079055630372545149e+00 4.221275309303014651e-04
8.819397993311036998e+01 5.041199765216474935e-03 1.807157255290825493e+00 3.423298892242687035e-04 1.080183044653701963e+00 3.341123539326045942e-04
8.849498327759198446e+01 4.906004501212991517e-03 1.810720336533975905e+00 2.286832292075435759e-04 1.081310458934858776e+00 2.319369791753848680e-04
8.879598662207358473e+01 4.761186610583720454e-03 1.814283417777126539e+00 1.309960959073952296e-04 1.082437873216015589e+00 1.412072913473859056e-04
8.909698996655518499e+01 4.614260425025431753e-03 1.817846499020277173e+00 6.326126178333546339e-05 1.083565287497172180e+00 7.539616779746439415e-05
8.939799331103679947e+01 4.484142833524276499e-03 1.821409580263427808e+00 2.533613047299299449e-05 1.084692701778328994e+00 3.530573905907847772e-05
8.969899665551839973e+01 4.393814905723623931e-03 1.824972661506578220e+00 8.307566885853644813e-06 1.085820116059485585e+00 1.449923024983961713e-05
9.000000000000000000e+01 4.361432393558357934e-03 1.828535742749728854e+00 2.210497951482483234e-06 1.086947530340642398e+00 5.222135325375469029e-06
