0.000000000000000000e+00 9.723677370332712427e-03 6.273411735134917788e-04 1.873573159529369654e-03 7.409000647819359575e-05 4.381904626003018111e-01
3.010033444816053727e-01 9.710238588192011966e-03 9.778541732468263095e-03 2.243617840866918029e-03 1.110880213915116160e-03 4.372651101666306661e-01
6.020066889632107454e-01 9.674061584388684437e-03 1.892974229142303441e-02 2.953985844712752554e-03 2.147670421352038724e-03 4.349083496173329899e-01
9.030100334448161181e-01 9.625477063298899447e-03 2.808094285037780746e-02 3.890354008944131407e-03 3.184460628788961072e-03 4.315751228348701507e-01
1.204013377926421491e+00 9.574927026904730618e-03 3.723214340933257704e-02 4.797669547508670411e-03 4.221250836225883853e-03 4.278335724802537765e-01
1.505016722408026864e+00 9.525997736472904820e-03 4.638334396828734663e-02 5.254751944338614464e-03 5.258041043662806634e-03 4.242409754207691619e-01
1.806020066889632236e+00 9.474072433420115819e-03 5.553454452724212315e-02 6.069541225043418274e-03 6.294831251099728547e-03 4.213212469842310681e-01
2.107023411371237387e+00 9.412730371273129656e-03 6.468574508619689967e-02 8.136725757894940417e-03 7.331621458536651328e-03 4.196268582244682688e-01
2.408026755852842982e+00 9.340300257133135262e-03 7.383694564515166925e-02 1.086377059835756491e-02 8.368411665973574110e-03 4.197840696455347742e-01
2.709030100334448576e+00 9.257534916528989410e-03 8.298814620410643883e-02 1.347938950272306417e-02 9.405201873410496891e-03 4.224229495472966445e-01
3.010033444816053727e+00 9.158602160453308688e-03 9.213934676306120841e-02 1.595235818198495123e-02 1.044199208084741967e-02 4.279926208536511401e-01
3.311036789297658878e+00 9.027927530680095181e-03 1.012905473220159780e-01 1.810635787673173236e-02 1.147878228828434245e-02 4.365750931466059748e-01
3.612040133779264472e+00 8.850697249892732626e-03 1.104417478809707476e-01 2.015001549450723753e-02 1.251557249572126350e-02 4.478303946598377605e-01
3.913043478260870067e+00 8.629153493081707926e-03 1.195929484399255172e-01 2.202745686602604336e-02 1.355236270315818628e-02 4.611054026026785713e-01
4.214046822742474774e+00 8.388199503276466337e-03 1.287441489988802867e-01 2.349392325204420831e-02 1.458915291059510906e-02 4.756083963169593365e-01
4.515050167224080369e+00 8.162634853518337813e-03 1.378953495578350563e-01 2.535411674579887351e-02 1.562594311803203184e-02 4.905129616487490241e-01
4.816053511705685963e+00 7.975415018523659624e-03 1.470465501167898259e-01 2.870483758638776514e-02 1.666273332546895636e-02 5.049430460702059031e-01
5.117056856187291558e+00 7.824549129260584962e-03 1.561977506757445955e-01 3.518561451357024583e-02 1.769952353290587393e-02 5.179193706756953786e-01
5.418060200668897153e+00 7.688893589639418484e-03 1.653489512346993651e-01 4.604487859396421551e-02 1.873631374034279845e-02 5.283941304948031048e-01
5.719063545150501859e+00 7.547642469844309532e-03 1.745001517936541346e-01 6.159971407292025997e-02 1.977310394777972297e-02 5.354250120251635714e-01
6.020066889632107454e+00 7.397618847115588515e-03 1.836513523526089042e-01 8.364696068622105851e-02 2.080989415521664748e-02 5.384153350606999400e-01
6.321070234113713049e+00 7.255160371269138778e-03 1.928025529115636738e-01 1.144222583068022076e-01 2.184668436265356506e-02 5.372881719712733206e-01
6.622073578595317755e+00 7.143136770420717256e-03 2.019537534705184434e-01 1.561472235973336009e-01 2.288347457009048957e-02 5.325143714055219357e-01
6.923076923076923350e+00 7.075969232035544954e-03 2.111049540294732130e-01 2.118513999763225186e-01 2.392026477752741409e-02 5.250203689370346316e-01
7.224080267558528945e+00 7.055401711023459067e-03 2.202561545884280103e-01 2.797787461025879052e-01 2.495705498496433167e-02 5.160633950238568968e-01
7.525083612040134540e+00 7.078323754015333757e-03 2.294073551473827799e-01 3.573915448032379261e-01 2.599384519240125618e-02 5.071306590183122243e-01
7.826086956521740134e+00 7.146166382154183969e-03 2.385585557063375495e-01 4.507063939854504264e-01 2.703063539983818070e-02 4.998331198789568997e-01
8.127090301003345729e+00 7.264054461371720166e-03 2.477097562652923191e-01 5.693507399606068109e-01 2.806742560727510521e-02 4.957097843176280771e-01
8.428093645484949548e+00 7.429454247288173711e-03 2.568609568242470886e-01 7.261659681815839651e-01 2.910421581471202279e-02 4.958968092741816158e-01
8.729096989966555142e+00 7.624437970866146559e-03 2.660121573832018305e-01 9.252379955158190894e-01 3.014100602214894731e-02 5.007323016221777445e-01
9.030100334448160737e+00 7.825390372136795114e-03 2.751633579421566278e-01 1.139802499840259609e+00 3.117779622958587182e-02 5.094782447183857643e-01
9.331103678929766332e+00 8.024089243941592495e-03 2.843145585011113696e-01 1.341202020577517029e+00 3.221458643702278940e-02 5.203543515599599045e-01
9.632107023411371927e+00 8.235940649521241233e-03 2.934657590600661670e-01 1.542396070859140211e+00 3.325137664445971392e-02 5.309670811961415549e-01
9.933110367892977521e+00 8.480478266244451460e-03 3.026169596190209643e-01 1.767254407833292573e+00 3.428816685189663843e-02 5.390350364796805405e-01
1.023411371237458312e+01 8.750258469617631582e-03 3.117681601779757061e-01 2.013698267299608435e+00 3.532495705933355601e-02 5.431545765026455364e-01
1.053511705685618871e+01 9.002120330994871009e-03 3.209193607369305035e-01 2.270649529025527968e+00 3.636174726677048052e-02 5.432950913537423210e-01
1.083612040133779431e+01 9.186496435963489859e-03 3.300705612958852453e-01 2.540435275643353030e+00 3.739853747420740504e-02 5.407925889914351192e-01
1.113712374581939812e+01 9.292236767126949362e-03 3.392217618548400426e-01 2.821029217722707205e+00 3.843532768164432956e-02 5.378013006363009385e-01
1.143812709030100372e+01 9.365578764184201432e-03 3.483729624137947845e-01 3.079814958235715050e+00 3.947211788908124713e-02 5.363968705233900236e-01
1.173913043478260931e+01 9.484491917468695910e-03 3.575241629727495818e-01 3.256956035353375967e+00 4.050890809651817165e-02 5.377005487112148652e-01
1.204013377926421491e+01 9.712128124379581715e-03 3.666753635317043236e-01 3.346821030724619561e+00 4.154569830395509616e-02 5.414167481048405284e-01
1.234113712374582050e+01 1.007065543426102945e-02 3.758265640906591210e-01 3.418243849085547126e+00 4.258248851139201374e-02 5.460107356880299356e-01
1.264214046822742610e+01 1.055274086429752040e-02 3.849777646496138628e-01 3.507786022228821299e+00 4.361927871882893826e-02 5.494603743396500040e-01
1.294314381270903169e+01 1.115174303194889707e-02 3.941289652085686601e-01 3.601274940477932507e+00 4.465606892626586277e-02 5.502393431895972187e-01
1.324414715719063551e+01 1.187887732740560559e-02 4.032801657675234019e-01 3.669249552763992117e+00 4.569285913370278729e-02 5.480794830986822630e-01
1.354515050167224111e+01 1.275121483420089963e-02 4.124313663264781993e-01 3.674591052590918228e+00 4.672964934113970487e-02 5.441781821260993635e-01
1.384615384615384670e+01 1.376118266628505518e-02 4.215825668854329411e-01 3.621194986147578732e+00 4.776643954857662938e-02 5.407917015275242045e-01
1.414715719063545230e+01 1.485710489315618735e-02 4.307337674443877384e-01 3.552457182115303702e+00 4.880322975601355390e-02 5.404316944504738984e-01
1.444816053511705789e+01 1.595943423644574991e-02 4.398849680033425358e-01 3.484446306830597084e+00 4.984001996345047147e-02 5.450237649573871357e-01
1.474916387959866348e+01 1.700690466414650839e-02 4.490361685622972776e-01 3.378711007585922133e+00 5.087681017088739599e-02 5.553512469472275948e-01
1.505016722408026908e+01 1.799666818528834408e-02 4.581873691212520749e-01 3.203473915849896159e+00 5.191360037832432051e-02 5.709440512992050021e-01
1.535117056856187467e+01 1.898537695189136260e-02 4.673385696802068168e-01 2.988485214321991101e+00 5.295039058576124502e-02 5.903724536911632015e-01
1.565217391304348027e+01 2.005252210703287533e-02 4.764897702391616141e-01 2.801280875777485857e+00 5.398718079319816260e-02 6.117556539221852274e-01
1.595317725752508409e+01 2.125654443336560950e-02 4.856409707981163559e-01 2.681031205965279884e+00 5.502397100063508711e-02 6.332536286548910986e-01
1.625418060200669146e+01 2.261176039133405008e-02 4.947921713570711533e-01 2.581349673085302054e+00 5.606076120807201163e-02 6.533896665789686864e-01
1.655518394648829528e+01 2.409065962465582050e-02 5.039433719160258951e-01 2.422947578637510979e+00 5.709755141550893615e-02 6.711953040912890245e-01
1.685618729096989910e+01 2.563908771444866133e-02 5.130945724749806924e-01 2.201191931000977764e+00 5.813434162294585372e-02 6.862742887720297835e-01
1.715719063545150647e+01 2.719282908263918191e-02 5.222457730339354898e-01 1.966286838114871260e+00 5.917113183038277824e-02 6.988651139696056003e-01
1.745819397993311028e+01 2.869219577534005278e-02 5.313969735928901761e-01 1.746285530707567091e+00 6.020792203781970275e-02 7.098639723631537946e-01
1.775919732441471766e+01 3.009376766075018417e-02 5.405481741518449734e-01 1.550150008066338847e+00 6.124471224525662033e-02 7.206777719307648766e-01
1.806020066889632147e+01 3.137807173075084916e-02 5.496993747107997708e-01 1.387391042551163300e+00 6.228150245269354485e-02 7.328310343539595761e-01
1.836120401337792885e+01 3.255449759710213331e-02 5.588505752697545681e-01 1.256499382976215440e+00 6.331829266013046242e-02 7.474375167464113456e-01
1.866220735785953266e+01 3.366352055684929817e-02 5.680017758287092544e-01 1.143676677269124919e+00 6.435508286756738694e-02 7.648075556996233315e-01
1.896321070234114003e+01 3.476798317135450928e-02 5.771529763876640517e-01 1.047256781054630936e+00 6.539187307500431146e-02 7.844285779029496197e-01
1.926421404682274385e+01 3.592547485448089467e-02 5.863041769466188491e-01 9.688526048846639593e-01 6.642866328244123597e-02 8.053213021431019358e-01
1.956521739130434767e+01 3.715358265558686007e-02 5.954553775055736464e-01 8.899769194012782103e-01 6.746545348987816049e-02 8.265175136248290588e-01
1.986622073578595504e+01 3.841907824191488630e-02 6.046065780645284438e-01 8.046991256277710169e-01 6.850224369731508500e-02 8.473434172966178846e-01
2.016722408026755886e+01 3.967135660183368495e-02 6.137577786234831301e-01 7.383244591070240448e-01 6.953903390475200952e-02 8.673822667699245814e-01
2.046822742474916623e+01 4.090077294015227044e-02 6.229089791824379274e-01 6.920657871305979647e-01 7.057582411218892016e-02 8.862693147529354665e-01
2.076923076923077005e+01 4.217188526669497090e-02 6.320601797413927248e-01 6.381720410992618442e-01 7.161261431962584467e-02 9.035989491464931911e-01
2.107023411371237742e+01 4.359642427628612066e-02 6.412113803003475221e-01 5.680941341135211653e-01 7.264940452706276919e-02 9.190881285352271446e-01
2.137123745819398124e+01 4.526151375257108506e-02 6.503625808593022084e-01 4.926081272582543136e-01 7.368619473449969370e-02 9.328612375909698384e-01
2.167224080267558861e+01 4.716559597264108339e-02 6.595137814182570057e-01 4.230319846138351769e-01 7.472298494193661822e-02 9.455495476613773320e-01
2.197324414715719243e+01 4.920525303704748055e-02 6.686649819772118031e-01 3.687781567909743097e-01 7.575977514937354274e-02 9.580070332168489911e-01
2.227424749163879625e+01 5.121719886767198832e-02 6.778161825361666004e-01 3.381590137959544218e-01 7.679656535681046725e-02 9.707762443912841821e-01
2.257525083612040362e+01 5.304450552079904152e-02 6.869673830951212867e-01 3.266039288424696929e-01 7.783335556424737789e-02 9.837262847799304044e-01
2.287625418060200744e+01 5.458275334568322285e-02 6.961185836540760841e-01 3.181463189227280997e-01 7.887014577168430240e-02 9.962529638043918778e-01
2.317725752508361481e+01 5.578003530567746115e-02 7.052697842130308814e-01 3.022850425450981371e-01 7.990693597912122692e-02 1.008038605169848445e+00
2.347826086956521863e+01 5.660915287871523538e-02 7.144209847719856787e-01 2.800283029479510022e-01 8.094372618655815144e-02 1.019892047976400207e+00
2.377926421404682600e+01 5.705768045083029621e-02 7.235721853309403651e-01 2.568972289592977298e-01 8.198051639399507595e-02 1.034021070597749281e+00
2.408026755852842982e+01 5.715169446313417972e-02 7.327233858898951624e-01 2.315297290957975818e-01 8.301730660143200047e-02 1.053402634962065321e+00
2.438127090301003363e+01 5.697521351751171775e-02 7.418745864488499597e-01 2.062309023502864602e-01 8.405409680886892498e-02 1.080500039447070293e+00
2.468227424749164101e+01 5.664346419880250671e-02 7.510257870078047571e-01 1.890559158528122286e-01 8.509088701630583562e-02 1.116011171123006518e+00
2.498327759197324482e+01 5.624199331391161599e-02 7.601769875667595544e-01 1.780937993742419123e-01 8.612767722374276014e-02 1.158336477018812261e+00
2.528428093645485220e+01 5.578593007666551862e-02 7.693281881257142407e-01 1.662704870402001711e-01 8.716446743117968465e-02 1.204071735566054180e+00
2.558528428093645601e+01 5.523364069405586191e-02 7.784793886846690381e-01 1.551766661622438759e-01 8.820125763861660917e-02 1.249322512893634496e+00
2.588628762541806339e+01 5.453489578260223292e-02 7.876305892436238354e-01 1.485122167772416069e-01 8.923804784605353368e-02 1.291259480750428290e+00
2.618729096989966720e+01 5.366804277477358470e-02 7.967817898025786327e-01 1.430649993386745866e-01 9.027483805349045820e-02 1.329214977524499242e+00
2.648829431438127102e+01 5.264274508965168659e-02 8.059329903615333190e-01 1.343223419110550487e-01 9.131162826092738272e-02 1.364792432773160202e+00
2.678929765886287839e+01 5.147914422327271033e-02 8.150841909204881164e-01 1.253254844911692312e-01 9.234841846836429335e-02 1.400890705461443231e+00
2.709030100334448221e+01 5.018799753313191170e-02 8.242353914794429137e-01 1.211233128827750583e-01 9.338520867580121787e-02 1.440095591586551649e+00
2.739130434782608958e+01 4.877096842666754639e-02 8.333865920383977111e-01 1.229416065589736262e-01 9.442199888323814239e-02 1.483281956411887315e+00
2.769230769230769340e+01 4.724390626497355222e-02 8.425377925973523974e-01 1.283680010726324927e-01 9.545878909067506690e-02 1.529213655433915742e+00
2.799331103678930077e+01 4.566253766468358899e-02 8.516889931563071947e-01 1.326801156954050820e-01 9.649557929811199142e-02 1.575376277836238348e+00
2.829431438127090459e+01 4.412029901322801761e-02 8.608401937152619920e-01 1.334182107545539286e-01 9.753236950554891593e-02 1.619547482021730822e+00
2.859531772575251196e+01 4.271077071667767761e-02 8.699913942742167894e-01 1.303471037297448398e-01 9.856915971298584045e-02 1.661196614912475500e+00
2.889632107023411578e+01 4.148126251587045538e-02 8.791425948331715867e-01 1.249902577850938307e-01 9.960594992042275109e-02 1.701992849991705414e+00
2.919732441471571960e+01 4.041273476473199872e-02 8.882937953921262730e-01 1.197207136720192938e-01 1.006427401278596756e-01 1.745317689363293345e+00
2.949832775919732697e+01 3.943936422501397032e-02 8.974449959510810704e-01 1.131515783066687486e-01 1.016795303352966001e-01 1.795238779280181385e+00
2.979933110367893079e+01 3.849103316708452766e-02 9.065961965100358677e-01 1.044355215413949600e-01 1.027163205427335246e-01 1.855518700345960337e+00
3.010033444816053816e+01 3.752608709365744949e-02 9.157473970689906650e-01 9.605128140714376539e-02 1.037531107501704492e-01 1.928921602642309052e+00
3.040133779264214198e+01 3.653202681401315766e-02 9.248985976279453514e-01 9.266167093375003716e-02 1.047899009576073737e-01 2.016709413256155159e+00
3.070234113712374935e+01 3.550147586025179103e-02 9.340497981869001487e-01 9.575571268880377074e-02 1.058266911650442982e-01 2.118152428238164742e+00
3.100334448160535317e+01 3.441209796664425336e-02 9.432009987458549460e-01 9.865609604308449299e-02 1.068634813724812227e-01 2.230152359002473883e+00
3.130434782608696054e+01 3.323096934151971438e-02 9.523521993048097434e-01 9.552705420653598289e-02 1.079002715799181333e-01 2.347378288530717505e+00
3.160535117056856436e+01 3.193710559240712371e-02 9.615033998637644297e-01 8.817519960748421148e-02 1.089370617873550579e-01 2.463279206835039759e+00
3.190635451505016817e+01 3.053978487254885993e-02 9.706546004227192270e-01 8.048829580707003717e-02 1.099738519947919824e-01 2.571875899494433515e+00
3.220735785953177555e+01 2.907879858508978510e-02 9.798058009816740244e-01 7.455934604847683222e-02 1.110106422022289069e-01 2.669654328956196476e+00
3.250836120401338292e+01 2.761090655907446137e-02 9.889570015406288217e-01 7.137370151019507836e-02 1.120474324096658314e-01 2.756653907153672201e+00
3.280936454849498318e+01 2.619298465409288651e-02 9.981082020995835080e-01 6.964666431344627984e-02 1.130842226171027559e-01 2.836216620917776154e+00
3.311036789297659055e+01 2.486689781126872473e-02 1.007259402658538416e+00 6.863050407226814476e-02 1.141210128245396804e-01 2.913616642703751314e+00
3.341137123745819792e+01 2.364963611448343828e-02 1.016410603217493103e+00 7.013262032451793304e-02 1.151578030319765911e-01 2.994368748917915823e+00
3.371237458193979819e+01 2.253512759006595298e-02 1.025561803776448011e+00 7.338223038037465507e-02 1.161945932394135156e-01 3.082982254100450348e+00
3.401337792642140556e+01 2.150789718020882854e-02 1.034713004335402697e+00 7.700702099165439296e-02 1.172313834468504401e-01 3.182369066300563265e+00
3.431438127090301293e+01 2.055690511529888534e-02 1.043864204894357606e+00 8.260382861995010928e-02 1.182681736542873646e-01 3.293575678237179449e+00
3.461538461538462030e+01 1.967840134919443887e-02 1.053015405453312292e+00 8.890521298014052165e-02 1.193049638617242891e-01 3.415488404455359284e+00
3.491638795986622057e+01 1.886877500075692660e-02 1.062166606012266978e+00 9.079797929815816571e-02 1.203417540691612136e-01 3.544622076430813618e+00
3.521739130434782794e+01 1.811519562046806295e-02 1.071317806571221887e+00 8.828221749582251809e-02 1.213785442765981382e-01 3.675500223782230957e+00
3.551839464882943531e+01 1.739033525842540590e-02 1.080469007130176573e+00 8.799884054589011961e-02 1.224153344840350488e-01 3.801961567250598417e+00
3.581939799331104268e+01 1.665619040134328280e-02 1.089620207689131481e+00 9.167069526966493964e-02 1.234521246914719733e-01 3.919040762844137049e+00
3.612040133779264295e+01 1.587892609806855135e-02 1.098771408248086168e+00 9.435852816524348263e-02 1.244889148989088978e-01 4.024473995379607594e+00
3.642140468227425032e+01 1.504644040407706641e-02 1.107922608807040854e+00 9.340390862334777000e-02 1.255257051063458362e-01 4.118963384031940400e+00
3.672240802675585769e+01 1.417308424601783703e-02 1.117073809365995762e+00 9.077492095049601029e-02 1.265624953137827469e-01 4.205119856122840893e+00
3.702341137123745796e+01 1.328504863788311681e-02 1.126225009924950449e+00 8.932404178816573392e-02 1.275992855212196853e-01 4.285909327181566475e+00
3.732441471571906533e+01 1.239863474426084605e-02 1.135376210483905135e+00 8.914250366153045335e-02 1.286360757286565959e-01 4.363756619454652430e+00
3.762541806020067270e+01 1.151162479650617160e-02 1.144527411042860043e+00 8.745033683663946955e-02 1.296728659360935343e-01 4.440960563045667442e+00
3.792642140468228007e+01 1.061669604006274144e-02 1.153678611601814730e+00 8.231770818325039041e-02 1.307096561435304449e-01 4.521088062330562707e+00
3.822742474916388034e+01 9.725709980255048057e-03 1.162829812160769638e+00 7.912596165013743854e-02 1.317464463509673833e-01 4.610209692925997693e+00
3.852842809364548771e+01 8.881803183146085717e-03 1.171981012719724324e+00 8.341107946791494199e-02 1.327832365584042940e-01 4.716756299369299299e+00
3.882943143812709508e+01 8.143971923932036630e-03 1.181132213278679011e+00 8.969283913444012213e-02 1.338200267658412046e-01 4.849516609515436727e+00
3.913043478260869534e+01 7.552903660503766832e-03 1.190283413837633919e+00 9.094437215235361138e-02 1.348568169732781430e-01 5.014452655093021072e+00
3.943143812709030271e+01 7.105486893148313388e-03 1.199434614396588605e+00 8.877920036930896097e-02 1.358936071807150536e-01 5.211871176577611564e+00
3.973244147157191009e+01 6.757731970043001114e-03 1.208585814955543514e+00 8.653464069874576559e-02 1.369303973881519920e-01 5.435473157227945329e+00
4.003344481605351746e+01 6.449773143448018012e-03 1.217737015514498200e+00 8.269183341554017797e-02 1.379671875955889027e-01 5.673888180308975571e+00
4.033444816053511772e+01 6.132034159286951433e-03 1.226888216073452886e+00 7.728322339247704897e-02 1.390039778030258411e-01 5.914077812290788216e+00
4.063545150501672509e+01 5.779884982349433459e-03 1.236039416632407795e+00 7.317189267257669105e-02 1.400407680104627517e-01 6.145215436999197145e+00
4.093645484949833246e+01 5.396634066799975253e-03 1.245190617191362481e+00 7.017487186488982620e-02 1.410775582178996623e-01 6.361650661087280945e+00
4.123745819397993273e+01 5.006841381966546656e-03 1.254341817750317167e+00 6.855039474634568031e-02 1.421143484253366007e-01 6.564105132483681437e+00
4.153846153846154010e+01 4.641588491246444875e-03 1.263493018309272076e+00 7.090997900304951695e-02 1.431511386327735114e-01 6.758889095319631224e+00
4.183946488294314747e+01 4.322319326608170878e-03 1.272644218868226762e+00 7.635257732400335673e-02 1.441879288402104498e-01 6.955465967191773125e+00
4.214046822742475484e+01 4.052717575327186884e-03 1.281795419427181670e+00 8.029368157961125352e-02 1.452247190476473604e-01 7.163150796997417302e+00
4.244147157190635511e+01 3.821944439779074131e-03 1.290946619986136357e+00 7.965328623768255789e-02 1.462615092550842988e-01 7.388068626684851203e+00
4.274247491638796248e+01 3.613478748763928727e-03 1.300097820545091043e+00 7.667150684605336664e-02 1.472982994625212094e-01 7.631485667513240756e+00
4.304347826086956985e+01 3.411612234022030551e-03 1.309249021104045951e+00 7.561382043334645420e-02 1.483350896699581201e-01 7.890067897214991355e+00
4.334448160535117722e+01 3.203676828535377812e-03 1.318400221663000638e+00 7.657299749859639015e-02 1.493718798773950585e-01 8.157688208803691055e+00
4.364548494983277749e+01 2.981850162848756047e-03 1.327551422221955546e+00 7.710246208752634389e-02 1.504086700848319691e-01 8.427629606958575437e+00
4.394648829431438486e+01 2.746106919915412403e-03 1.336702622780910232e+00 7.762585544160141571e-02 1.514454602922689075e-01 8.693953730967558968e+00
4.424749163879599223e+01 2.504098005603011285e-03 1.345853823339864919e+00 7.956375020339709336e-02 1.524822504997058181e-01 8.951529261107115332e+00
4.454849498327759250e+01 2.265387507845110799e-03 1.355005023898819827e+00 8.179382472742532939e-02 1.535190407071427565e-01 9.195278893733636494e+00
4.484949832775919987e+01 2.035503088230921839e-03 1.364156224457774513e+00 8.419301425374425829e-02 1.545558309145796672e-01 9.419840729891145514e+00
4.515050167224080724e+01 1.816730028313825801e-03 1.373307425016729200e+00 8.637253506303067818e-02 1.555926211220165778e-01 9.620524689419100994e+00
4.545150501672241461e+01 1.613685321995769143e-03 1.382458625575684108e+00 8.446426579865207174e-02 1.566294113294535162e-01 9.795335137127585412e+00
4.575250836120401488e+01 1.434779968523900795e-03 1.391609826134638794e+00 7.766415947318107416e-02 1.576662015368904268e-01 9.946734125815957839e+00
4.605351170568562225e+01 1.285886815804186548e-03 1.400761026693593703e+00 7.213260252756287239e-02 1.587029917443273652e-01 1.008161951776892984e+01
4.635451505016722962e+01 1.163351800917538639e-03 1.409912227252548389e+00 7.106329327471544444e-02 1.597397819517642759e-01 1.020895466634011939e+01
4.665551839464882988e+01 1.055751109980523992e-03 1.419063427811503075e+00 7.249967907083945673e-02 1.607765721592012143e-01 1.033601384749670871e+01
4.695652173913043725e+01 9.539801211438953682e-04 1.428214628370457984e+00 7.457274032264674113e-02 1.618133623666381249e-01 1.046525241791750105e+01
4.725752508361204463e+01 8.590886951767269866e-04 1.437365828929412670e+00 7.483760898505344150e-02 1.628501525740750355e-01 1.059361339994372564e+01
4.755852842809365200e+01 7.794488854557245520e-04 1.446517029488367356e+00 7.164466153143543570e-02 1.638869427815119739e-01 1.071469872062849404e+01
4.785953177257525226e+01 7.207743864419381089e-04 1.455668230047322265e+00 6.684457349296957229e-02 1.649237329889488846e-01 1.082252575148874740e+01
4.816053511705685963e+01 6.795645795609427629e-04 1.464819430606276951e+00 6.274861534963505072e-02 1.659605231963858230e-01 1.091469246584218133e+01
4.846153846153846700e+01 6.452758700591021889e-04 1.473970631165231859e+00 6.101018674794642799e-02 1.669973134038227336e-01 1.099331602144774500e+01
4.876254180602006727e+01 6.071444005113001228e-04 1.483121831724186546e+00 6.289698348411952578e-02 1.680341036112596720e-01 1.106368852755579191e+01
4.906354515050167464e+01 5.590852858966024715e-04 1.492273032283141232e+00 6.426380332991951660e-02 1.690708938186965826e-01 1.113200185956309873e+01
4.936454849498328201e+01 5.005903377269343936e-04 1.501424232842096140e+00 6.089285113495592622e-02 1.701076840261334933e-01 1.120367005379460146e+01
4.966555183946488938e+01 4.355812963372002102e-04 1.510575433401050827e+00 5.652915855237216486e-02 1.711444742335704317e-01 1.128273111392275396e+01
4.996655518394648965e+01 3.709163140152323254e-04 1.519726633960005735e+00 5.548393853920850771e-02 1.721812644410073423e-01 1.137160456966545752e+01
5.026755852842809702e+01 3.143601289508655213e-04 1.528877834518960421e+00 5.711900180129113325e-02 1.732180546484442807e-01 1.147024714175690185e+01
5.056856187290970439e+01 2.717379977670512491e-04 1.538029035077915108e+00 5.696369002590449121e-02 1.742548448558811913e-01 1.157465996450826040e+01
5.086956521739130466e+01 2.444718157187691812e-04 1.547180235636870016e+00 5.138362283407717918e-02 1.752916350633181297e-01 1.167587230004696686e+01
5.117056856187291203e+01 2.292402894661704012e-04 1.556331436195824702e+00 4.305793071976684455e-02 1.763284252707550404e-01 1.176084077236961711e+01
5.147157190635451940e+01 2.200363148358803534e-04 1.565482636754779389e+00 3.767214656464403649e-02 1.773652154781919510e-01 1.181575385715582982e+01
5.177257525083612677e+01 2.110306958355222761e-04 1.574633837313734297e+00 3.731412957191815316e-02 1.784020056856288894e-01 1.183063261358793561e+01
5.207357859531772704e+01 1.984498083314244026e-04 1.583785037872688983e+00 3.985122943881445889e-02 1.794387958930658000e-01 1.180303258242027908e+01
5.237458193979933441e+01 1.810266336526236827e-04 1.592936238431643892e+00 4.193027410398660754e-02 1.804755861005027384e-01 1.173892883350011473e+01
5.267558528428094178e+01 1.596585298785451433e-04 1.602087438990598578e+00 4.165710953505519926e-02 1.815123763079396491e-01 1.165039284931688712e+01
5.297658862876254204e+01 1.367356615188066902e-04 1.611238639549553264e+00 4.050931228271513473e-02 1.825491665153765874e-01 1.155140775422619015e+01
5.327759197324414941e+01 1.151006741714449128e-04 1.620389840108508173e+00 4.228563145425959235e-02 1.835859567228134981e-01 1.145392402963007683e+01
5.357859531772575679e+01 9.685376697037936691e-05 1.629541040667462859e+00 4.546368495243833380e-02 1.846227469302504087e-01 1.136562011457004573e+01
5.387959866220736416e+01 8.278589495275186791e-05 1.638692241226417767e+00 4.456272067205785392e-02 1.856595371376873471e-01 1.128947160529360438e+01
5.418060200668896442e+01 7.286683163499356648e-05 1.647843441785372454e+00 3.916001770174844243e-02 1.866963273451242578e-01 1.122427153729352867e+01
5.448160535117057179e+01 6.701588162584220360e-05 1.656994642344327140e+00 3.398034497503501367e-02 1.877331175525611962e-01 1.116528000285049238e+01
5.478260869565217916e+01 6.501844430871565319e-05 1.666145842903282048e+00 3.431972005912081042e-02 1.887699077599981068e-01 1.110487438977360775e+01
5.508361204013378654e+01 6.575226714444503708e-05 1.675297043462236735e+00 3.934398169909215925e-02 1.898066979674350452e-01 1.103361206902572711e+01
5.538461538461538680e+01 6.714989168418677805e-05 1.684448244021191421e+00 4.332924314895296447e-02 1.908434881748719558e-01 1.094201564868388843e+01
5.568561872909699417e+01 6.752496718196910231e-05 1.693599444580146329e+00 4.470044377242445022e-02 1.918802783823088665e-01 1.082282019265821305e+01
5.598662207357860154e+01 6.693086124797423481e-05 1.702750645139101016e+00 4.424308497856963701e-02 1.929170685897458049e-01 1.067291960565503928e+01
5.628762541806020181e+01 6.688358359688563698e-05 1.711901845698055924e+00 4.256334176644620965e-02 1.939538587971827155e-01 1.049420778194230408e+01
5.658862876254180918e+01 6.862340761140605055e-05 1.721053046257010610e+00 4.096293898967976604e-02 1.949906490046196539e-01 1.029292977097103901e+01
5.688963210702341655e+01 7.169091761284055646e-05 1.730204246815965297e+00 3.879603588210193271e-02 1.960274392120565645e-01 1.007775226775700617e+01
5.719063545150502392e+01 7.412781700439523887e-05 1.739355447374920205e+00 3.580918382143873091e-02 1.970642294194935029e-01 9.857206298592643634e+00
5.749163879598662419e+01 7.397304174699548664e-05 1.748506647933874891e+00 3.474982033802218040e-02 1.981010196269304136e-01 9.637280951560319053e+00
5.779264214046823156e+01 7.069504671046894810e-05 1.757657848492829800e+00 3.710452735722027939e-02 1.991378098343673242e-01 9.419801427700688734e+00
5.809364548494983893e+01 6.539484869641696793e-05 1.766809049051784486e+00 4.152193574986524222e-02 2.001746000418042626e-01 9.201973555052708420e+00
5.839464882943143920e+01 5.965568101734239662e-05 1.775960249610739172e+00 4.576697226458514151e-02 2.012113902492411732e-01 8.977237893345224151e+00
5.869565217391304657e+01 5.410035657811709071e-05 1.785111450169694081e+00 4.738136510610688884e-02 2.022481804566781116e-01 8.737324046931183474e+00
5.899665551839465394e+01 4.804824245978426287e-05 1.794262650728648767e+00 4.458020459940163077e-02 2.032849706641150223e-01 8.475045360335373701e+00
5.929765886287626131e+01 4.058211285522353066e-05 1.803413851287603453e+00 3.800708672689115386e-02 2.043217608715519606e-01 8.186975206843513320e+00
5.959866220735786158e+01 3.184857348098191768e-05 1.812565051846558362e+00 3.109596824009775232e-02 2.053585510789888713e-01 7.874962855443188303e+00
5.989966555183946895e+01 2.324153649815082967e-05 1.821716252405513048e+00 2.723096609218316616e-02 2.063953412864258097e-01 7.545774477008786008e+00
6.020066889632107632e+01 1.640922227399559423e-05 1.830867452964467956e+00 2.727997057201783648e-02 2.074321314938627203e-01 7.208978062440912105e+00
6.050167224080267658e+01 1.216198972313817127e-05 1.840018653523422643e+00 2.999839793422101261e-02 2.084689217012996310e-01 6.874082970846285612e+00
6.080267558528428395e+01 1.017670669094991678e-05 1.849169854082377329e+00 3.285333461403381478e-02 2.095057119087365693e-01 6.548278916805593930e+00
6.110367892976589133e+01 9.457779335068951446e-06 1.858321054641332237e+00 3.389054536899724357e-02 2.105425021161734800e-01 6.235619572142587330e+00
6.140468227424749870e+01 8.979015385190456349e-06 1.867472255200286924e+00 3.397820895938837016e-02 2.115792923236104184e-01 5.937513651855962138e+00
6.170568561872909896e+01 8.091493114255494528e-06 1.876623455759241610e+00 3.273090752798172437e-02 2.126160825310473290e-01 5.653657256711877466e+00
6.200668896321070633e+01 6.635599860191382398e-06 1.885774656318196518e+00 2.879830790719696207e-02 2.136528727384842674e-01 5.382589461061646041e+00
6.230769230769231370e+01 4.840466223732472214e-06 1.894925856877151205e+00 2.452058493210907547e-02 2.146896629459211780e-01 5.121751009654609277e+00
6.260869565217392108e+01 3.097824883647566813e-06 1.904077057436106113e+00 2.257085484717629917e-02 2.157264531533580887e-01 4.867603152847459924e+00
6.290969899665552134e+01 1.723061859282764895e-06 1.913228257995060799e+00 2.297307543907095573e-02 2.167632433607950271e-01 4.616390005413627762e+00
6.321070234113712871e+01 8.272828255540088450e-07 1.922379458554015486e+00 2.486014213261972250e-02 2.178000335682319377e-01 4.365476261275447634e+00
6.351170568561873608e+01 3.411265537825547622e-07 1.931530659112970394e+00 2.710141953328390821e-02 2.188368237756688761e-01 4.114475757376998111e+00
6.381270903010033635e+01 1.203470028776861626e-07 1.940681859671925080e+00 2.769253411529825140e-02 2.198736139831057868e-01 3.865308150734307890e+00
6.411371237458195083e+01 3.622148770944825102e-08 1.949833060230879989e+00 2.609624139191429881e-02 2.209104041905427251e-01 3.621018664826742839e+00
6.441471571906355109e+01 9.280244610239919869e-09 1.958984260789834675e+00 2.486435836966606819e-02 2.219471943979796358e-01 3.384098880485223670e+00
6.471571906354515136e+01 2.020635690460257143e-09 1.968135461348789361e+00 2.536455301269229315e-02 2.229839846054165464e-01 3.155393656868992203e+00
6.501672240802676583e+01 3.734164740989429586e-10 1.977286661907744270e+00 2.653780968551432140e-02 2.240207748128534848e-01 2.934204713164636047e+00
6.531772575250836610e+01 5.851207543674446402e-11 1.986437862466698956e+00 2.682315348963044271e-02 2.250575650202903955e-01 2.719337708557330480e+00
6.561872909698996637e+01 7.768058626708249876e-12 1.995589063025653642e+00 2.625249469207529759e-02 2.260943552277273338e-01 2.510281285092437198e+00
6.591973244147158084e+01 8.732508633986467486e-13 2.004740263584608329e+00 2.600178172072616783e-02 2.271311454351642445e-01 2.307798555311555866e+00
6.622073578595318111e+01 8.308613933072088172e-14 2.013891464143563237e+00 2.542690857605563182e-02 2.281679356426011829e-01 2.113735876699336380e+00
6.652173913043478137e+01 6.688522584310238558e-15 2.023042664702518145e+00 2.368799249957398434e-02 2.292047258500380935e-01 1.930332652498891521e+00
6.682274247491639585e+01 4.554367585316179128e-16 2.032193865261472610e+00 2.236791275996341533e-02 2.302415160574750042e-01 1.759459358712506694e+00
6.712374581939799612e+01 2.622608889675618063e-17 2.041345065820427518e+00 2.238568569283132942e-02 2.312783062649119425e-01 1.602082460731173441e+00
6.742474916387959638e+01 1.276964123210387195e-18 2.050496266379382426e+00 2.212725440605168084e-02 2.323150964723488532e-01 1.458082049119711288e+00
6.772575250836121086e+01 5.256682372224528545e-20 2.059647466938337335e+00 2.004653855927731460e-02 2.333518866797857916e-01 1.326451281298811624e+00
6.802675585284281112e+01 1.829334283595880768e-21 2.068798667497291799e+00 1.688931583650021828e-02 2.343886768872227022e-01 1.205829100359808503e+00
6.832775919732442560e+01 5.381365868284965392e-23 2.077949868056246707e+00 1.433639678605591605e-02 2.354254670946596406e-01 1.095176345270767015e+00
6.862876254180602587e+01 1.338095354620235141e-24 2.087101068615201616e+00 1.203269053098774549e-02 2.364622573020965512e-01 9.942538195127321732e-01
6.892976588628762613e+01 2.812283962879022185e-26 2.096252269174156080e+00 9.998656135014620874e-03 2.374990475095334619e-01 9.035699504589345121e-01
6.923076923076924061e+01 4.995690095072455759e-28 2.105403469733110988e+00 1.040771048260595751e-02 2.385358377169704003e-01 8.237379588259203800e-01
6.953177257525084087e+01 7.500424686056665966e-30 2.114554670292065897e+00 1.273032316728169196e-02 2.395726279244073109e-01 7.545927541655007564e-01
6.983277591973244114e+01 9.517492181504243134e-32 2.123705870851020361e+00 1.357362437841091660e-02 2.406094181318442493e-01 6.946593133039504764e-01
7.013377926421405562e+01 1.020703547226253786e-33 2.132857071409975269e+00 1.269402186375434560e-02 2.416462083392811599e-01 6.413956269832236101e-01
7.043478260869565588e+01 9.251510815399251293e-36 2.142008271968930178e+00 1.246424694427551369e-02 2.426829985467180983e-01 5.921190732839889392e-01
7.073578595317725615e+01 7.086931437242404913e-38 2.151159472527884642e+00 1.353801541695842832e-02 2.437197887541550090e-01 5.450329969129411589e-01
7.103678929765887062e+01 4.588109166412781137e-40 2.160310673086839550e+00 1.484074351626339487e-02 2.447565789615919196e-01 4.996870808793478225e-01
7.133779264214047089e+01 2.510367036155334410e-42 2.169461873645794459e+00 1.458939308695695464e-02 2.457933691690288580e-01 4.566063641731168410e-01
7.163879598662208537e+01 1.160826126324232399e-44 2.178613074204749367e+00 1.237561444167543066e-02 2.468301593764657687e-01 4.164017322028067958e-01
7.193979933110368563e+01 4.536516070560095099e-47 2.187764274763703831e+00 9.854339151771009109e-03 2.478669495839027070e-01 3.789967261060179782e-01
7.224080267558528590e+01 1.498311783381125279e-49 2.196915475322658740e+00 8.092354959543324525e-03 2.489037397913396177e-01 3.434646451257324928e-01
7.254180602006690037e+01 4.182209058274711345e-52 2.206066675881613648e+00 7.166509992994262064e-03 2.499405299987765561e-01 3.085186202197872096e-01
7.284280936454850064e+01 9.865806242696252641e-55 2.215217876440568112e+00 6.971707476867958046e-03 2.509773202062134390e-01 2.732817059281782424e-01
7.314381270903010090e+01 1.966900290456440228e-57 2.224369076999523021e+00 7.500721806355203219e-03 2.520141104136503496e-01 2.378440582668938652e-01
7.344481605351171538e+01 3.314017028714326962e-60 2.233520277558477929e+00 8.488643865921970122e-03 2.530509006210872602e-01 2.033071629729444052e-01
7.374581939799331565e+01 4.718995193155205120e-63 2.242671478117432393e+00 8.883345058773065364e-03 2.540876908285242264e-01 1.713416446175404506e-01
7.404682274247491591e+01 5.678930772907409257e-66 2.251822678676387302e+00 7.891889707168912860e-03 2.551244810359611370e-01 1.435299439230324769e-01
7.434782608695653039e+01 5.775714626977214861e-69 2.260973879235342210e+00 6.478177845254475681e-03 2.561612712433980477e-01 1.208148209991766892e-01
7.464882943143813065e+01 4.964401465002251762e-72 2.270125079794296674e+00 6.382109236185587106e-03 2.571980614508349583e-01 1.032563149136428160e-01
7.494983277591973092e+01 3.606201628744566527e-75 2.279276280353251583e+00 7.123110773262760452e-03 2.582348516582718689e-01 9.012313056498584551e-02
7.525083612040134540e+01 2.213884711456431304e-78 2.288427480912206491e+00 6.369412207109172337e-03 2.592716418657088351e-01 8.021102873971468206e-02
7.555183946488294566e+01 1.148634457274639519e-81 2.297578681471161399e+00 4.338237836745569530e-03 2.603084320731457457e-01 7.223109700603985717e-02
7.585284280936456014e+01 5.036519157647314118e-85 2.306729882030115864e+00 3.402312868590044725e-03 2.613452222805826564e-01 6.513164299914385447e-02
7.615384615384616041e+01 1.866383671442706974e-88 2.315881082589070772e+00 3.681558135893647169e-03 2.623820124880195670e-01 5.827679363605497292e-02
7.645484949832776067e+01 5.845115935310493028e-92 2.325032283148025680e+00 3.869014876962493989e-03 2.634188026954565331e-01 5.147196969352787338e-02
7.675585284280937515e+01 1.547059745968685991e-95 2.334183483706980144e+00 3.895807117975031916e-03 2.644555929028934438e-01 4.487488196034753601e-02
7.705685618729097541e+01 3.460531323911642490e-99 2.343334684265935053e+00 3.906322595649142256e-03 2.654923831103303544e-01 3.884523114586140025e-02
7.735785953177257568e+01 6.541844509952083793e-103 2.352485884824889961e+00 3.568602523269937508e-03 2.665291733177672651e-01 3.377422085728639528e-02
7.765886287625419016e+01 1.045151811707837490e-106 2.361637085383844425e+00 3.203849106714288381e-03 2.675659635252041757e-01 2.992201092737115098e-02
7.795986622073579042e+01 1.411173008129747166e-110 2.370788285942799334e+00 3.254388204527792258e-03 2.686027537326411418e-01 2.729557766775650429e-02
7.826086956521739069e+01 1.610285430687303892e-114 2.379939486501754242e+00 3.399904167356537950e-03 2.696395439400780525e-01 2.561057289807622608e-02
7.856187290969900516e+01 1.552913204318025076e-118 2.389090687060708706e+00 3.817351894522472665e-03 2.706763341475149631e-01 2.436955355057456030e-02
7.886287625418060543e+01 1.265648813553338045e-122 2.398241887619663615e+00 4.924048425960178901e-03 2.717131243549518738e-01 2.304183400944029292e-02
7.916387959866221991e+01 8.717680792688158806e-127 2.407393088178618523e+00 5.824927000425083289e-03 2.727499145623888399e-01 2.127124016073012047e-02
7.946488294314382017e+01 5.074700557045920121e-131 2.416544288737573432e+00 5.815678044957812119e-03 2.737867047698257505e-01 1.901268635985498695e-02
7.976588628762542044e+01 2.496557595987731814e-135 2.425695489296527896e+00 5.341189627526532133e-03 2.748234949772626612e-01 1.653220045688343423e-02
8.006688963210703491e+01 1.037993104855785983e-139 2.434846689855482804e+00 4.583358139704150208e-03 2.758602851846995718e-01 1.427730612659946011e-02
8.036789297658863518e+01 3.647279594963395015e-144 2.443997890414437713e+00 3.406995047005640168e-03 2.768970753921364825e-01 1.268594149723744659e-02
8.066889632107023544e+01 1.083092015828787584e-148 2.453149090973392177e+00 2.301937151292126390e-03 2.779338655995734486e-01 1.201683898875242212e-02
8.096989966555184992e+01 2.718212220189888212e-153 2.462300291532347085e+00 1.901729483978835313e-03 2.789706558070103593e-01 1.225717778322853516e-02
8.127090301003345019e+01 5.765315457595913236e-158 2.471451492091301994e+00 2.155653857314092977e-03 2.800074460144472699e-01 1.312481026200362777e-02
8.157190635451505045e+01 1.033438170683478690e-162 2.480602692650256458e+00 2.459018643118131113e-03 2.810442362218841805e-01 1.415482134447043280e-02
8.187290969899666493e+01 1.565552477438505181e-167 2.489753893209211366e+00 2.277473203624790551e-03 2.820810264293210912e-01 1.484275871098375554e-02
8.217391304347826519e+01 2.004344964082973562e-172 2.498905093768166275e+00 1.903166759060414106e-03 2.831178166367580573e-01 1.480070526973686039e-02
8.247491638795986546e+01 2.168697689381088698e-177 2.508056294327120739e+00 2.070487274788686358e-03 2.841546068441949680e-01 1.387151050896648016e-02
8.277591973244147994e+01 1.983112135830887774e-182 2.517207494886075647e+00 2.761860096853168810e-03 2.851913970516318786e-01 1.215664862732680936e-02
8.307692307692308020e+01 1.532559115853798548e-187 2.526358695445030556e+00 2.848887520201047636e-03 2.862281872590687892e-01 9.950009380230450534e-03
8.337792642140469468e+01 1.000941986610552758e-192 2.535509896003985464e+00 1.906124905898629041e-03 2.872649774665057554e-01 7.614924646954636910e-03
8.367892976588629494e+01 5.524872833132428639e-198 2.544661096562939928e+00 9.188195727654899572e-04 2.883017676739426660e-01 5.464840279403777347e-03
8.397993311036789521e+01 2.577254896039037421e-203 2.553812297121894836e+00 4.746726217424505857e-04 2.893385578813795767e-01 3.694829481133143911e-03
8.428093645484950969e+01 1.016047866522281615e-208 2.562963497680849745e+00 3.913006091101129042e-04 2.903753480888164873e-01 2.375110213575145138e-03
8.458193979933110995e+01 3.385264999311210299e-214 2.572114698239804209e+00 5.148771453435300278e-04 2.914121382962533979e-01 1.485983966962242881e-03
8.488294314381271022e+01 9.532194198599324996e-220 2.581265898798759117e+00 6.633450180347144273e-04 2.924489285036903641e-01 9.632268477609890909e-04
8.518394648829432469e+01 2.268374727251247917e-225 2.590417099357714026e+00 5.474435707826887966e-04 2.934857187111272747e-01 7.316202131266636615e-04
8.548494983277592496e+01 4.562033039527416370e-231 2.599568299916668490e+00 2.564640198994952219e-04 2.945225089185641854e-01 7.193695401224576950e-04
8.578595317725752523e+01 7.753963641563999113e-237 2.608719500475623398e+00 8.337853859641327790e-05 2.955592991260010960e-01 8.577427256736416079e-04
8.608695652173913970e+01 1.113809203288744485e-242 2.617870701034578307e+00 1.099075655639364797e-04 2.965960893334380066e-01 1.075586687218391254e-03
8.638795986622073997e+01 1.352133434249550556e-248 2.627021901593532771e+00 2.916254411893705735e-04 2.976328795408749728e-01 1.298253383643614136e-03
8.668896321070235444e+01 1.387234909412838185e-254 2.636173102152487679e+00 4.445180437553092464e-04 2.986696697483118834e-01 1.455874912792082384e-03
8.698996655518395471e+01 1.202824247633463843e-260 2.645324302711442588e+00 3.666619136944103928e-04 2.997064599557487941e-01 1.498615674689671769e-03
8.729096989966555498e+01 8.814060911399795719e-267 2.654475503270397496e+00 2.005061893611864883e-04 3.007432501631857047e-01 1.410401633083971677e-03
8.759197324414716945e+01 5.458478805099558890e-273 2.663626703829351960e+00 1.759174501651114488e-04 3.017800403706226708e-01 1.212060055830956658e-03
8.789297658862876972e+01 2.856859727558929840e-279 2.672777904388306869e+00 2.327618876776948076e-04 3.028168305780595815e-01 9.507183258573454745e-04
8.819397993311036998e+01 1.263653234647853554e-285 2.681929104947261777e+00 2.290893047000529237e-04 3.038536207854964921e-01 6.805584059765668698e-04
8.849498327759198446e+01 4.723768628858862386e-292 2.691080305506216241e+00 2.180365504599890978e-04 3.048904109929334028e-01 4.445737975118835999e-04
8.879598662207358473e+01 1.492351167459588638e-298 2.700231506065171150e+00 2.385134958704123430e-04 3.059272012003703134e-01 2.650203510309286970e-04
8.909698996655518499e+01 3.984512095340442682e-305 2.709382706624126058e+00 1.883764437642800158e-04 3.069639914078072795e-01 1.441675527773607270e-04
8.939799331103679947e+01 8.990854658342241356e-312 2.718533907183080522e+00 8.355127079295916900e-05 3.080007816152441902e-01 7.156587005311871338e-05
8.969899665551839973e+01 1.714546129449961057e-318 2.727685107742035431e+00 1.979414059218554151e-05 3.090375718226811008e-01 3.241842383827804597e-05
9.000000000000000000e+01 0.000000000000000000e+00 2.736836308300990339e+00 2.485634106603538737e-06 3.100743620301180115e-01 1.340054978324626098e-05
