0.000000000000000000e+00 1.189615177846742284e-04 9.892594610269589417e-05 5.530446960846487070e-03 1.138458558772488527e-04 1.113645176324622697e-02
3.010033444816053727e-01 1.190641251536797888e-04 1.037798631391334721e-02 5.508620506255302099e-03 3.539135216510423849e-03 1.135537700708135443e-02
6.020066889632107454e-01 1.193618790164546609e-04 2.065704668172399852e-02 5.405730231630149173e-03 6.964424577143598846e-03 1.188869822068423787e-02
9.030100334448161181e-01 1.198271606993884646e-04 3.093610704953465157e-02 5.144536130788028745e-03 1.038971393777677471e-02 1.249584140086384965e-02
1.204013377926421491e+00 1.204221206998404964e-04 4.121516741734530115e-02 4.684873814662873608e-03 1.381500329840994884e-02 1.288492544329158246e-02
1.505016722408026864e+00 1.211094842441398856e-04 5.149422778515595073e-02 4.074139938457530495e-03 1.724029265904312297e-02 1.285263560535511440e-02
1.806020066889632236e+00 1.218649784306492155e-04 6.177328815296660725e-02 3.434094723227131343e-03 2.066558201967630057e-02 1.244782821707743868e-02
2.107023411371237387e+00 1.226891833694634297e-04 7.205234852077725682e-02 2.899884288173755834e-03 2.409087138030947470e-02 1.197113677551959500e-02
2.408026755852842982e+00 1.236166080094852919e-04 8.233140888858790640e-02 2.557367371989430638e-03 2.751616074094264883e-02 1.166429632427221606e-02
2.709030100334448576e+00 1.247201253218121575e-04 9.261046925639855598e-02 2.413687932564138622e-03 3.094145010157582296e-02 1.140249710359293907e-02
3.010033444816053727e+00 1.261095372777663122e-04 1.028895296242092056e-01 2.406957507432205129e-03 3.436673946220900056e-02 1.086214839035238959e-02
3.311036789297658878e+00 1.279239104769881838e-04 1.131685899920198551e-01 2.441293198876198257e-03 3.779202882284217468e-02 9.993933786687456480e-03
3.612040133779264472e+00 1.303183281720181601e-04 1.234476503598305186e-01 2.428902600633541745e-03 4.121731818347534881e-02 9.142834983226953705e-03
3.913043478260870067e+00 1.334467084489666553e-04 1.337267107276411682e-01 2.323556539507272249e-03 4.464260754410852294e-02 8.668749782795782954e-03
4.214046822742474774e+00 1.374431748390906661e-04 1.440057710954518178e-01 2.133787770265317945e-03 4.806789690474169707e-02 8.600656683172190620e-03
4.515050167224080369e+00 1.424049565655318903e-04 1.542848314632624673e-01 1.910501367781597057e-03 5.149318626537487120e-02 8.721826486836158424e-03
4.816053511705685963e+00 1.483797911234916106e-04 1.645638918310731169e-01 1.715869746475140890e-03 5.491847562600804533e-02 8.892215705553619190e-03
5.117056856187291558e+00 1.553602323728043785e-04 1.748429521988837665e-01 1.592950904777163442e-03 5.834376498664121946e-02 9.159407767649261484e-03
5.418060200668897153e+00 1.632861885014918492e-04 1.851220125666944161e-01 1.554261938380871195e-03 6.176905434727439359e-02 9.525462099098828267e-03
5.719063545150501859e+00 1.720556210836446159e-04 1.954010729345050656e-01 1.591031212303189481e-03 6.519434370790756772e-02 9.737558195142536135e-03
6.020066889632107454e+00 1.815419294938052904e-04 2.056801333023157152e-01 1.690901406209699420e-03 6.861963306854074185e-02 9.480419551241320297e-03
6.321070234113713049e+00 1.916154502497241562e-04 2.159591936701263648e-01 1.851421920955488966e-03 7.204492242917391598e-02 8.773551584492309680e-03
6.622073578595317755e+00 2.021659677761517243e-04 2.262382540379370144e-01 2.080640435356206300e-03 7.547021178980709011e-02 8.021720109972497667e-03
6.923076923076923350e+00 2.131232478900665591e-04 2.365173144057476640e-01 2.380699642094629646e-03 7.889550115044026424e-02 7.604858209987329538e-03
7.224080267558528945e+00 2.244732584044480301e-04 2.467963747735583413e-01 2.726457582223234307e-03 8.232079051107345224e-02 7.521115719080314482e-03
7.525083612040134540e+00 2.362686665159456612e-04 2.570754351413689909e-01 3.068840411484055793e-03 8.574607987170662637e-02 7.498474874143530762e-03
7.826086956521740134e+00 2.486330782286936538e-04 2.673544955091796682e-01 3.375867417839058335e-03 8.917136923233980050e-02 7.350443311032719453e-03
8.127090301003345729e+00 2.617590578355841668e-04 2.776335558769902345e-01 3.675231545826978391e-03 9.259665859297297463e-02 7.121082887248457796e-03
8.428093645484949548e+00 2.759001493984099143e-04 2.879126162448009119e-01 4.045483679494435436e-03 9.602194795360614876e-02 6.954419170298692561e-03
8.729096989966555142e+00 2.913570300120695532e-04 2.981916766126115892e-01 4.555257124260929727e-03 9.944723731423932289e-02 6.945063434492624622e-03
9.030100334448160737e+00 3.084578188121281177e-04 3.084707369804222665e-01 5.211517299908983644e-03 1.028725266748724970e-01 7.096564805137002725e-03
9.331103678929766332e+00 3.275327462236697781e-04 3.187497973482328328e-01 5.970025391746442908e-03 1.062978160355056712e-01 7.318817084714151523e-03
9.632107023411371927e+00 3.488840599993522635e-04 3.290288577160435102e-01 6.796799777633286826e-03 1.097231053961388453e-01 7.471469674021135460e-03
9.933110367892977521e+00 3.727532147820450414e-04 3.393079180838541875e-01 7.725681886614489159e-03 1.131483947567720194e-01 7.498885814385029304e-03
1.023411371237458312e+01 3.992888315964045068e-04 3.495869784516648648e-01 8.870669350601300893e-03 1.165736841174051935e-01 7.495795190539033745e-03
1.053511705685618871e+01 4.285202033500893140e-04 3.598660388194755422e-01 1.039164508460976508e-02 1.199989734780383677e-01 7.548813242472466288e-03
1.083612040133779431e+01 4.603417656295060996e-04 3.701450991872861085e-01 1.243883681104165570e-02 1.234242628386715418e-01 7.560835464390492332e-03
1.113712374581939812e+01 4.945135261569863884e-04 3.804241595550967858e-01 1.510719258969228131e-02 1.268495521993047437e-01 7.349795736113780287e-03
1.143812709030100372e+01 5.306807477004676834e-04 3.907032199229074632e-01 1.842851315260225775e-02 1.302748415599379039e-01 6.918588221193116596e-03
1.173913043478260931e+01 5.684133213706692601e-04 4.009822802907181405e-01 2.242034005503165325e-02 1.337001309205710919e-01 6.539867068598622865e-03
1.204013377926421491e+01 6.072616990952440412e-04 4.112613406585287068e-01 2.718739517506853914e-02 1.371254202812042522e-01 6.523200056585065458e-03
1.234113712374582050e+01 6.468226865432129269e-04 4.215404010263393841e-01 3.303566895865975989e-02 1.405507096418374402e-01 6.900796193701473971e-03
1.264214046822742610e+01 6.868056482173619161e-04 4.318194613941500615e-01 4.053844692253070342e-02 1.439759990024706005e-01 7.378713414650096662e-03
1.294314381270903169e+01 7.270884664523353906e-04 4.420985217619607388e-01 5.051131384745364411e-02 1.474012883631037885e-01 7.624792151114171551e-03
1.324414715719063551e+01 7.677533561608229813e-04 4.523775821297713051e-01 6.389705008718259138e-02 1.508265777237369487e-01 7.577291112269412404e-03
1.354515050167224111e+01 8.090953751297517158e-04 4.626566424975819825e-01 8.160550487515308427e-02 1.542518670843701367e-01 7.458531156337581784e-03
1.384615384615384670e+01 8.516007445128592323e-04 4.729357028653926598e-01 1.043942113752411444e-01 1.576771564450032970e-01 7.565186412135973572e-03
1.414715719063545230e+01 8.958971067377279138e-04 4.832147632332033371e-01 1.329018510596206293e-01 1.611024458056364850e-01 8.099124336472505320e-03
1.444816053511705789e+01 9.426826229644019858e-04 4.934938236010140145e-01 1.678962130509377149e-01 1.645277351662696730e-01 9.103197392413621067e-03
1.474916387959866348e+01 9.926444190644155390e-04 5.037728839688246918e-01 2.106306300728757741e-01 1.679530245269028332e-01 1.041349553805188261e-02
1.505016722408026908e+01 1.046378642936657841e-03 5.140519443366352581e-01 2.630441522619285655e-01 1.713783138875360212e-01 1.165030619710594878e-02
1.535117056856187467e+01 1.104323990963297034e-03 5.243310047044459354e-01 3.276111512887986410e-01 1.748036032481691815e-01 1.237178930881097268e-02
1.565217391304348027e+01 1.166718116081478813e-03 5.346100650722566128e-01 4.069294905342049073e-01 1.782288926088023695e-01 1.237528600413419048e-02
1.595317725752508409e+01 1.233582348451071594e-03 5.448891254400672901e-01 5.033095396193935089e-01 1.816541819694355298e-01 1.188762309029267779e-02
1.625418060200669146e+01 1.304735426849840639e-03 5.551681858078778564e-01 6.185069958890145880e-01 1.850794713300687178e-01 1.141434582941897903e-02
1.655518394648829528e+01 1.379832369968528359e-03 5.654472461756885338e-01 7.535431428636210072e-01 1.885047606907018780e-01 1.137559322794860078e-02
1.685618729096989910e+01 1.458421080954571064e-03 5.757263065434992111e-01 9.084637932653095715e-01 1.919300500513350660e-01 1.186160166823049464e-02
1.715719063545150647e+01 1.540007418623339907e-03 5.860053669113098884e-01 1.081833381735217703e+00 1.953553394119682263e-01 1.265004495721986505e-02
1.745819397993311028e+01 1.624119549148510342e-03 5.962844272791204547e-01 1.269876747284068630e+00 1.987806287726014143e-01 1.339026484065261591e-02
1.775919732441471766e+01 1.710364219289368590e-03 6.065634876469311321e-01 1.465761667271895830e+00 2.022059181332345745e-01 1.381200978872583127e-02
1.806020066889632147e+01 1.798470548900191288e-03 6.168425480147418094e-01 1.660069736568807297e+00 2.056312074938677625e-01 1.386307703629743870e-02
1.836120401337792885e+01 1.888320147899014622e-03 6.271216083825524867e-01 1.842895044696052143e+00 2.090564968545009228e-01 1.375088581791405681e-02
1.866220735785953266e+01 1.979964940717417014e-03 6.374006687503630531e-01 2.006365476013850735e+00 2.124817862151341108e-01 1.387883428498962006e-02
1.896321070234114003e+01 2.073635423654638602e-03 6.476797291181737304e-01 2.145672616929112930e+00 2.159070755757672710e-01 1.462447982436813031e-02
1.926421404682274385e+01 2.169742044735478454e-03 6.579587894859844077e-01 2.258128946997813635e+00 2.193323649364004591e-01 1.603118843112340958e-02
1.956521739130434767e+01 2.268871321009181038e-03 6.682378498537950851e-01 2.341704629617283651e+00 2.227576542970336471e-01 1.771416797851816521e-02
1.986622073578595504e+01 2.371776849833911929e-03 6.785169102216057624e-01 2.394567066814441425e+00 2.261829436576668073e-01 1.914048003529809916e-02
2.016722408026755886e+01 2.479364214198317897e-03 6.887959705894163287e-01 2.415562962962146898e+00 2.296082330182999953e-01 2.000573602589134775e-02
2.046822742474916623e+01 2.592668365142743094e-03 6.990750309572270060e-01 2.404621912794930871e+00 2.330335223789331556e-01 2.036024602371786993e-02
2.076923076923077005e+01 2.712822430857029024e-03 7.093540913250376834e-01 2.362782843223147911e+00 2.364588117395663436e-01 2.045729773900763562e-02
2.107023411371237742e+01 2.841017753832909224e-03 7.196331516928483607e-01 2.292529428636324695e+00 2.398841011001995038e-01 2.050181414354653245e-02
2.137123745819398124e+01 2.978455869358342771e-03 7.299122120606589270e-01 2.198664205261696925e+00 2.433093904608326918e-01 2.053455261939729840e-02
2.167224080267558861e+01 3.126293821642959440e-03 7.401912724284696043e-01 2.088596945271094185e+00 2.467346798214658521e-01 2.059887037453722591e-02
2.197324414715719243e+01 3.285584684980329215e-03 7.504703327962802817e-01 1.970862244459779644e+00 2.501599691820990401e-01 2.094664093578789063e-02
2.227424749163879625e+01 3.457215721870500035e-03 7.607493931640909590e-01 1.852540424428468668e+00 2.535852585427322281e-01 2.187016766153943026e-02
2.257525083612040362e+01 3.641847656973320503e-03 7.710284535319015253e-01 1.737768811123036716e+00 2.570105479033653606e-01 2.328595870407562662e-02
2.287625418060200744e+01 3.839860253731588319e-03 7.813075138997122027e-01 1.628520304815467057e+00 2.604358372639985486e-01 2.468054662385021567e-02
2.317725752508361481e+01 4.051311481252733993e-03 7.915865742675228800e-01 1.526412667067231554e+00 2.638611266246317366e-01 2.559437443801167514e-02
2.347826086956521863e+01 4.275919288311664894e-03 8.018656346353335573e-01 1.433492486218812756e+00 2.672864159852649246e-01 2.605646741999485816e-02
2.377926421404682600e+01 4.513075290112791502e-03 8.121446950031441236e-01 1.351545189597668672e+00 2.707117053458980571e-01 2.644959175895869943e-02
2.408026755852842982e+01 4.761897532720303812e-03 8.224237553709548010e-01 1.281256021831787439e+00 2.741369947065312451e-01 2.709021694774730107e-02
2.438127090301003363e+01 5.021324468552267051e-03 8.327028157387654783e-01 1.222329867804457848e+00 2.775622840671644331e-01 2.811894834803810306e-02
2.468227424749164101e+01 5.290244763083377239e-03 8.429818761065761556e-01 1.174141630696355687e+00 2.809875734277976211e-01 2.967160075679259323e-02
2.498327759197324482e+01 5.567648927402414974e-03 8.532609364743868330e-01 1.135868134921621975e+00 2.844128627884308091e-01 3.183351202986080958e-02
2.528428093645485220e+01 5.852781126393340715e-03 8.635399968421973993e-01 1.105993680883584407e+00 2.878381521490639416e-01 3.436254862128628601e-02
2.558528428093645601e+01 6.145265130586541162e-03 8.738190572100080766e-01 1.082040058139095873e+00 2.912634415096971296e-01 3.670521668660040732e-02
2.588628762541806339e+01 6.445179041616015854e-03 8.840981175778187540e-01 1.061060331145455171e+00 2.946887308703303177e-01 3.843120799794929460e-02
2.618729096989966720e+01 6.753059769949797987e-03 8.943771779456294313e-01 1.040535164727949935e+00 2.981140202309635057e-01 3.953765940680095681e-02
2.648829431438127102e+01 7.069829432666092754e-03 9.046562383134399976e-01 1.019127810811295776e+00 3.015393095915966382e-01 4.029725711719361891e-02
2.678929765886287839e+01 7.396649619099976945e-03 9.149352986812506749e-01 9.971804320680243139e-01 3.049645989522298262e-01 4.103103334087236653e-02
2.709030100334448221e+01 7.734722734912856563e-03 9.252143590490613523e-01 9.768236653231799904e-01 3.083898883128630142e-01 4.208890017733152994e-02
2.739130434782608958e+01 8.085069269791335389e-03 9.354934194168720296e-01 9.611762445449469894e-01 3.118151776734962022e-01 4.372681952572714942e-02
2.769230769230769340e+01 8.448313625942428795e-03 9.457724797846825959e-01 9.524925552172734955e-01 3.152404670341293347e-01 4.577265739325035721e-02
2.799331103678930077e+01 8.824508415118012886e-03 9.560515401524932733e-01 9.503681422682443980e-01 3.186657563947625227e-01 4.760531323826182326e-02
2.829431438127090459e+01 9.213018901395234397e-03 9.663306005203039506e-01 9.516480995892286909e-01 3.220910457553957107e-01 4.874767879602080051e-02
2.859531772575251196e+01 9.612477891760262336e-03 9.766096608881146279e-01 9.524291251334185970e-01 3.255163351160288987e-01 4.954512530151670979e-02
2.889632107023411578e+01 1.002080979718517235e-02 9.868887212559253053e-01 9.506164465908935046e-01 3.289416244766620867e-01 5.116501850565591952e-02
2.919732441471571960e+01 1.043531345270408243e-02 9.971677816237358716e-01 9.469237295999360926e-01 3.323669138372952192e-01 5.475792147942911553e-02
2.949832775919732697e+01 1.085278824394925699e-02 1.007446841991546549e+00 9.436083945771650550e-01 3.357922031979284072e-01 6.041913064002144701e-02
2.979933110367893079e+01 1.126968744536844570e-02 1.017725902359357004e+00 9.422220363750264394e-01 3.392174925585615952e-01 6.687701160710901593e-02
3.010033444816053816e+01 1.168228548218114803e-02 1.028004962727167682e+00 9.423096814809102106e-01 3.426427819191947832e-01 7.225070910796488333e-02
3.040133779264214198e+01 1.208685030896134924e-02 1.038284023094978359e+00 9.418454315493627327e-01 3.460680712798279157e-01 7.525585500757539514e-02
3.070234113712374935e+01 1.247981625305969594e-02 1.048563083462789036e+00 9.386456002275433974e-01 3.494933606404611037e-01 7.592930506112859079e-02
3.100334448160535317e+01 1.285795486368874335e-02 1.058842143830599714e+00 9.315822644871156744e-01 3.529186500010942917e-01 7.548617996853679291e-02
3.130434782608696054e+01 1.321854069529253446e-02 1.069121204198410391e+00 9.210265173777310022e-01 3.563439393617274797e-01 7.553506610831971224e-02
3.160535117056856436e+01 1.355950569630785460e-02 1.079400264566221068e+00 9.084850024323990469e-01 3.597692287223606122e-01 7.714043285708854780e-02
3.190635451505016817e+01 1.387957109663259282e-02 1.089679324934031746e+00 8.955809771842425659e-01 3.631945180829938002e-01 8.030184170361244489e-02
3.220735785953177555e+01 1.417834121739266692e-02 1.099958385301842201e+00 8.828809780038834321e-01 3.666198074436269883e-01 8.421038671698040379e-02
3.250836120401338292e+01 1.445634154452592537e-02 1.110237445669652878e+00 8.694256300312490637e-01 3.700450968042601763e-01 8.805116932100079397e-02
3.280936454849498318e+01 1.471498546592354961e-02 1.120516506037463556e+00 8.534106781297472466e-01 3.734703861648933088e-01 9.171417323287786583e-02
3.311036789297659055e+01 1.495646110142385445e-02 1.130795566405274233e+00 8.333829226393362211e-01 3.768956755255264968e-01 9.595797909920907032e-02
3.341137123745819792e+01 1.518354111415386176e-02 1.141074626773084910e+00 8.088104145519482424e-01 3.803209648861596848e-01 1.019673111069488852e-01
3.371237458193979819e+01 1.539933223833759961e-02 1.151353687140895588e+00 7.797017840039196512e-01 3.837462542467928728e-01 1.105448739371228256e-01
3.401337792642140556e+01 1.560699427638034993e-02 1.161632747508706265e+00 7.461245809296011000e-01 3.871715436074260608e-01 1.214166461072894998e-01
3.431438127090301293e+01 1.580946689904965188e-02 1.171911807876516942e+00 7.084706637306145138e-01 3.905968329680591933e-01 1.331383502711914468e-01
3.461538461538462030e+01 1.600924379290172284e-02 1.182190868244327620e+00 6.681396508129301415e-01 3.940221223286923813e-01 1.437003819121798476e-01
3.491638795986622057e+01 1.620822630063485995e-02 1.192469928612138075e+00 6.275822381272032624e-01 3.974474116893255693e-01 1.514218166821199585e-01
3.521739130434782794e+01 1.640767375666794120e-02 1.202748988979948752e+00 5.893646568518104978e-01 4.008727010499587573e-01 1.556261002774181057e-01
3.551839464882943531e+01 1.660824851497272325e-02 1.213028049347759429e+00 5.550877429885273662e-01 4.042979904105918898e-01 1.569697640585880072e-01
3.581939799331104268e+01 1.681013488351344037e-02 1.223307109715570107e+00 5.250956708346061763e-01 4.077232797712250778e-01 1.574680411981658201e-01
3.612040133779264295e+01 1.701319757690887904e-02 1.233586170083380784e+00 4.989535610600829285e-01 4.111485691318582658e-01 1.599905793821325695e-01
3.642140468227425032e+01 1.721714029252752187e-02 1.243865230451191461e+00 4.759715622337253871e-01 4.145738584924914538e-01 1.670660710188685838e-01
3.672240802675585769e+01 1.742162965405526925e-02 1.254144290819002139e+00 4.553496280097114601e-01 4.179991478531245863e-01 1.794619769392626074e-01
3.702341137123745796e+01 1.762636243563411170e-02 1.264423351186812816e+00 4.361897983206772800e-01 4.214244372137577743e-01 1.954950739284154193e-01
3.732441471571906533e+01 1.783107092300582550e-02 1.274702411554623271e+00 4.177276721609831101e-01 4.248497265743909623e-01 2.119082131212781106e-01
3.762541806020067270e+01 1.803547774295211070e-02 1.284981471922433949e+00 3.996631085204848666e-01 4.282750159350241503e-01 2.261771107710755235e-01
3.792642140468228007e+01 1.823922316830992388e-02 1.295260532290244626e+00 3.822114259083760901e-01 4.317003052956572828e-01 2.385703059924346170e-01
3.822742474916388034e+01 1.844179206803210971e-02 1.305539592658055303e+00 3.658257447224715353e-01 4.351255946562904708e-01 2.518579558621846237e-01
3.852842809364548771e+01 1.864246387974569097e-02 1.315818653025865981e+00 3.509090036973537274e-01 4.385508840169236588e-01 2.686162209129586698e-01
3.882943143812709508e+01 1.884029903095467418e-02 1.326097713393676658e+00 3.377049296313850979e-01 4.419761733775568469e-01 2.888470763783470008e-01
3.913043478260869534e+01 1.903416248415699605e-02 1.336376773761487335e+00 3.262487903337788486e-01 4.454014627381900349e-01 3.105505543065644747e-01
3.943143812709030271e+01 1.922277339795017831e-02 1.346655834129298013e+00 3.163037897916745611e-01 4.488267520988231674e-01 3.323962571132198507e-01
3.973244147157191009e+01 1.940476254441799928e-02 1.356934894497108690e+00 3.074257471098540972e-01 4.522520414594563554e-01 3.550032069882192998e-01
4.003344481605351746e+01 1.957871791560092042e-02 1.367213954864919145e+00 2.992041760256030081e-01 4.556773308200895434e-01 3.794693990579113274e-01
4.033444816053511772e+01 1.974320388054536315e-02 1.377493015232729823e+00 2.914477395848440455e-01 4.591026201807227314e-01 4.058428598292327938e-01
4.063545150501672509e+01 1.989674865421647842e-02 1.387772075600540500e+00 2.841069777489653170e-01 4.625279095413558639e-01 4.338057484138845288e-01
4.093645484949833246e+01 2.003780598260399698e-02 1.398051135968351177e+00 2.770461552178526965e-01 4.659531989019890519e-01 4.636831610831944617e-01
4.123745819397993273e+01 2.016470684802995628e-02 1.408330196336161855e+00 2.699257087015596301e-01 4.693784882626222399e-01 4.955194605785228079e-01
4.153846153846154010e+01 2.027562316709857412e-02 1.418609256703972532e+00 2.622811294275534388e-01 4.728037776232554279e-01 5.281710245211336252e-01
4.183946488294314747e+01 2.036856641093346895e-02 1.428888317071783209e+00 2.536896343394603459e-01 4.762290669838885604e-01 5.609138895941659930e-01
4.214046822742475484e+01 2.044143952920994545e-02 1.439167377439593887e+00 2.439250997411610278e-01 4.796543563445217484e-01 5.952822292471862120e-01
4.244147157190635511e+01 2.049215129167989563e-02 1.449446437807404342e+00 2.330847358581958628e-01 4.830796457051549364e-01 6.337048557598965459e-01
4.274247491638796248e+01 2.051878977736771095e-02 1.459725498175215019e+00 2.216485365734972290e-01 4.865049350657881244e-01 6.766759587244020047e-01
4.304347826086956985e+01 2.051983837522574142e-02 1.470004558543025697e+00 2.103636225437174878e-01 4.899302244264212569e-01 7.226884965258445481e-01
4.334448160535117722e+01 2.049440571065839004e-02 1.480283618910836374e+00 1.999194111172090393e-01 4.933555137870544449e-01 7.708268616636424486e-01
4.364548494983277749e+01 2.044243277983619558e-02 1.490562679278647051e+00 1.905979033555967872e-01 4.967808031476876329e-01 8.220978796688838131e-01
4.394648829431438486e+01 2.036483831368613578e-02 1.500841739646457729e+00 1.821782098490707380e-01 5.002060925083208209e-01 8.777805643044246375e-01
4.424749163879599223e+01 2.026356826929311822e-02 1.511120800014268406e+00 1.741664319591362808e-01 5.036313818689539534e-01 9.372943488662593969e-01
4.454849498327759250e+01 2.014152736189010057e-02 1.521399860382079083e+00 1.661313837429836127e-01 5.070566712295871969e-01 9.985561979783120767e-01
4.484949832775919987e+01 2.000238815050227673e-02 1.531678920749889761e+00 1.578885828743557262e-01 5.104819605902203294e-01 1.060633981090261413e+00
4.515050167224080724e+01 1.985029333801701171e-02 1.541957981117700216e+00 1.494780212100062511e-01 5.139072499508534619e-01 1.125829189162470767e+00
4.545150501672241461e+01 1.968948568261978671e-02 1.552237041485510893e+00 1.410445135492512658e-01 5.173325393114867055e-01 1.198575041112605266e+00
4.575250836120401488e+01 1.952391331035398594e-02 1.562516101853321571e+00 1.327186281955000102e-01 5.207578286721198380e-01 1.281189747604305706e+00
4.605351170568562225e+01 1.935686342084761216e-02 1.572795162221132248e+00 1.245327490984405872e-01 5.241831180327530815e-01 1.370068263174964773e+00
4.635451505016722962e+01 1.919067341640024252e-02 1.583074222588942925e+00 1.164109209230918401e-01 5.276084073933862140e-01 1.457165302275098995e+00
4.665551839464882988e+01 1.902655647871311431e-02 1.593353282956753603e+00 1.082795193151805530e-01 5.310336967540193465e-01 1.536948550416936454e+00
4.695652173913043725e+01 1.886456134970525625e-02 1.603632343324564280e+00 1.002512413880151249e-01 5.344589861146525900e-01 1.611803211960461502e+00
4.725752508361204463e+01 1.870366708533341416e-02 1.613911403692374957e+00 9.270666670290136913e-02 5.378842754752857225e-01 1.689426973946913657e+00
4.755852842809365200e+01 1.854199614075717137e-02 1.624190464060185413e+00 8.612873012570103348e-02 5.413095648359188550e-01 1.775433054527388865e+00
4.785953177257525226e+01 1.837711563489134725e-02 1.634469524427996090e+00 8.077560244819058377e-02 5.447348541965520985e-01 1.870008950468173836e+00
4.816053511705685963e+01 1.820638815359872445e-02 1.644748584795806767e+00 7.647632179835613109e-02 5.481601435571852310e-01 1.971038105812745966e+00
4.846153846153846700e+01 1.802733013976217519e-02 1.655027645163617445e+00 7.274965418956538810e-02 5.515854329178184745e-01 2.077709805595763903e+00
4.876254180602006727e+01 1.783793743143092386e-02 1.665306705531428122e+00 6.914157879173830901e-02 5.550107222784516070e-01 2.190190300318595629e+00
4.906354515050167464e+01 1.763694334118232412e-02 1.675585765899238799e+00 6.548342225649812776e-02 5.584360116390847395e-01 2.308117280905594537e+00
4.936454849498328201e+01 1.742398422694895962e-02 1.685864826267049477e+00 6.189248814775690638e-02 5.618613009997179830e-01 2.431444168091638325e+00
4.966555183946488938e+01 1.719965989212547328e-02 1.696143886634860154e+00 5.860254352397782640e-02 5.652865903603511155e-01 2.561365776393849991e+00
4.996655518394648965e+01 1.696548991220858324e-02 1.706422947002670831e+00 5.581512966905917417e-02 5.687118797209843590e-01 2.697862959408206418e+00
5.026755852842809702e+01 1.672378006301720663e-02 1.716702007370481287e+00 5.363719891823272995e-02 5.721371690816174915e-01 2.836462842621024993e+00
5.056856187290970439e+01 1.647742313523818322e-02 1.726981067738291964e+00 5.203891116243343495e-02 5.755624584422506240e-01 2.969685164971115121e+00
5.086956521739130466e+01 1.622966372022418419e-02 1.737260128106102641e+00 5.080827032621668821e-02 5.789877478028838675e-01 3.092898545432774871e+00
5.117056856187291203e+01 1.598385634409777226e-02 1.747539188473913319e+00 4.958378410022916405e-02 5.824130371635170000e-01 3.208216741254436233e+00
5.147157190635451940e+01 1.574324140767043717e-02 1.757818248841723996e+00 4.800665344819222968e-02 5.858383265241501325e-01 3.322349074584109552e+00
5.177257525083612677e+01 1.551075582111359139e-02 1.768097309209534673e+00 4.589118455767443594e-02 5.892636158847833761e-01 3.441371573980514409e+00
5.207357859531772704e+01 1.528888756182985968e-02 1.778376369577345351e+00 4.328498011690318226e-02 5.926889052454165085e-01 3.567271842085228517e+00
5.237458193979933441e+01 1.507957768127485970e-02 1.788655429945156028e+00 4.041930944632246558e-02 5.961141946060497521e-01 3.697222842218969241e+00
5.267558528428094178e+01 1.488417029918965781e-02 1.798934490312966483e+00 3.763914875138912181e-02 5.995394839666828846e-01 3.824849816490266896e+00
5.297658862876254204e+01 1.470341011565547487e-02 1.809213550680777161e+00 3.533585815529185353e-02 6.029647733273160171e-01 3.943830929094241267e+00
5.327759197324414941e+01 1.453748619781925801e-02 1.819492611048587838e+00 3.382161228115913854e-02 6.063900626879492606e-01 4.052381524162172788e+00
5.357859531772575679e+01 1.438611846422439139e-02 1.829771671416398515e+00 3.314898239121052276e-02 6.098153520485823931e-01 4.154914780262205731e+00
5.387959866220736416e+01 1.424867854752781895e-02 1.840050731784209193e+00 3.301641579490901396e-02 6.132406414092156366e-01 4.259431335736241664e+00
5.418060200668896442e+01 1.412433024369681538e-02 1.850329792152019870e+00 3.289247589343442107e-02 6.166659307698487691e-01 4.372798574150622564e+00
5.448160535117057179e+01 1.401216864322326477e-02 1.860608852519830547e+00 3.229926730854614653e-02 6.200912201304819016e-01 4.496932253891890774e+00
5.478260869565217916e+01 1.391133401605292204e-02 1.870887912887641225e+00 3.103689992336201159e-02 6.235165094911151451e-01 4.627493642530454920e+00
5.508361204013378654e+01 1.382107882736359830e-02 1.881166973255451902e+00 2.919847555266328124e-02 6.269417988517482776e-01 4.754649334477206502e+00
5.538461538461538680e+01 1.374077462688148843e-02 1.891446033623262357e+00 2.703298606090987280e-02 6.303670882123814101e-01 4.865356903232624930e+00
5.568561872909699417e+01 1.366985869268744561e-02 1.901725093991073035e+00 2.481682683392090125e-02 6.337923775730146536e-01 4.948386819736189324e+00
5.598662207357860154e+01 1.360773512620464323e-02 1.912004154358883712e+00 2.280364190645085831e-02 6.372176669336477861e-01 5.001222917305987892e+00
5.628762541806020181e+01 1.355365755269703418e-02 1.922283214726694389e+00 2.119308371856658268e-02 6.406429562942810296e-01 5.033118610714702790e+00
5.658862876254180918e+01 1.350662693986614572e-02 1.932562275094505067e+00 2.006475731429724005e-02 6.440682456549141621e-01 5.060252460403562580e+00
5.688963210702341655e+01 1.346533605660416889e-02 1.942841335462315744e+00 1.932823832714547496e-02 6.474935350155472946e-01 5.096337026310887808e+00
5.719063545150502392e+01 1.342818177522261264e-02 1.953120395830126421e+00 1.877344290808100405e-02 6.509188243761805381e-01 5.145051288448270199e+00
5.749163879598662419e+01 1.339335017552887447e-02 1.963399456197937099e+00 1.820980306467433196e-02 6.543441137368136706e-01 5.198156347045228998e+00
5.779264214046823156e+01 1.335896141898595263e-02 1.973678516565747776e+00 1.757988084300423151e-02 6.577694030974469142e-01 5.239982661691316324e+00
5.809364548494983893e+01 1.332324643193340263e-02 1.983957576933558231e+00 1.695188676656987983e-02 6.611946924580800466e-01 5.255731096008062764e+00
5.839464882943143920e+01 1.328471962292531068e-02 1.994236637301368908e+00 1.641371543041687461e-02 6.646199818187131791e-01 5.238864629149038166e+00
5.869565217391304657e+01 1.324231327179849378e-02 2.004515697669179808e+00 1.597579525868655925e-02 6.680452711793464227e-01 5.193860719288096561e+00
5.899665551839465394e+01 1.319544939702928417e-02 2.014794758036990707e+00 1.555965375514008382e-02 6.714705605399795552e-01 5.132948745250603295e+00
5.929765886287626131e+01 1.314404090854245574e-02 2.025073818404801163e+00 1.505895532135403427e-02 6.748958499006126877e-01 5.067704008199327426e+00
5.959866220735786158e+01 1.308843116978820366e-02 2.035352878772611618e+00 1.441282893703325907e-02 6.783211392612459312e-01 5.000040385441918644e+00
5.989966555183946895e+01 1.302929495145768203e-02 2.045631939140422517e+00 1.364637149382277002e-02 6.817464286218790637e-01 4.920595265839234678e+00
6.020066889632107632e+01 1.296753050485392744e-02 2.055910999508232972e+00 1.286041724150961164e-02 6.851717179825123072e-01 4.818292199358968908e+00
6.050167224080267658e+01 1.290417057539282666e-02 2.066190059876043872e+00 1.217483850150827794e-02 6.885970073431454397e-01 4.692835226042671337e+00
6.080267558528428395e+01 1.284033052123298609e-02 2.076469120243854327e+00 1.166000224532068655e-02 6.920222967037785722e-01 4.557345599698810368e+00
6.110367892976589133e+01 1.277719727034561277e-02 2.086748180611665227e+00 1.130647905823268899e-02 6.954475860644118157e-01 4.429266604991162204e+00
6.140468227424749870e+01 1.271604777050694586e-02 2.097027240979475682e+00 1.105117475762889059e-02 6.988728754250449482e-01 4.319135634932482759e+00
6.170568561872909896e+01 1.265827401934322381e-02 2.107306301347286137e+00 1.082629345326606256e-02 7.022981647856780807e-01 4.225820001297341477e+00
6.200668896321070633e+01 1.260538686392722978e-02 2.117585361715097036e+00 1.058591962347748584e-02 7.057234541463113242e-01 4.139208009666078603e+00
6.230769230769231370e+01 1.255897398303794724e-02 2.127864422082907492e+00 1.030304423997963244e-02 7.091487435069444567e-01 4.046554055665734673e+00
6.260869565217392108e+01 1.252059827431743246e-02 2.138143482450718391e+00 9.966377474086629551e-03 7.125740328675777002e-01 3.938214326564944745e+00
6.290969899665552134e+01 1.249163888711032032e-02 2.148422542818528846e+00 9.597206648657503197e-03 7.159993222282108327e-01 3.809981118939045341e+00
6.321070234113712871e+01 1.247309466925933426e-02 2.158701603186339746e+00 9.267441662745821290e-03 7.194246115888439652e-01 3.662006150795841020e+00
6.351170568561873608e+01 1.246538459765329961e-02 2.168980663554150201e+00 9.084018791733081133e-03 7.228499009494772087e-01 3.497801049860543188e+00
6.381270903010033635e+01 1.246818799924301856e-02 2.179259723921961101e+00 9.135693938567897299e-03 7.262751903101103412e-01 3.325391468432578268e+00
6.411371237458195083e+01 1.248036649285090734e-02 2.189538784289771556e+00 9.439078254033957116e-03 7.297004796707435847e-01 3.156638746213115354e+00
6.441471571906355109e+01 1.249999898696628128e-02 2.199817844657582011e+00 9.921570218918413994e-03 7.331257690313767172e-01 3.001801107394574064e+00
6.471571906354515136e+01 1.252454232937661761e-02 2.210096905025392910e+00 1.044346239268336557e-02 7.365510583920098497e-01 2.864179522819553902e+00
6.501672240802676583e+01 1.255110681188851066e-02 2.220375965393203366e+00 1.083948937157349669e-02 7.399763477526430933e-01 2.739595902020028895e+00
6.531772575250836610e+01 1.257681238061711566e-02 2.230655025761014265e+00 1.097155064715859760e-02 7.434016371132762258e-01 2.618845801558956410e+00
6.561872909698996637e+01 1.259917299057327321e-02 2.240934086128824720e+00 1.079100377129318597e-02 7.468269264739093583e-01 2.490837412031507547e+00
6.591973244147158084e+01 1.261644714139184206e-02 2.251213146496635620e+00 1.038182258255373157e-02 7.502522158345426018e-01 2.347150314542796767e+00
6.622073578595318111e+01 1.262789461030886830e-02 2.261492206864446075e+00 9.935399447888890179e-03 7.536775051951757343e-01 2.186944326532465510e+00
6.652173913043478137e+01 1.263389290325263835e-02 2.271771267232256974e+00 9.648369000266636061e-03 7.571027945558089778e-01 2.018395919727847154e+00
6.682274247491639585e+01 1.263588978723427687e-02 2.282050327600067430e+00 9.609592228204275055e-03 7.605280839164421103e-01 1.854623720745867566e+00
6.712374581939799612e+01 1.263619627369863031e-02 2.292329387967877885e+00 9.762620102947346459e-03 7.639533732770752428e-01 1.706182287288575905e+00
6.742474916387959638e+01 1.263765220557878932e-02 2.302608448335688784e+00 9.963432023664011219e-03 7.673786626377084863e-01 1.575067665697733155e+00
6.772575250836121086e+01 1.264321865284117469e-02 2.312887508703499240e+00 1.007145038026777475e-02 7.708039519983416188e-01 1.454833384437475008e+00
6.802675585284281112e+01 1.265556323013746626e-02 2.323166569071310139e+00 1.000167025845849142e-02 7.742292413589748623e-01 1.336804886299498341e+00
6.832775919732442560e+01 1.267670394379601627e-02 2.333445629439120594e+00 9.726314415903217908e-03 7.776545307196079948e-01 1.216821430838550100e+00
6.862876254180602587e+01 1.270776468279695773e-02 2.343724689806931494e+00 9.265441265263556908e-03 7.810798200802411273e-01 1.096867290399021311e+00
6.892976588628762613e+01 1.274887398444507665e-02 2.354003750174741949e+00 8.691410786478908149e-03 7.845051094408743708e-01 9.818089420985728344e-01
6.923076923076924061e+01 1.279921296358941737e-02 2.364282810542552848e+00 8.125991712932909700e-03 7.879303988015075033e-01 8.758943224597499633e-01
6.953177257525084087e+01 1.285719350258795329e-02 2.374561870910363304e+00 7.700279993236077564e-03 7.913556881621406358e-01 7.817183817047913541e-01
6.983277591973244114e+01 1.292072836486799978e-02 2.384840931278173759e+00 7.488911334699061874e-03 7.947809775227738793e-01 7.002429824728887420e-01
7.013377926421405562e+01 1.298754355336113192e-02 2.395119991645984658e+00 7.469909663635278946e-03 7.982062668834070118e-01 6.305033972347078297e-01
7.043478260869565588e+01 1.305548081118122240e-02 2.405399052013795114e+00 7.550915267725370576e-03 8.016315562440402553e-01 5.700477493427592579e-01
7.073578595317725615e+01 1.312274390524760005e-02 2.415678112381606013e+00 7.646169474639385490e-03 8.050568456046733878e-01 5.165624156359980290e-01
7.103678929765887062e+01 1.318805453853921610e-02 2.425957172749416468e+00 7.739912432413716646e-03 8.084821349653065203e-01 4.690258405173687861e-01
7.133779264214047089e+01 1.325070029511004992e-02 2.436236233117227368e+00 7.880683747871873243e-03 8.119074243259397639e-01 4.273512008153758091e-01
7.163879598662208537e+01 1.331047568551343464e-02 2.446515293485037823e+00 8.111830054448185973e-03 8.153327136865728963e-01 3.913497017669653744e-01
7.193979933110368563e+01 1.336753572791046091e-02 2.456794353852848278e+00 8.401422261507019568e-03 8.187580030472060288e-01 3.598619213049553678e-01
7.224080267558528590e+01 1.342219694935583262e-02 2.467073414220659178e+00 8.637980163747427040e-03 8.221832924078392724e-01 3.302832518506809145e-01
7.254180602006690037e+01 1.347473051904629106e-02 2.477352474588469633e+00 8.700225237181330798e-03 8.256085817684724049e-01 2.991979751549146416e-01
7.284280936454850064e+01 1.352519412869286619e-02 2.487631534956280532e+00 8.538987470399788185e-03 8.290338711291056484e-01 2.644859486499036016e-01
7.314381270903010090e+01 1.357334203536450686e-02 2.497910595324090988e+00 8.198280326799990345e-03 8.324591604897387809e-01 2.271253864670894629e-01
7.344481605351171538e+01 1.361863698044368798e-02 2.508189655691901887e+00 7.765300960862661292e-03 8.358844498503719134e-01 1.905643065087684607e-01
7.374581939799331565e+01 1.366036612470090603e-02 2.518468716059712342e+00 7.306636602384689039e-03 8.393097392110051569e-01 1.583143851531928215e-01
7.404682274247491591e+01 1.369783998454564972e-02 2.528747776427523242e+00 6.848678452224527327e-03 8.427350285716382894e-01 1.321359872561597426e-01
7.434782608695653039e+01 1.373063363177816874e-02 2.539026836795333697e+00 6.404076274183805734e-03 8.461603179322715329e-01 1.118185252573993399e-01
7.464882943143813065e+01 1.375881764028797499e-02 2.549305897163144152e+00 6.000095036977997481e-03 8.495856072929046654e-01 9.604373821167214165e-02
7.494983277591973092e+01 1.378312531473162121e-02 2.559584957530955052e+00 5.671911191097083436e-03 8.530108966535377979e-01 8.358678930214956393e-02
7.525083612040134540e+01 1.380501318591670010e-02 2.569864017898765507e+00 5.427402840235978458e-03 8.564361860141710414e-01 7.395536586716050520e-02
7.555183946488294566e+01 1.382659173921703399e-02 2.580143078266576406e+00 5.222070776212780346e-03 8.598614753748041739e-01 6.687431967331856908e-02
7.585284280936456014e+01 1.385042897632933652e-02 2.590422138634386862e+00 4.974043156383182486e-03 8.632867647354373064e-01 6.140405369058885704e-02
7.615384615384616041e+01 1.387925559443992443e-02 2.600701199002197761e+00 4.611786768329437930e-03 8.667120540960705499e-01 5.603509800036827332e-02
7.645484949832776067e+01 1.391562194522466545e-02 2.610980259370008216e+00 4.117581302800029340e-03 8.701373434567036824e-01 4.971345059383117104e-02
7.675585284280937515e+01 1.396156890094410810e-02 2.621259319737819116e+00 3.534811164145727075e-03 8.735626328173369259e-01 4.248920103563814249e-02
7.705685618729097541e+01 1.401837435906580845e-02 2.631538380105629571e+00 2.940120779254658256e-03 8.769879221779700584e-01 3.513340343588255976e-02
7.735785953177257568e+01 1.408642378261047712e-02 2.641817440473440026e+00 2.407990367426238350e-03 8.804132115386031909e-01 2.842306678966648181e-02
7.765886287625419016e+01 1.416522904195333978e-02 2.652096500841250926e+00 1.990933634577748707e-03 8.838385008992364344e-01 2.287382040666114530e-02
7.795986622073579042e+01 1.425358958272779711e-02 2.662375561209061381e+00 1.716301618404394254e-03 8.872637902598695669e-01 1.876444608101172223e-02
7.826086956521739069e+01 1.434986003826566395e-02 2.672654621576872280e+00 1.587955476406204686e-03 8.906890796205028105e-01 1.603666728842620404e-02
7.856187290969900516e+01 1.445226568938164438e-02 2.682933681944682736e+00 1.585124694715174748e-03 8.941143689811359430e-01 1.422341034609265510e-02
7.886287625418060543e+01 1.455919727324674236e-02 2.693212742312493635e+00 1.661367718795481651e-03 8.975396583417690755e-01 1.268028220842766333e-02
7.916387959866221991e+01 1.466942242391825781e-02 2.703491802680304090e+00 1.752696781865775233e-03 9.009649477024023190e-01 1.095536083323426883e-02
7.946488294314382017e+01 1.478217164666346083e-02 2.713770863048114990e+00 1.798525057068209570e-03 9.043902370630354515e-01 8.992592802759097684e-03
7.976588628762542044e+01 1.489708758909421074e-02 2.724049923415925445e+00 1.765257596414564114e-03 9.078155264236685840e-01 7.050905072946863500e-03
8.006688963210703491e+01 1.501406008761429177e-02 2.734328983783735900e+00 1.655660567681894102e-03 9.112408157843018275e-01 5.418777607318913531e-03
8.036789297658863518e+01 1.513299764293150017e-02 2.744608044151546800e+00 1.497640593482599822e-03 9.146661051449349600e-01 4.186737830955929336e-03
8.066889632107023544e+01 1.525360136380618167e-02 2.754887104519357255e+00 1.323435750118946751e-03 9.180913945055682035e-01 3.276344329718949237e-03
8.096989966555184992e+01 1.537520585963260064e-02 2.765166164887168154e+00 1.155783897562251590e-03 9.215166838662013360e-01 2.603092521299901242e-03
8.127090301003345019e+01 1.549673320295950549e-02 2.775445225254978610e+00 1.006462004239195218e-03 9.249419732268344685e-01 2.145856101480670894e-03
8.157190635451505045e+01 1.561677545822365634e-02 2.785724285622789509e+00 8.795225631293610534e-04 9.283672625874677120e-01 1.894790199253714369e-03
8.187290969899666493e+01 1.573378623505806637e-02 2.796003345990599964e+00 7.726655832567310691e-04 9.317925519481008445e-01 1.787271237871576601e-03
8.217391304347826519e+01 1.584633145063657836e-02 2.806282406358410864e+00 6.799233154275885916e-04 9.352178413087340880e-01 1.705354958645072900e-03
8.247491638795986546e+01 1.595333208049541304e-02 2.816561466726221319e+00 5.986821111047995261e-04 9.386431306693672205e-01 1.535175361010165723e-03
8.277591973244147994e+01 1.605423200314874330e-02 2.826840527094031774e+00 5.340874166184726149e-04 9.420684200300003530e-01 1.238829942236611102e-03
8.307692307692308020e+01 1.614904235922147435e-02 2.837119587461842674e+00 4.934392085205034119e-04 9.454937093906335965e-01 8.760509658171588502e-04
8.337792642140469468e+01 1.623824563565558557e-02 2.847398647829653129e+00 4.765691885553635264e-04 9.489189987512667290e-01 5.554133380395411728e-04
8.367892976588629494e+01 1.632257975509271430e-02 2.857677708197464028e+00 4.749409687654336260e-04 9.523442881118998615e-01 3.564638373528523723e-04
8.397993311036789521e+01 1.640275502758934897e-02 2.867956768565274484e+00 4.803111273661859874e-04 9.557695774725331050e-01 2.828606505509296534e-04
8.428093645484950969e+01 1.647917613667031558e-02 2.878235828933085383e+00 4.902070936765718073e-04 9.591948668331662375e-01 2.742967331888276753e-04
8.458193979933110995e+01 1.655174199793933709e-02 2.888514889300895838e+00 5.025590624732327203e-04 9.626201561937994811e-01 2.599154753156065296e-04
8.488294314381271022e+01 1.661977787108890117e-02 2.898793949668706293e+00 5.082415905922047948e-04 9.660454455544326136e-01 2.081184191742211059e-04
8.518394648829432469e+01 1.668212118522462845e-02 2.909073010036517193e+00 4.940212963302589204e-04 9.694707349150657461e-01 1.340429801868507544e-04
8.548494983277592496e+01 1.673734375592835638e-02 2.919352070404327648e+00 4.542227653397817324e-04 9.728960242756989896e-01 6.852708879452407760e-05
8.578595317725752523e+01 1.678405865667382396e-02 2.929631130772138548e+00 3.974650588827851531e-04 9.763213136363321221e-01 2.786213696970168906e-05
8.608695652173913970e+01 1.682123899099988856e-02 2.939910191139949003e+00 3.405718772856948431e-04 9.797466029969652546e-01 9.869380988712532553e-06
8.638795986622073997e+01 1.684847353321863167e-02 2.950189251507759902e+00 2.960736549316667294e-04 9.831718923575984981e-01 6.840812435042034971e-06
8.668896321070235444e+01 1.686610085822057639e-02 2.960468311875570357e+00 2.650065786312038544e-04 9.865971817182316306e-01 1.668229764799403464e-05
8.698996655518395471e+01 1.687519426091660737e-02 2.970747372243381257e+00 2.396222878603690497e-04 9.900224710788648741e-01 4.519784130948840527e-05
8.729096989966555498e+01 1.687740599086107532e-02 2.981026432611191712e+00 2.112676633372038320e-04 9.934477604394980066e-01 9.903542098922488840e-05
8.759197324414716945e+01 1.687471154628928521e-02 2.991305492979002167e+00 1.761552078813559787e-04 9.968730498001311391e-01 1.715850368788963715e-04
8.789297658862876972e+01 1.686911506673120439e-02 3.001584553346813067e+00 1.360607914187385900e-04 1.000298339160764272e+00 2.347588452149581130e-04
8.819397993311036998e+01 1.686238101428867708e-02 3.011863613714623522e+00 9.586624331310064477e-05 1.003723628521397515e+00 2.536216838013984152e-04
8.849498327759198446e+01 1.685584565270235868e-02 3.022142674082434421e+00 6.074094553302901396e-05 1.007148917882030537e+00 2.163569563857870937e-04
8.879598662207358473e+01 1.685033862271862262e-02 3.032421734450244877e+00 3.412341828681647767e-05 1.010574207242663780e+00 1.457388399301049256e-04
8.909698996655518499e+01 1.684621686006827421e-02 3.042700794818055776e+00 1.677991939097908569e-05 1.013999496603297024e+00 7.751749152769347572e-05
8.939799331103679947e+01 1.684348724596531482e-02 3.052979855185866231e+00 7.146757283939621341e-06 1.017424785963930045e+00 3.255697677118379077e-05
8.969899665551839973e+01 1.684197632074952919e-02 3.063258915553677131e+00 2.615598347526185795e-06 1.020850075324563289e+00 1.079713137777862247e-05
9.000000000000000000e+01 1.684149823905943533e-02 3.073537975921487586e+00 8.180111813077383458e-07 1.024275364685196532e+00 2.827435190507556317e-06
