0.000000000000000000e+00 1.091416064414545462e-05 3.866328495891662165e-01 4.193548082565216077e-06 8.157797718966696126e-05 3.872576396736250186e-05
3.010033444816053727e-01 1.078331590533500423e-05 3.921921518147242214e-01 1.945284588761520472e-05 1.830818771345063892e-03 8.056008248870181055e-05
6.020066889632107454e-01 1.326743539296115610e-05 3.977514540402822818e-01 7.083845855798401238e-05 3.580059565500461147e-03 2.153027232494160654e-04
9.030100334448161181e-01 2.272931801683156648e-05 4.033107562658403422e-01 2.050589777835291796e-04 5.329300359655858403e-03 4.486283908442673931e-04
1.204013377926421491e+00 3.284596510941894485e-05 4.088700584913983471e-01 4.801310264414125509e-04 7.078541153811255225e-03 7.016775174989305867e-04
1.505016722408026864e+00 3.124912230932568404e-05 4.144293607169563520e-01 9.298792122560051903e-04 8.827781947966652915e-03 8.220769256125437865e-04
1.806020066889632236e+00 2.092908238691342204e-05 4.199886629425144124e-01 1.528789875688728794e-03 1.057702274212204974e-02 7.213808228081072197e-04
2.107023411371237387e+00 1.342592304212161276e-05 4.255479651680724729e-01 2.195701175788851781e-03 1.232626353627744656e-02 4.741235200215086158e-04
2.408026755852842982e+00 1.228917015641585396e-05 4.311072673936304778e-01 2.859429445952860714e-03 1.407550433043284338e-02 2.333958074396426103e-04
2.709030100334448576e+00 1.625450790520564960e-05 4.366665696191884827e-01 3.581430429179457628e-03 1.582474512458824020e-02 8.605363850215498145e-05
3.010033444816053727e+00 2.326163040730935513e-05 4.422258718447465431e-01 4.649516658252583756e-03 1.757398591874363702e-02 2.376403308734708285e-05
3.311036789297658878e+00 3.303427560873814544e-05 4.477851740703046035e-01 6.500292544069087922e-03 1.932322671289903385e-02 4.915371027962084183e-06
3.612040133779264472e+00 4.197394256022702512e-05 4.533444762958626084e-01 9.467083084913782004e-03 2.107246750705443067e-02 7.637578928368345987e-07
3.913043478260870067e+00 4.076662573366409114e-05 4.589037785214206133e-01 1.351320965243892405e-02 2.282170830120982749e-02 1.208251224020510350e-07
4.214046822742474774e+00 3.026932081940169209e-05 4.644630807469786737e-01 1.816246761194406298e-02 2.457094909536522431e-02 3.511037956510764436e-07
4.515050167224080369e+00 1.898626350086036351e-05 4.700223829725367342e-01 2.288272607982107590e-02 2.632018988952062113e-02 2.722956563145035862e-06
4.816053511705685963e+00 1.161262880839717195e-05 4.755816851980947391e-01 2.771980533776536790e-02 2.806943068367601796e-02 1.619206060065631221e-05
5.117056856187291558e+00 1.260905970691100792e-05 4.811409874236527440e-01 3.326197730431691701e-02 2.981867147783141478e-02 7.239922234233645969e-05
5.418060200668897153e+00 2.091669128674160269e-05 4.867002896492108044e-01 3.979741213812772183e-02 3.156791227198681854e-02 2.444321339610806116e-04
5.719063545150501859e+00 2.548181855314254334e-05 4.922595918747688648e-01 4.701095957582505230e-02 3.331715306614221189e-02 6.288770898059369008e-04
6.020066889632107454e+00 1.895913803536115229e-05 4.978188941003268697e-01 5.473359393272564377e-02 3.506639386029761218e-02 1.255628774487119138e-03
6.321070234113713049e+00 8.337618730115384081e-06 5.033781963258848746e-01 6.340787233142718138e-02 3.681563465445300554e-02 2.008630247184068317e-03
6.622073578595317755e+00 2.135393127036170927e-06 5.089374985514429905e-01 7.362158150570652371e-02 3.856487544860840583e-02 2.689597382404909989e-03
6.923076923076923350e+00 3.153329639526167226e-07 5.144968007770009955e-01 8.567677487953258286e-02 4.031411624276379918e-02 3.125621344315524745e-03
7.224080267558528945e+00 2.723470565106021558e-08 5.200561030025590004e-01 9.966986553432165274e-02 4.206335703691919947e-02 3.154868468442870340e-03
7.525083612040134540e+00 1.314231918866220129e-08 5.256154052281170053e-01 1.156298749137037729e-01 4.381259783107459282e-02 2.669787977715172567e-03
7.826086956521740134e+00 1.382919280420259453e-07 5.311747074536750102e-01 1.334585228112558641e-01 4.556183862522999312e-02 1.812743430151622561e-03
8.127090301003345729e+00 9.214461102138200803e-07 5.367340096792331261e-01 1.526563377867948823e-01 4.731107941938538647e-02 9.560613210161586625e-04
8.428093645484949548e+00 3.576960700624516089e-06 5.422933119047911310e-01 1.723391902162685341e-01 4.906032021354078676e-02 3.847437112447123220e-04
8.729096989966555142e+00 8.317450476379545209e-06 5.478526141303491359e-01 1.923805626191686657e-01 5.080956100769618011e-02 1.191719875056674764e-04
9.030100334448160737e+00 1.195796731976629063e-05 5.534119163559072518e-01 2.147193640937322401e-01 5.255880180185158040e-02 3.985639222569044299e-05
9.331103678929766332e+00 1.084587389338816201e-05 5.589712185814652567e-01 2.423679210568187581e-01 5.430804259600697376e-02 5.815627313647141785e-05
9.632107023411371927e+00 6.213939971561400059e-06 5.645305208070232617e-01 2.763164558674902072e-01 5.605728339016237405e-02 1.635075077192854425e-04
9.933110367892977521e+00 2.546874480781037950e-06 5.700898230325812666e-01 3.140134930629025489e-01 5.780652418431777434e-02 3.710308328352581180e-04
1.023411371237458312e+01 2.334507058509611688e-06 5.756491252581392715e-01 3.515811514655642345e-01 5.955576497847316769e-02 6.326854010997317885e-04
1.053511705685618871e+01 5.208413988827083942e-06 5.812084274836973874e-01 3.873059659555936896e-01 6.130500577262856798e-02 8.081664813514191463e-04
1.083612040133779431e+01 9.271214609303494669e-06 5.867677297092553923e-01 4.227288541756284435e-01 6.305424656678396134e-02 7.731985951206201075e-04
1.113712374581939812e+01 1.402362548571687690e-05 5.923270319348133972e-01 4.611304116561896205e-01 6.480348736093935469e-02 5.540592260027629203e-04
1.143812709030100372e+01 1.964314647756949917e-05 5.978863341603715131e-01 5.057466045886185313e-01 6.655272815509474804e-02 2.973727547663623230e-04
1.173913043478260931e+01 2.123422937315449336e-05 6.034456363859295180e-01 5.583345963486109342e-01 6.830196894925014139e-02 1.195864163230837851e-04
1.204013377926421491e+01 1.682463702912365177e-05 6.090049386114875229e-01 6.176477493062689783e-01 7.005120974340554862e-02 3.643223729345270904e-05
1.234113712374582050e+01 1.284708038983062349e-05 6.145642408370455279e-01 6.792626390569311834e-01 7.180045053756094198e-02 1.119038904824162008e-05
1.264214046822742610e+01 1.315778132948243267e-05 6.201235430626035328e-01 7.377577292824823996e-01 7.354969133171633533e-02 1.742764016267453936e-05
1.294314381270903169e+01 1.656446325076295801e-05 6.256828452881616487e-01 7.898843135633905055e-01 7.529893212587172868e-02 6.301519261101691755e-05
1.324414715719063551e+01 1.949275306261128858e-05 6.312421475137196536e-01 8.374039687778117580e-01 7.704817292002713591e-02 1.844449906774144228e-04
1.354515050167224111e+01 2.095703473970896591e-05 6.368014497392776585e-01 8.879616493610325012e-01 7.879741371418252927e-02 4.069091303254078040e-04
1.384615384615384670e+01 2.621526012109074607e-05 6.423607519648357744e-01 9.514518401215049659e-01 8.054665450833792262e-02 6.802175275223940358e-04
1.414715719063545230e+01 3.734874884731251049e-05 6.479200541903937793e-01 1.033069883342234485e+00 8.229589530249331597e-02 8.817618197338325742e-04
1.444816053511705789e+01 4.901975690914798828e-05 6.534793564159517842e-01 1.129855713861627420e+00 8.404513609664872320e-02 9.420319693374995572e-04
1.474916387959866348e+01 5.807583548858008933e-05 6.590386586415097891e-01 1.235286601395583217e+00 8.579437689080411655e-02 9.313124495770329402e-04
1.505016722408026908e+01 6.874800954057816611e-05 6.645979608670677941e-01 1.346012199819382582e+00 8.754361768495950991e-02 9.392377908637705155e-04
1.535117056856187467e+01 9.176833801767848311e-05 6.701572630926259100e-01 1.461491027206878179e+00 8.929285847911491714e-02 9.222805049761693182e-04
1.565217391304348027e+01 1.377028165482072953e-04 6.757165653181839149e-01 1.578780674710288601e+00 9.104209927327031049e-02 7.780784776263398187e-04
1.595317725752508409e+01 2.026660194504906708e-04 6.812758675437419198e-01 1.692579081360617632e+00 9.279134006742570384e-02 5.186305144189109649e-04
1.625418060200669146e+01 2.710037211050207685e-04 6.868351697693000357e-01 1.801041446886616493e+00 9.454058086158109719e-02 2.639944883099801048e-04
1.655518394648829528e+01 3.306127822702395642e-04 6.923944719948580406e-01 1.907782864642082021e+00 9.628982165573650442e-02 1.039734210924578073e-04
1.685618729096989910e+01 3.969054444692192646e-04 6.979537742204160455e-01 2.017220064526502377e+00 9.803906244989189778e-02 4.828436338703718389e-05
1.715719063545150647e+01 5.153750310069530726e-04 7.035130764459740504e-01 2.131506868036713520e+00 9.978830324404729113e-02 1.000018610382434923e-04
1.745819397993311028e+01 6.893117118398235914e-04 7.090723786715320553e-01 2.252270950442697206e+00 1.015375440382026845e-01 3.466982989578403017e-04
1.775919732441471766e+01 8.938603167539063178e-04 7.146316808970901713e-01 2.379298464129202095e+00 1.032867848323580917e-01 9.686080388948995964e-04
1.806020066889632147e+01 1.156770736868953332e-03 7.201909831226481762e-01 2.505751406990578189e+00 1.050360256265134851e-01 2.070722948606032801e-03
1.836120401337792885e+01 1.465705119898382761e-03 7.257502853482061811e-01 2.621939160151816051e+00 1.067852664206688784e-01 3.400898528465777938e-03
1.866220735785953266e+01 1.743301080132618258e-03 7.313095875737642970e-01 2.726446473466205944e+00 1.085345072148242718e-01 4.330134381629306521e-03
1.896321070234114003e+01 2.041895948828829476e-03 7.368688897993223019e-01 2.826146323435848373e+00 1.102837480089796790e-01 4.325357407285899611e-03
1.926421404682274385e+01 2.555254929642500859e-03 7.424281920248803068e-01 2.923468485114454118e+00 1.120329888031350724e-01 3.435444476018734584e-03
1.956521739130434767e+01 3.325357814641524950e-03 7.479874942504383117e-01 3.012590629312668522e+00 1.137822295972904657e-01 2.195168527921311213e-03
1.986622073578595504e+01 4.101398035343286480e-03 7.535467964759963166e-01 3.091740648588332085e+00 1.155314703914458729e-01 1.134868887988995734e-03
2.016722408026755886e+01 4.708253533657958886e-03 7.591060987015544326e-01 3.170886891980182476e+00 1.172807111856012663e-01 4.732692852703534667e-04
2.046822742474916623e+01 5.303535727032607575e-03 7.646654009271124375e-01 3.259997594966929313e+00 1.190299519797566596e-01 1.575596209155437398e-04
2.076923076923077005e+01 6.156246401291981182e-03 7.702247031526704424e-01 3.352666519856905669e+00 1.207791927739120530e-01 4.155540032503299497e-05
2.107023411371237742e+01 7.424774914870276195e-03 7.757840053782285583e-01 3.427457041967001850e+00 1.225284335680674602e-01 1.069789926099975379e-05
2.137123745819398124e+01 9.177970436679254093e-03 7.813433076037865632e-01 3.465223870385222948e+00 1.242776743622228536e-01 1.530233769335004933e-05
2.167224080267558861e+01 1.138490491958586009e-02 7.869026098293445681e-01 3.463283105159148612e+00 1.260269151563782608e-01 6.383641531769499269e-05
2.197324414715719243e+01 1.368013125646276237e-02 7.924619120549025730e-01 3.438282020255033267e+00 1.277761559505336542e-01 2.171066153564525929e-04
2.227424749163879625e+01 1.568310593938124914e-02 7.980212142804605779e-01 3.420153285839020452e+00 1.295253967446890475e-01 5.543193105711164076e-04
2.257525083612040362e+01 1.752682226849973726e-02 8.035805165060186939e-01 3.436018394846194646e+00 1.312746375388444409e-01 1.060103508229692446e-03
2.287625418060200744e+01 1.956294542912069556e-02 8.091398187315766988e-01 3.490632718642359134e+00 1.330238783329998342e-01 1.518489812314565693e-03
2.317725752508361481e+01 2.193341351723324117e-02 8.146991209571347037e-01 3.563495063537266194e+00 1.347731191271552276e-01 1.629109062673966390e-03
2.347826086956521863e+01 2.449813764426786444e-02 8.202584231826928196e-01 3.629864705972347227e+00 1.365223599213106209e-01 1.309071432874128011e-03
2.377926421404682600e+01 2.716806174747269167e-02 8.258177254082508245e-01 3.682636418584540383e+00 1.382716007154660143e-01 7.878757294208098326e-04
2.408026755852842982e+01 3.042645462482555102e-02 8.313770276338088294e-01 3.727957992569137513e+00 1.400208415096214354e-01 3.552911842135166574e-04
2.438127090301003363e+01 3.477741548198239746e-02 8.369363298593668343e-01 3.761828940625105311e+00 1.417700823037768287e-01 1.210491838458327895e-04
2.468227424749164101e+01 3.986431360408969338e-02 8.424956320849248392e-01 3.761908580952354253e+00 1.435193230979322221e-01 3.726411244073281879e-05
2.498327759197324482e+01 4.509060560114602073e-02 8.480549343104829552e-01 3.707655465962879759e+00 1.452685638920876154e-01 3.738211797641552463e-05
2.528428093645485220e+01 5.037572971957581663e-02 8.536142365360409601e-01 3.602609181811969652e+00 1.470178046862430088e-01 1.088194233483785593e-04
2.558528428093645601e+01 5.592287603858962786e-02 8.591735387615989650e-01 3.471177171133142725e+00 1.487670454803984021e-01 2.762319994879972409e-04
2.588628762541806339e+01 6.153445366609914396e-02 8.647328409871570809e-01 3.337322226407965164e+00 1.505162862745537955e-01 5.288338918076714761e-04
2.618729096989966720e+01 6.661298685923434937e-02 8.702921432127150858e-01 3.212248262993746994e+00 1.522655270687092166e-01 7.585971177388933567e-04
2.648829431438127102e+01 7.115739789433662976e-02 8.758514454382730907e-01 3.099064124787314967e+00 1.540147678628646100e-01 8.157496275717602370e-04
2.678929765886287839e+01 7.579166010609593440e-02 8.814107476638310956e-01 2.999258903499826268e+00 1.557640086570200033e-01 6.615670117732612432e-04
2.709030100334448221e+01 8.065600782661069834e-02 8.869700498893891005e-01 2.910732666139774771e+00 1.575132494511753967e-01 4.242626111974541502e-04
2.739130434782608958e+01 8.544291235336200219e-02 8.925293521149472165e-01 2.824108418891603467e+00 1.592624902453307900e-01 2.879885630783556244e-04
2.769230769230769340e+01 9.010006782691015736e-02 8.980886543405052214e-01 2.726749300151579014e+00 1.610117310394861834e-01 3.797088034907619117e-04
2.799331103678930077e+01 9.417703307859508211e-02 9.036479565660632263e-01 2.612536409467732579e+00 1.627609718336415767e-01 7.451378329529710198e-04
2.829431438127090459e+01 9.692116528634492356e-02 9.092072587916213422e-01 2.486524052292647724e+00 1.645102126277969701e-01 1.326905649615615392e-03
2.859531772575251196e+01 9.859446382043889068e-02 9.147665610171793471e-01 2.359460642408808706e+00 1.662594534219523912e-01 1.921159447806327801e-03
2.889632107023411578e+01 9.971598392690882162e-02 9.203258632427373520e-01 2.239447263072440020e+00 1.680086942161077845e-01 2.227146446052328914e-03
2.919732441471571960e+01 9.971921711911925501e-02 9.258851654682953569e-01 2.128923002190333147e+00 1.697579350102631779e-01 2.047136521991548691e-03
2.949832775919732697e+01 9.843670342292763775e-02 9.314444676938533618e-01 2.026920817356868465e+00 1.715071758044185712e-01 1.473356138772476684e-03
2.979933110367893079e+01 9.733214706449971887e-02 9.370037699194114778e-01 1.931364838922309701e+00 1.732564165985739646e-01 8.198592693826783125e-04
3.010033444816053816e+01 9.695988044182234089e-02 9.425630721449694827e-01 1.837844707051501159e+00 1.750056573927293579e-01 3.490584877780404703e-04
3.040133779264214198e+01 9.571474986285007092e-02 9.481223743705274876e-01 1.738910870173953072e+00 1.767548981868847513e-01 1.128418418236050999e-04
3.070234113712374935e+01 9.283985116506554558e-02 9.536816765960856035e-01 1.629960804764585269e+00 1.785041389810401724e-01 2.755628470099916674e-05
3.100334448160535317e+01 8.957594901813521748e-02 9.592409788216436084e-01 1.516338541985998711e+00 1.802533797751955658e-01 5.066580234042341475e-06
3.130434782608696054e+01 8.698315167952143379e-02 9.648002810472016133e-01 1.410222260797272531e+00 1.820026205693509591e-01 6.999717793783807168e-07
3.160535117056856436e+01 8.489084266868909823e-02 9.703595832727596182e-01 1.318778241510382809e+00 1.837518613635063525e-01 7.327280058954971417e-08
3.190635451505016817e+01 8.270303928078841238e-02 9.759188854983176231e-01 1.237656677273350381e+00 1.855011021576617458e-01 1.623845289722281719e-08
3.220735785953177555e+01 8.020188223778734748e-02 9.814781877238757390e-01 1.157045863477938807e+00 1.872503429518171392e-01 1.188014707984774623e-07
3.250836120401338292e+01 7.698187745037762819e-02 9.870374899494337440e-01 1.071762521694606729e+00 1.889995837459725325e-01 9.957124328813865337e-07
3.280936454849498318e+01 7.243391314500220723e-02 9.925967921749917489e-01 9.840534756152883311e-01 1.907488245401279259e-01 6.305805684851803983e-06
3.311036789297659055e+01 6.678749234462773299e-02 9.981560944005498648e-01 8.990148820518273354e-01 1.924980653342833470e-01 3.020273409979200188e-05
3.341137123745819792e+01 6.070900466144066310e-02 1.003715396626107870e+00 8.202483572410323998e-01 1.942473061284387403e-01 1.100448144874620321e-04
3.371237458193979819e+01 5.481069040843308815e-02 1.009274698851665875e+00 7.495988923594518738e-01 1.959965469225941337e-01 3.077966082063605382e-04
3.401337792642140556e+01 4.967516272890370316e-02 1.014834001077223880e+00 6.882420201481069810e-01 1.977457877167495270e-01 6.700873902854414263e-04
3.431438127090301293e+01 4.551320105318067133e-02 1.020393303302781884e+00 6.357864811104956271e-01 1.994950285109049204e-01 1.158098911452712550e-03
3.461538461538462030e+01 4.224552529703319570e-02 1.025952605528340111e+00 5.890961586633352010e-01 2.012442693050603137e-01 1.629436253856635965e-03
3.491638795986622057e+01 3.964577272210989545e-02 1.031511907753897894e+00 5.444998710675048592e-01 2.029935100992157071e-01 1.916580582243319507e-03
3.521739130434782794e+01 3.727684965073366219e-02 1.037071209979456121e+00 5.012212140178387010e-01 2.047427508933711282e-01 1.926577720508333615e-03
3.551839464882943531e+01 3.468014979145053051e-02 1.042630512205014126e+00 4.609000907648899137e-01 2.064919916875265216e-01 1.692611386517648298e-03
3.581939799331104268e+01 3.178470989122181289e-02 1.048189814430572131e+00 4.241745023737842901e-01 2.082412324816819149e-01 1.381207674529646946e-03
3.612040133779264295e+01 2.883580901230070256e-02 1.053749116656130136e+00 3.892439479146200254e-01 2.099904732758373083e-01 1.228643355799529128e-03
3.642140468227425032e+01 2.608875963031594483e-02 1.059308418881688141e+00 3.536314386034427049e-01 2.117397140699927016e-01 1.413591978524747408e-03
3.672240802675585769e+01 2.370905634810871812e-02 1.064867721107246146e+00 3.164300606111549174e-01 2.134889548641480950e-01 1.990039129384628749e-03
3.702341137123745796e+01 2.166440791122762818e-02 1.070427023332804151e+00 2.787999497567854590e-01 2.152381956583034883e-01 2.887728041797559334e-03
3.732441471571906533e+01 1.986013698967893301e-02 1.075986325558362378e+00 2.431548732470035223e-01 2.169874364524588817e-01 3.868123768135508112e-03
3.762541806020067270e+01 1.827997369446415429e-02 1.081545627783920160e+00 2.121415658852698893e-01 2.187366772466143028e-01 4.586607642165202448e-03
3.792642140468228007e+01 1.680695931392257869e-02 1.087104930009478387e+00 1.873830562057187121e-01 2.204859180407696961e-01 4.882414431823743281e-03
3.822742474916388034e+01 1.526456170715704760e-02 1.092664232235036392e+00 1.685971005838532988e-01 2.222351588349250895e-01 4.861763076572816512e-03
3.852842809364548771e+01 1.375120074657046505e-02 1.098223534460594397e+00 1.539555437421242234e-01 2.239843996290804828e-01 4.561615349574867084e-03
3.882943143812709508e+01 1.249935791678125768e-02 1.103782836686152402e+00 1.409443661591393282e-01 2.257336404232358762e-01 3.842217256948034666e-03
3.913043478260869534e+01 1.146431693716130386e-02 1.109342138911710407e+00 1.273371868358366965e-01 2.274828812173912695e-01 2.800167136893162278e-03
3.943143812709030271e+01 1.050909563187998018e-02 1.114901441137268634e+00 1.125316383893636835e-01 2.292321220115466629e-01 1.973935246867290945e-03
3.973244147157191009e+01 9.651336833377419100e-03 1.120460743362826417e+00 9.796321450449442525e-02 2.309813628057020840e-01 1.941429007291016039e-03
4.003344481605351746e+01 8.897036440378100833e-03 1.126020045588384644e+00 8.549391086975967335e-02 2.327306035998574774e-01 2.845332943582864083e-03
4.033444816053511772e+01 8.125546477719200120e-03 1.131579347813942649e+00 7.536731278600798667e-02 2.344798443940128707e-01 4.318272083574277442e-03
4.063545150501672509e+01 7.275765211810399959e-03 1.137138650039500654e+00 6.619005057824382809e-02 2.362290851881682641e-01 5.749957093875866267e-03
4.093645484949833246e+01 6.365659986745851769e-03 1.142697952265058658e+00 5.681130374654310561e-02 2.379783259823236574e-01 6.680026736266838662e-03
4.123745819397993273e+01 5.458271459753170213e-03 1.148257254490616663e+00 4.754675404533995065e-02 2.397275667764790508e-01 7.134358585440647715e-03
4.153846153846154010e+01 4.701512047506679719e-03 1.153816556716174668e+00 3.948651493825272585e-02 2.414768075706344441e-01 7.666611297493608132e-03
4.183946488294314747e+01 4.132440732268192508e-03 1.159375858941732673e+00 3.328590432369463170e-02 2.432260483647898375e-01 8.954699903733447444e-03
4.214046822742475484e+01 3.705513786623012944e-03 1.164935161167290900e+00 2.887290991100068677e-02 2.449752891589452586e-01 1.133532542841894988e-02
4.244147157190635511e+01 3.428572559370933644e-03 1.170494463392848683e+00 2.582507435005603272e-02 2.467245299531006519e-01 1.484293594003499757e-02
4.274247491638796248e+01 3.222310091103795879e-03 1.176053765618406910e+00 2.366960267370329246e-02 2.484737707472560453e-01 1.951190327176401118e-02
4.304347826086956985e+01 3.009195945324824595e-03 1.181613067843964915e+00 2.206801444426333136e-02 2.502230115414114109e-01 2.522084162205998070e-02
4.334448160535117722e+01 2.864731302964078005e-03 1.187172370069522920e+00 2.096242442576736614e-02 2.519722523355668597e-01 3.124935141725451379e-02
4.364548494983277749e+01 2.842909867637307721e-03 1.192731672295080925e+00 2.035868776667037333e-02 2.537214931297222531e-01 3.648153589167861532e-02
4.394648829431438486e+01 2.824690533559092234e-03 1.198290974520638930e+00 1.989021609375840258e-02 2.554707339238776465e-01 4.020183270583885249e-02
4.424749163879599223e+01 2.676701203368030829e-03 1.203850276746197157e+00 1.889077899738735716e-02 2.572199747180330398e-01 4.230764609531757758e-02
4.454849498327759250e+01 2.435140557873937284e-03 1.209409578971754939e+00 1.702469108210453302e-02 2.589692155121884332e-01 4.290363306055966497e-02
4.484949832775919987e+01 2.212226098430664090e-03 1.214968881197313166e+00 1.468068604319215827e-02 2.607184563063438265e-01 4.251735796228457709e-02
4.515050167224080724e+01 2.042219827591522721e-03 1.220528183422871171e+00 1.266282901047385660e-02 2.624676971004992199e-01 4.276330410586148129e-02
4.545150501672241461e+01 1.897694428041126966e-03 1.226087485648429176e+00 1.154264905441003408e-02 2.642169378946546132e-01 4.599438637218213055e-02
4.575250836120401488e+01 1.817455739045534995e-03 1.231646787873987181e+00 1.132156421690232173e-02 2.659661786888100066e-01 5.365860083381158996e-02
4.605351170568562225e+01 1.802203779312169536e-03 1.237206090099545186e+00 1.160073406767535113e-02 2.677154194829653999e-01 6.458432681726089530e-02
4.635451505016722962e+01 1.734321408599697086e-03 1.242765392325103191e+00 1.190177734049352801e-02 2.694646602771207933e-01 7.511566065511439405e-02
4.665551839464882988e+01 1.580850930267510557e-03 1.248324694550661196e+00 1.186444060160156237e-02 2.712139010712761866e-01 8.189383451761124422e-02
4.695652173913043725e+01 1.416728286870696163e-03 1.253883996776219423e+00 1.140251893287290604e-02 2.729631418654315800e-01 8.477131797319129025e-02
4.725752508361204463e+01 1.303740664780196666e-03 1.259443299001777206e+00 1.078385851132712334e-02 2.747123826595869733e-01 8.652448320222473621e-02
4.755852842809365200e+01 1.222721273015725876e-03 1.265002601227335433e+00 1.041273965180920108e-02 2.764616234537423667e-01 8.990910197173820895e-02
4.785953177257525226e+01 1.097960137237013458e-03 1.270561903452893437e+00 1.043657699229564965e-02 2.782108642478978155e-01 9.578106562148090697e-02
4.816053511705685963e+01 9.102494478424482576e-04 1.276121205678451442e+00 1.061212045173052024e-02 2.799601050420532089e-01 1.041494553654487565e-01
4.846153846153846700e+01 7.111419403053055024e-04 1.281680507904009447e+00 1.053884876738273024e-02 2.817093458362086023e-01 1.159609285127236322e-01
4.876254180602006727e+01 5.445194422390426227e-04 1.287239810129567452e+00 9.961310009341722838e-03 2.834585866303639956e-01 1.332148868256604612e-01
4.906354515050167464e+01 4.178516123504855931e-04 1.292799112355125679e+00 8.903625883892251139e-03 2.852078274245193890e-01 1.583637782343562117e-01
4.936454849498328201e+01 3.214261624132253199e-04 1.298358414580683462e+00 7.588262419012390889e-03 2.869570682186747823e-01 1.938635321361853459e-01
4.966555183946488938e+01 2.417287918150670190e-04 1.303917716806241689e+00 6.250680153399889791e-03 2.887063090128301757e-01 2.402077082724433377e-01
4.996655518394648965e+01 1.692579330846645969e-04 1.309477019031799694e+00 5.089501817053780283e-03 2.904555498069855690e-01 2.935786861017583571e-01
5.026755852842809702e+01 1.104666183426299971e-04 1.315036321257357699e+00 4.321573692030973753e-03 2.922047906011409624e-01 3.475295554588812563e-01
5.056856187290970439e+01 7.268873713506401337e-05 1.320595623482915704e+00 4.040234656227267157e-03 2.939540313952963557e-01 3.978463252279501594e-01
5.086956521739130466e+01 4.909281684070501049e-05 1.326154925708473709e+00 4.005508490676405395e-03 2.957032721894517491e-01 4.448048142263619220e-01
5.117056856187291203e+01 3.320134054371802419e-05 1.331714227934031713e+00 3.820556981178178328e-03 2.974525129836071424e-01 4.918392242696074668e-01
5.147157190635451940e+01 2.316436242919818841e-05 1.337273530159589718e+00 3.346736914349439374e-03 2.992017537777625358e-01 5.437471585611447500e-01
5.177257525083612677e+01 1.497131473713406638e-05 1.342832832385147945e+00 2.768290091801795406e-03 3.009509945719179291e-01 6.041367719594895602e-01
5.207357859531772704e+01 7.036025284835984970e-06 1.348392134610705728e+00 2.292116982925777955e-03 3.027002353660733225e-01 6.723098164663803278e-01
5.237458193979933441e+01 2.055322618602573446e-06 1.353951436836263955e+00 1.973446811765451961e-03 3.044494761602287713e-01 7.451939912271324795e-01
5.267558528428094178e+01 3.508554721980356602e-07 1.359510739061821960e+00 1.800495389568488626e-03 3.061987169543841647e-01 8.237012153566573014e-01
5.297658862876254204e+01 3.425204642748429627e-08 1.365070041287379965e+00 1.766820210894108059e-03 3.079479577485395581e-01 9.119049965009310421e-01
5.327759197324414941e+01 1.896665851216492906e-09 1.370629343512937970e+00 1.829181744686165199e-03 3.096971985426949514e-01 1.008958807346818309e+00
5.357859531772575679e+01 5.934601563250220857e-11 1.376188645738495975e+00 1.903368550223062975e-03 3.114464393368503448e-01 1.110126169346332237e+00
5.387959866220736416e+01 1.046906280144528145e-12 1.381747947964054202e+00 1.937057823638352241e-03 3.131956801310057381e-01 1.216012700660675572e+00
5.418060200668896442e+01 1.039506508691261497e-14 1.387307250189611985e+00 1.919631820892436693e-03 3.149449209251611315e-01 1.329750400479319916e+00
5.448160535117057179e+01 5.801980716393119219e-17 1.392866552415170212e+00 1.824711181300770965e-03 3.166941617193165248e-01 1.444860137581971626e+00
5.478260869565217916e+01 1.818347004266744784e-19 1.398425854640728216e+00 1.626281898387710615e-03 3.184434025134719182e-01 1.547747687479398726e+00
5.508361204013378654e+01 3.196895387607667198e-22 1.403985156866286221e+00 1.359267775299026525e-03 3.201926433076273115e-01 1.635214245838616964e+00
5.538461538461538680e+01 3.150640556008817567e-25 1.409544459091844226e+00 1.094228974438428209e-03 3.219418841017827049e-01 1.722467759391054232e+00
5.568561872909699417e+01 1.739461666174681226e-28 1.415103761317402231e+00 8.677158148687393480e-04 3.236911248959380982e-01 1.830619498617956697e+00
5.598662207357860154e+01 5.377174268750010400e-32 1.420663063542960236e+00 6.717680075803927984e-04 3.254403656900934916e-01 1.969287861190120337e+00
5.628762541806020181e+01 9.303304532723032480e-36 1.426222365768518241e+00 4.885576985451831012e-04 3.271896064842488849e-01 2.132262560265679951e+00
5.658862876254180918e+01 9.005763577377557756e-40 1.431781667994076468e+00 3.169171643803044003e-04 3.289388472784042783e-01 2.307214594580874856e+00
5.688963210702341655e+01 4.876290343765055462e-44 1.437340970219634473e+00 1.742990507678157793e-04 3.306880880725597271e-01 2.491931640432674122e+00
5.719063545150502392e+01 1.476568190140422914e-48 1.442900272445192478e+00 7.806106980080587915e-05 3.324373288667151205e-01 2.704745640472869805e+00
5.749163879598662419e+01 2.500003792810696659e-53 1.448459574670750483e+00 2.769223606077149763e-05 3.341865696608705139e-01 2.971715758762120796e+00
5.779264214046823156e+01 2.366434634758594824e-58 1.454018876896308488e+00 7.649088035082149561e-06 3.359358104550259072e-01 3.296471350388946231e+00
5.809364548494983893e+01 1.252191072818495808e-63 1.459578179121866492e+00 1.628560365512832571e-06 3.376850512491813006e-01 3.651535263324481306e+00
5.839464882943143920e+01 3.703685111864655112e-69 1.465137481347424497e+00 2.657203558889627627e-07 3.394342920433366939e-01 4.007141702148300233e+00
5.869565217391304657e+01 6.122905082345805091e-75 1.470696783572982502e+00 3.311624941970773059e-08 3.411835328374920873e-01 4.357013930192693785e+00
5.899665551839465394e+01 5.657435429017132903e-81 1.476256085798540507e+00 3.146580037733090312e-09 3.429327736316474806e-01 4.706915012077967475e+00
5.929765886287626131e+01 2.921484186849303388e-87 1.481815388024098734e+00 2.278440173603326677e-10 3.446820144258028740e-01 5.052541082656329507e+00
5.959866220735786158e+01 8.431332771840003856e-94 1.487374690249656739e+00 1.651589385991294015e-11 3.464312552199582673e-01 5.383378617457081461e+00
5.989966555183946895e+01 1.359838838271955736e-100 1.492933992475214744e+00 8.034822994454774885e-11 3.481804960141136607e-01 5.701492175655463512e+00
6.020066889632107632e+01 1.225657631353318444e-107 1.498493294700772749e+00 1.218839606373999213e-09 3.499297368082690540e-01 6.025722840250913315e+00
6.050167224080267658e+01 6.173553032737767594e-115 1.504052596926330754e+00 1.415253759626873475e-08 3.516789776024244474e-01 6.378510558326081714e+00
6.080267558528428395e+01 1.737723175213741692e-122 1.509611899151888759e+00 1.249705756894061853e-07 3.534282183965798407e-01 6.771341976089487069e+00
6.110367892976589133e+01 2.733389970479741235e-130 1.515171201377446764e+00 8.391913266358995345e-07 3.551774591907352341e-01 7.201643865876868666e+00
6.140468227424749870e+01 2.402676065150583685e-138 1.520730503603004991e+00 4.285425538002866969e-06 3.569266999848906829e-01 7.662325864348374260e+00
6.170568561872909896e+01 1.180209621191533639e-146 1.526289805828562995e+00 1.664204418275828300e-05 3.586759407790460763e-01 8.147029887354253930e+00
6.200668896321070633e+01 3.239601361657032265e-155 1.531849108054121000e+00 4.914724053458787562e-05 3.604251815732014697e-01 8.638927441260975115e+00
6.230769230769231370e+01 4.969252630001469951e-164 1.537408410279679005e+00 1.103751627628128299e-04 3.621744223673568630e-01 9.104319050953996850e+00
6.260869565217392108e+01 4.259479761615105747e-173 1.542967712505237010e+00 1.885051961419373530e-04 3.639236631615122564e-01 9.509109612447945281e+00
6.290969899665552134e+01 2.040267734986188103e-182 1.548527014730795015e+00 2.448245954835930852e-04 3.656729039556676497e-01 9.837665455937377956e+00
6.321070234113712871e+01 5.461126205572693569e-192 1.554086316956353020e+00 2.418056898040647459e-04 3.674221447498230431e-01 1.009280299516598767e+01
6.351170568561873608e+01 8.168478873706036044e-202 1.559645619181911025e+00 1.816175189411836372e-04 3.691713855439784364e-01 1.028427714682158012e+01
6.381270903010033635e+01 6.827531059218144559e-212 1.565204921407469030e+00 1.037358310303415827e-04 3.709206263381338298e-01 1.042236404733186284e+01
6.411371237458195083e+01 3.188962244638325638e-222 1.570764223633027257e+00 4.505912378995691268e-05 3.726698671322892231e-01 1.052290424682977843e+01
6.441471571906355109e+01 8.323347382713008259e-233 1.576323525858585262e+00 1.488821319435525348e-05 3.744191079264446165e-01 1.061285570426609581e+01
6.471571906354515136e+01 1.213974097166302946e-243 1.581882828084143267e+00 3.784454921603830088e-06 3.761683487206000098e-01 1.071790748747857336e+01
6.501672240802676583e+01 9.894262420065729303e-255 1.587442130309701271e+00 1.064328980299357757e-06 3.779175895147554032e-01 1.083814986760146937e+01
6.531772575250836610e+01 4.506298085114408791e-266 1.593001432535259276e+00 2.141247629056932699e-06 3.796668303089107965e-01 1.094860523902203475e+01
6.561872909698996637e+01 1.146882174687236402e-277 1.598560734760817281e+00 9.027730524761200725e-06 3.814160711030661899e-01 1.103822435644799249e+01
6.591973244147158084e+01 1.631097839472076373e-289 1.604120036986375286e+00 3.034238764448412071e-05 3.831653118972216387e-01 1.113759283768104247e+01
6.622073578595318111e+01 1.296293935383730482e-301 1.609679339211933513e+00 7.764708554247084962e-05 3.849145526913770321e-01 1.128333876912656741e+01
6.652173913043478137e+01 5.756906677964901156e-314 1.615238641437491518e+00 1.511100741699569685e-04 3.866637934855324255e-01 1.145639556063314402e+01
6.682274247491639585e+01 0.000000000000000000e+00 1.620797943663049523e+00 2.236360206584167207e-04 3.884130342796878188e-01 1.158158586775069665e+01
6.712374581939799612e+01 0.000000000000000000e+00 1.626357245888607528e+00 2.516922553410570838e-04 3.901622750738432122e-01 1.159673382044095113e+01
6.742474916387959638e+01 0.000000000000000000e+00 1.631916548114165533e+00 2.154158805278961445e-04 3.919115158679986055e-01 1.151180430634989982e+01
6.772575250836121086e+01 0.000000000000000000e+00 1.637475850339723538e+00 1.402057469842238151e-04 3.936607566621539989e-01 1.139688941410332568e+01
6.802675585284281112e+01 0.000000000000000000e+00 1.643035152565281543e+00 6.939809901864556630e-05 3.954099974563093922e-01 1.131068660119012037e+01
6.832775919732442560e+01 0.000000000000000000e+00 1.648594454790839547e+00 2.614618631053630755e-05 3.971592382504647856e-01 1.124543373755670395e+01
6.862876254180602587e+01 0.000000000000000000e+00 1.654153757016397552e+00 7.688771926468754802e-06 3.989084790446201789e-01 1.116002986014131260e+01
6.892976588628762613e+01 0.000000000000000000e+00 1.659713059241955779e+00 2.955693119220106650e-06 4.006577198387755723e-01 1.105524308707532555e+01
6.923076923076924061e+01 0.000000000000000000e+00 1.665272361467513784e+00 6.607714617893180407e-06 4.024069606329309656e-01 1.097439534834715680e+01
6.953177257525084087e+01 0.000000000000000000e+00 1.670831663693071789e+00 2.314010008474980251e-05 4.041562014270863590e-01 1.093273223608744615e+01
6.983277591973244114e+01 0.000000000000000000e+00 1.676390965918629794e+00 6.465736118202637271e-05 4.059054422212417523e-01 1.088507996872936623e+01
7.013377926421405562e+01 0.000000000000000000e+00 1.681950268144187799e+00 1.401602768829268101e-04 4.076546830153971457e-01 1.076700133742116172e+01
7.043478260869565588e+01 0.000000000000000000e+00 1.687509570369745804e+00 2.394793049793521181e-04 4.094039238095525945e-01 1.055317385300128130e+01
7.073578595317725615e+01 0.000000000000000000e+00 1.693068872595303809e+00 3.316348280715374769e-04 4.111531646037079879e-01 1.027533476057081607e+01
7.103678929765887062e+01 0.000000000000000000e+00 1.698628174820862036e+00 3.858648556793602439e-04 4.129024053978633813e-01 9.979242129166513209e+00
7.133779264214047089e+01 0.000000000000000000e+00 1.704187477046420041e+00 3.888020936927682743e-04 4.146516461920187746e-01 9.665926865137526747e+00
7.163879598662208537e+01 0.000000000000000000e+00 1.709746779271978046e+00 3.437445962149857960e-04 4.164008869861741680e-01 9.292949389627111145e+00
7.193979933110368563e+01 0.000000000000000000e+00 1.715306081497536050e+00 2.763278873278167316e-04 4.181501277803295613e-01 8.834777896470313863e+00
7.224080267558528590e+01 0.000000000000000000e+00 1.720865383723094055e+00 2.463864816554551802e-04 4.198993685744849547e-01 8.323350460690003061e+00
7.254180602006690037e+01 0.000000000000000000e+00 1.726424685948652060e+00 3.283494827534735590e-04 4.216486093686403480e-01 7.824013776351810279e+00
7.284280936454850064e+01 0.000000000000000000e+00 1.731983988174210065e+00 5.525728408355874439e-04 4.233978501627957414e-01 7.383353811953401902e+00
7.314381270903010090e+01 0.000000000000000000e+00 1.737543290399768070e+00 8.528744517586566267e-04 4.251470909569511347e-01 7.003640953852674933e+00
7.344481605351171538e+01 0.000000000000000000e+00 1.743102592625326075e+00 1.083445535239660256e-03 4.268963317511065281e-01 6.653303823057258981e+00
7.374581939799331565e+01 0.000000000000000000e+00 1.748661894850884302e+00 1.119116676135422034e-03 4.286455725452619214e-01 6.288836789637834990e+00
7.404682274247491591e+01 0.000000000000000000e+00 1.754221197076442307e+00 9.606446637693921795e-04 4.303948133394173148e-01 5.875325172244038718e+00
7.434782608695653039e+01 0.000000000000000000e+00 1.759780499302000312e+00 7.484646711026681290e-04 4.321440541335727081e-01 5.406658724185275489e+00
7.464882943143813065e+01 0.000000000000000000e+00 1.765339801527558317e+00 6.674756438796020357e-04 4.338932949277281015e-01 4.913382318502743651e+00
7.494983277591973092e+01 0.000000000000000000e+00 1.770899103753116322e+00 8.043071063641226781e-04 4.356425357218835503e-01 4.444397434644678846e+00
7.525083612040134540e+01 0.000000000000000000e+00 1.776458405978674326e+00 1.063424016983286619e-03 4.373917765160389437e-01 4.034538435194123807e+00
7.555183946488294566e+01 0.000000000000000000e+00 1.782017708204232331e+00 1.238003822483769350e-03 4.391410173101943371e-01 3.685557121592437646e+00
7.585284280936456014e+01 0.000000000000000000e+00 1.787577010429790558e+00 1.194062740660891417e-03 4.408902581043497304e-01 3.374086570305502519e+00
7.615384615384616041e+01 0.000000000000000000e+00 1.793136312655348563e+00 9.714143443341549189e-04 4.426394988985051238e-01 3.074164104632866490e+00
7.645484949832776067e+01 0.000000000000000000e+00 1.798695614880906568e+00 6.980410102770971464e-04 4.443887396926605171e-01 2.772178434848238116e+00
7.675585284280937515e+01 0.000000000000000000e+00 1.804254917106464573e+00 4.601350786032303410e-04 4.461379804868159105e-01 2.468509472134106986e+00
7.705685618729097541e+01 0.000000000000000000e+00 1.809814219332022578e+00 2.821117583922774005e-04 4.478872212809713038e-01 2.172972099781457889e+00
7.735785953177257568e+01 0.000000000000000000e+00 1.815373521557580583e+00 1.773614241609707898e-04 4.496364620751266972e-01 1.896230767873984258e+00
7.765886287625419016e+01 0.000000000000000000e+00 1.820932823783138588e+00 1.692575480814807764e-04 4.513857028692820905e-01 1.642110869470743140e+00
7.795986622073579042e+01 0.000000000000000000e+00 1.826492126008696593e+00 2.693475088000135903e-04 4.531349436634374839e-01 1.409785004287060550e+00
7.826086956521739069e+01 0.000000000000000000e+00 1.832051428234254598e+00 4.504706833418473154e-04 4.548841844575928772e-01 1.200787250076756463e+00
7.856187290969900516e+01 0.000000000000000000e+00 1.837610730459812824e+00 6.517624823604331293e-04 4.566334252517482706e-01 1.019557104870911113e+00
7.886287625418060543e+01 0.000000000000000000e+00 1.843170032685370829e+00 8.199173614010263778e-04 4.583826660459036639e-01 8.684652814182798330e-01
7.916387959866221991e+01 0.000000000000000000e+00 1.848729334910928834e+00 9.261844112272356756e-04 4.601319068400590573e-01 7.436940754860863478e-01
7.946488294314382017e+01 0.000000000000000000e+00 1.854288637136486839e+00 9.340151374062802096e-04 4.618811476342145061e-01 6.357284010208350544e-01
7.976588628762542044e+01 0.000000000000000000e+00 1.859847939362044844e+00 8.074112021682950833e-04 4.636303884283698995e-01 5.361453633390999007e-01
8.006688963210703491e+01 0.000000000000000000e+00 1.865407241587602849e+00 5.823037977840873252e-04 4.653796292225252929e-01 4.446488829319865665e-01
8.036789297658863518e+01 0.000000000000000000e+00 1.870966543813160854e+00 3.715215570799034026e-04 4.671288700166806862e-01 3.669229224141744572e-01
8.066889632107023544e+01 0.000000000000000000e+00 1.876525846038719081e+00 2.648706029442052007e-04 4.688781108108360796e-01 3.055694602951637417e-01
8.096989966555184992e+01 0.000000000000000000e+00 1.882085148264277086e+00 2.536499532239837383e-04 4.706273516049914729e-01 2.558909049198243579e-01
8.127090301003345019e+01 0.000000000000000000e+00 1.887644450489835091e+00 2.616263039523306359e-04 4.723765923991468663e-01 2.112322225032085554e-01
8.157190635451505045e+01 0.000000000000000000e+00 1.893203752715393096e+00 2.285978244546260499e-04 4.741258331933022596e-01 1.696738388685384846e-01
8.187290969899666493e+01 0.000000000000000000e+00 1.898763054940951100e+00 1.557275732543743981e-04 4.758750739874576530e-01 1.334981939498232628e-01
8.217391304347826519e+01 0.000000000000000000e+00 1.904322357166509105e+00 8.110459378852914411e-05 4.776243147816130463e-01 1.045268881096847319e-01
8.247491638795986546e+01 0.000000000000000000e+00 1.909881659392067110e+00 3.215802968535078202e-05 4.793735555757684397e-01 8.250294903743772557e-02
8.277591973244147994e+01 0.000000000000000000e+00 1.915440961617625115e+00 9.700169162914923111e-06 4.811227963699238330e-01 6.618899773849104551e-02
8.307692307692308020e+01 0.000000000000000000e+00 1.921000263843183120e+00 2.243015943495532781e-06 4.828720371640792264e-01 5.367078016660115775e-02
8.337792642140469468e+01 0.000000000000000000e+00 1.926559566068741347e+00 5.597075496586977953e-07 4.846212779582346197e-01 4.248532322700206143e-02
8.367892976588629494e+01 0.000000000000000000e+00 1.932118868294299352e+00 1.263258485479913735e-06 4.863705187523900131e-01 3.115741071745658716e-02
8.397993311036789521e+01 0.000000000000000000e+00 1.937678170519857357e+00 6.509075995190189734e-06 4.881197595465454619e-01 2.048836697354763578e-02
8.428093645484950969e+01 0.000000000000000000e+00 1.943237472745415362e+00 2.654630932797420129e-05 4.898690003407008553e-01 1.247580978404052958e-02
8.458193979933110995e+01 0.000000000000000000e+00 1.948796774970973367e+00 8.239527960874879246e-05 4.916182411348562487e-01 8.076785394568131160e-03
8.488294314381271022e+01 0.000000000000000000e+00 1.954356077196531372e+00 1.944851962134196361e-04 4.933674819290116420e-01 6.489763781215698857e-03
8.518394648829432469e+01 0.000000000000000000e+00 1.959915379422089377e+00 3.491007438224871936e-04 4.951167227231670354e-01 6.226286934334659268e-03
8.548494983277592496e+01 0.000000000000000000e+00 1.965474681647647603e+00 4.765365613018868662e-04 4.968659635173224287e-01 6.254640258278866723e-03
8.578595317725752523e+01 0.000000000000000000e+00 1.971033983873205608e+00 4.946945213206709350e-04 4.986152043114778221e-01 6.197154804742895443e-03
8.608695652173913970e+01 0.000000000000000000e+00 1.976593286098763613e+00 3.906827112333017974e-04 5.003644451056331599e-01 5.971860537132643761e-03
8.638795986622073997e+01 0.000000000000000000e+00 1.982152588324321618e+00 2.355890356477778039e-04 5.021136858997886643e-01 5.562756375541603321e-03
8.668896321070235444e+01 0.000000000000000000e+00 1.987711890549879623e+00 1.126657310139304386e-04 5.038629266939440576e-01 4.998610170715150902e-03
8.698996655518395471e+01 0.000000000000000000e+00 1.993271192775437628e+00 5.797835880639744168e-05 5.056121674880994510e-01 4.318489309314926979e-03
8.729096989966555498e+01 0.000000000000000000e+00 1.998830495000995633e+00 6.822506721911843284e-05 5.073614082822548443e-01 3.566279634650478762e-03
8.759197324414716945e+01 0.000000000000000000e+00 2.004389797226553860e+00 1.265865497377048588e-04 5.091106490764102377e-01 2.877364392113672138e-03
8.789297658862876972e+01 0.000000000000000000e+00 2.009949099452111643e+00 2.024649090949230570e-04 5.108598898705656310e-01 2.411337223589657582e-03
8.819397993311036998e+01 0.000000000000000000e+00 2.015508401677669870e+00 2.494430014570788324e-04 5.126091306647210244e-01 2.111770921063330433e-03
8.849498327759198446e+01 0.000000000000000000e+00 2.021067703903227653e+00 2.339926658549941669e-04 5.143583714588764177e-01 1.735879014948422125e-03
8.879598662207358473e+01 0.000000000000000000e+00 2.026627006128785879e+00 1.669409196758062650e-04 5.161076122530318111e-01 1.189650643259350079e-03
8.909698996655518499e+01 0.000000000000000000e+00 2.032186308354344106e+00 9.057488760596567323e-05 5.178568530471872045e-01 6.368080860142701343e-04
8.939799331103679947e+01 0.000000000000000000e+00 2.037745610579901889e+00 3.737085192314248716e-05 5.196060938413425978e-01 2.592326852111425197e-04
8.969899665551839973e+01 0.000000000000000000e+00 2.043304912805459672e+00 1.172567857321249464e-05 5.213553346354979912e-01 7.947032465351716016e-05
9.000000000000000000e+01 0.000000000000000000e+00 2.048864215031017899e+00 2.797839042292853685e-06 5.231045754296533845e-01 1.828257059839273228e-05
