0.000000000000000000e+00 2.274529606347937986e-45 3.373220175998177806e-01 2.259016228274586790e-06 2.992004773748842550e-01 1.025738029954261358e-05
3.010033444816053727e-01 7.567870068013350268e-44 3.414425486148546796e-01 5.144696149960422241e-06 3.002873232911467127e-01 2.721616141299681101e-05
6.020066889632107454e-01 4.557839206699989427e-42 3.455630796298916341e-01 1.080070335769072063e-05 3.013741692074091705e-01 6.410450994407625896e-05
9.030100334448161181e-01 2.485902110473585006e-40 3.496836106449285331e-01 2.092550514464473844e-05 3.024610151236716282e-01 1.340360420820485142e-04
1.204013377926421491e+00 1.227608718991668509e-38 3.538041416599654321e-01 3.748985863888593047e-05 3.035478610399340860e-01 2.487859807742128860e-04
1.505016722408026864e+00 5.488918794608114586e-37 3.579246726750023866e-01 6.234145487120365601e-05 3.046347069561965437e-01 4.099222679981157883e-04
1.806020066889632236e+00 2.222104850992500839e-35 3.620452036900392856e-01 9.686218620606542738e-05 3.057215528724590015e-01 5.995817646563815799e-04
2.107023411371237387e+00 8.145039411340255782e-34 3.661657347050761846e-01 1.422412242845149603e-04 3.068083987887214592e-01 7.785143447432728899e-04
2.408026755852842982e+00 2.703166111359712453e-32 3.702862657201131391e-01 2.010656826094969491e-04 3.078952447049839170e-01 8.973381263005227948e-04
2.709030100334448576e+00 8.122751761234305876e-31 3.744067967351500381e-01 2.806028005401030876e-04 3.089820906212463747e-01 9.181569374409683263e-04
3.010033444816053727e+00 2.209960606374961350e-29 3.785273277501869371e-01 3.972584238228418362e-04 3.100689365375088324e-01 8.339672912248495941e-04
3.311036789297658878e+00 5.443983381705128096e-28 3.826478587652238916e-01 5.805958512621822113e-04 3.111557824537712902e-01 6.724382564228893527e-04
3.612040133779264472e+00 1.214227211078746721e-26 3.867683897802607906e-01 8.747514919169808913e-04 3.122426283700337479e-01 4.813124629291095583e-04
3.913043478260870067e+00 2.452076702023658860e-25 3.908889207952976896e-01 1.335806049252467051e-03 3.133294742862962057e-01 3.058250809448528375e-04
4.214046822742474774e+00 4.483519589823974622e-24 3.950094518103345886e-01 2.025617459383748879e-03 3.144163202025586634e-01 1.725005127420656758e-04
4.515050167224080369e+00 7.422582649600487789e-23 3.991299828253715432e-01 3.004581239086788653e-03 3.155031661188211212e-01 8.637319669799656242e-05
4.816053511705685963e+00 1.112607523813720117e-21 4.032505138404084422e-01 4.325914236329155178e-03 3.165900120350835789e-01 3.839185965065559073e-05
5.117056856187291558e+00 1.510010513069557176e-20 4.073710448554453412e-01 6.031486945633669425e-03 3.176768579513460367e-01 1.514869761693559971e-05
5.418060200668897153e+00 1.855534592001706980e-19 4.114915758704822402e-01 8.145679668395673298e-03 3.187637038676084944e-01 5.307246214032634397e-06
5.719063545150501859e+00 2.064473770311253338e-18 4.156121068855191947e-01 1.066325983793152410e-02 3.198505497838709521e-01 1.656637162683239081e-06
6.020066889632107454e+00 2.079702021225154130e-17 4.197326379005560937e-01 1.353299746738422481e-02 3.209373957001334099e-01 4.899904384546704608e-07
6.321070234113713049e+00 1.896900760810878881e-16 4.238531689155929927e-01 1.664849839180011434e-02 3.220242416163958676e-01 2.685722820939551659e-07
6.622073578595317755e+00 1.566535998206876111e-15 4.279736999306299472e-01 1.986329488956767655e-02 3.231110875326583254e-01 6.582697317381495167e-07
6.923076923076923350e+00 1.171356948003093049e-14 4.320942309456668462e-01 2.304010285234450381e-02 3.241979334489207831e-01 2.284412264000205101e-06
7.224080267558528945e+00 7.930354541442494588e-14 4.362147619607037452e-01 2.612467834606081035e-02 3.252847793651832409e-01 7.304060854302337994e-06
7.525083612040134540e+00 4.861302163357153522e-13 4.403352929757406997e-01 2.921531188207050420e-02 3.263716252814456986e-01 2.085956082110769792e-05
7.826086956521740134e+00 2.698192131941717726e-12 4.444558239907775987e-01 3.259579056482459630e-02 3.274584711977081564e-01 5.316133821770496987e-05
8.127090301003345729e+00 1.355998467272572145e-11 4.485763550058144977e-01 3.671802010251199594e-02 3.285453171139706141e-01 1.210015791078508413e-04
8.428093645484949548e+00 6.170511015803001966e-11 4.526968860208514522e-01 4.214848219349093261e-02 3.296321630302330719e-01 2.462157906635680242e-04
8.729096989966555142e+00 2.542578234018812542e-10 4.568174170358883512e-01 4.950997449755881186e-02 3.307190089464955296e-01 4.483510248546168902e-04
9.030100334448160737e+00 9.487342649501850797e-10 4.609379480509252502e-01 5.944471872080251545e-02 3.318058548627579873e-01 7.313898108435652919e-04
9.331103678929766332e+00 3.206082325333837763e-09 4.650584790659622048e-01 7.260231146751772169e-02 3.328927007790204451e-01 1.069901812648836083e-03
9.632107023411371927e+00 9.813767570530681285e-09 4.691790100809991038e-01 8.963270741408385645e-02 3.339795466952829028e-01 1.404798502640199282e-03
9.933110367892977521e+00 2.721742706502446803e-08 4.732995410960360028e-01 1.111550883931873152e-01 3.350663926115453606e-01 1.657201439234929317e-03
1.023411371237458312e+01 6.842411558512650668e-08 4.774200721110729573e-01 1.376829551453944700e-01 3.361532385278078183e-01 1.758780323133130432e-03
1.053511705685618871e+01 1.560491740173279573e-07 4.815406031261098563e-01 1.695099848332975445e-01 3.372400844440702761e-01 1.684398812257976085e-03
1.083612040133779431e+01 3.232806559209973604e-07 4.856611341411467553e-01 2.065905046736631889e-01 3.383269303603327338e-01 1.468590019239913351e-03
1.113712374581939812e+01 6.097347108597883969e-07 4.897816651561837098e-01 2.484694469598511535e-01 3.394137762765951916e-01 1.196075899321186967e-03
1.143812709030100372e+01 1.050974529231802436e-06 4.939021961712206088e-01 2.943151815122700410e-01 3.405006221928575938e-01 9.714490161726778775e-04
1.173913043478260931e+01 1.665947787153376734e-06 4.980227271862575078e-01 3.430775155052941949e-01 3.415874681091201071e-01 8.822836492556715600e-04
1.204013377926421491e+01 2.453010546689672849e-06 5.021432582012944623e-01 3.937410709254078323e-01 3.426743140253825093e-01 9.686966524632947741e-04
1.234113712374582050e+01 3.405422864292026013e-06 5.062637892163313058e-01 4.455960229969245789e-01 3.437611599416450225e-01 1.207191115562180304e-03
1.264214046822742610e+01 4.545193684782527657e-06 5.103843202313682603e-01 4.984323323597923405e-01 3.448480058579074248e-01 1.514852026946094136e-03
1.294314381270903169e+01 5.954107625998100755e-06 5.145048512464052148e-01 5.525936873678605199e-01 3.459348517741699380e-01 1.778849025803706926e-03
1.324414715719063551e+01 7.769723309784222145e-06 5.186253822614421694e-01 6.088899378815546548e-01 3.470216976904323403e-01 1.907046620726574005e-03
1.354515050167224111e+01 1.012973236266880965e-05 5.227459132764790128e-01 6.684256501805343476e-01 3.481085436066948535e-01 1.879159699554291702e-03
1.384615384615384670e+01 1.308818045695618388e-05 5.268664442915159674e-01 7.324199040894362467e-01 3.491953895229572558e-01 1.769052958017109127e-03
1.414715719063545230e+01 1.656232593886544118e-05 5.309869753065528108e-01 8.020574999684546569e-01 3.502822354392197690e-01 1.719941676978658032e-03
1.444816053511705789e+01 2.036293407411546842e-05 5.351075063215897654e-01 8.783542997706861311e-01 3.513690813554821712e-01 1.879523594997882692e-03
1.474916387959866348e+01 2.430583281489065355e-05 5.392280373366267199e-01 9.619928901408143496e-01 3.524559272717446290e-01 2.323708540863718679e-03
1.505016722408026908e+01 2.833682303840844038e-05 5.433485683516635634e-01 1.053121048214240130e+00 3.535427731880070867e-01 3.004923867605170055e-03
1.535117056856187467e+01 3.258367074771087592e-05 5.474690993667005179e-01 1.151179584881743212e+00 3.546296191042695445e-01 3.754592308823404521e-03
1.565217391304348027e+01 3.730154545170712431e-05 5.515896303817373614e-01 1.254869742116464737e+00 3.557164650205320022e-01 4.350435911276361381e-03
1.595317725752508409e+01 4.276033746088396135e-05 5.557101613967743159e-01 1.362330856726226003e+00 3.568033109367944600e-01 4.628034186320379752e-03
1.625418060200669146e+01 4.916022430807640952e-05 5.598306924118112704e-01 1.471490218010291340e+00 3.578901568530569177e-01 4.584368616354047785e-03
1.655518394648829528e+01 5.662228224637321303e-05 5.639512234268482249e-01 1.580441485446947292e+00 3.589770027693193755e-01 4.412557271697157071e-03
1.685618729096989910e+01 6.522482105521257225e-05 5.680717544418850684e-01 1.687680000880570796e+00 3.600638486855818332e-01 4.435090716958205517e-03
1.715719063545150647e+01 7.501392822586363943e-05 5.721922854569220229e-01 1.792096332709899986e+00 3.611506946018442910e-01 4.954461923206670247e-03
1.745819397993311028e+01 8.593768304706720415e-05 5.763128164719588664e-01 1.892765700621502845e+00 3.622375405181067487e-01 6.086962539019012165e-03
1.775919732441471766e+01 9.771163016235809979e-05 5.804333474869958209e-01 1.988695310998005006e+00 3.633243864343692064e-01 7.665227412745355406e-03
1.806020066889632147e+01 1.096810680224730394e-04 5.845538785020327754e-01 2.078726736124199448e+00 3.644112323506316642e-01 9.275939439877020631e-03
1.836120401337792885e+01 1.207828381597604925e-04 5.886744095170697300e-01 2.161697962487894475e+00 3.654980782668941219e-01 1.043933266621131610e-02
1.866220735785953266e+01 1.297033895307105858e-04 5.927949405321065734e-01 2.236789148902613711e+00 3.665849241831565797e-01 1.085861496456342647e-02
1.896321070234114003e+01 1.352517243657625997e-04 5.969154715471435280e-01 2.303825119037584024e+00 3.676717700994190374e-01 1.061910874808604660e-02
1.926421404682274385e+01 1.368275743226104752e-04 6.010360025621803715e-01 2.363310593862098408e+00 3.687586160156814952e-01 1.023885282842813133e-02
1.956521739130434767e+01 1.347580202164690285e-04 6.051565335772173260e-01 2.416153750550350310e+00 3.698454619319439529e-01 1.055076054923622525e-02
1.986622073578595504e+01 1.303111531545471835e-04 6.092770645922542805e-01 2.463264659335038687e+00 3.709323078482064107e-01 1.247120878511801846e-02
2.016722408026755886e+01 1.253842627624616416e-04 6.133975956072912350e-01 2.505309402391322493e+00 3.720191537644688684e-01 1.673473804769711609e-02
2.046822742474916623e+01 1.220734183365924670e-04 6.175181266223280785e-01 2.542768344862147423e+00 3.731059996807313262e-01 2.365736825559888040e-02
2.076923076923077005e+01 1.223908525980357364e-04 6.216386576373650330e-01 2.576188206661488511e+00 3.741928455969937839e-01 3.297172858095832187e-02
2.107023411371237742e+01 1.282587627395470229e-04 6.257591886524018765e-01 2.606348298069796954e+00 3.752796915132562416e-01 4.377697502835948412e-02
2.137123745819398124e+01 1.416932380641932232e-04 6.298797196674388310e-01 2.634129348491320854e+00 3.763665374295186994e-01 5.464916581083127667e-02
2.167224080267558861e+01 1.649687458887529534e-04 6.340002506824757855e-01 2.660126937770177946e+00 3.774533833457811571e-01 6.393378155497494997e-02
2.197324414715719243e+01 2.005873430165167027e-04 6.381207816975127400e-01 2.684279755553947044e+00 3.785402292620436149e-01 7.017892143447879150e-02
2.227424749163879625e+01 2.510044243225204095e-04 6.422413127125495835e-01 2.705795058065461944e+00 3.796270751783060726e-01 7.258185737300168472e-02
2.257525083612040362e+01 3.181934946055464414e-04 6.463618437275864270e-01 2.723441321885677890e+00 3.807139210945685304e-01 7.126071999968684734e-02
2.287625418060200744e+01 4.032296922181801400e-04 6.504823747426233815e-01 2.736019399215816605e+00 3.818007670108309881e-01 6.719519647786299787e-02
2.317725752508361481e+01 5.061280477830570283e-04 6.546029057576603361e-01 2.742726792804778935e+00 3.828876129270934459e-01 6.183670444302773878e-02
2.347826086956521863e+01 6.261465852474477857e-04 6.587234367726972906e-01 2.743254719088555671e+00 3.839744588433559036e-01 5.658777418686906924e-02
2.377926421404682600e+01 7.625931921461925065e-04 6.628439677877342451e-01 2.737674265152987729e+00 3.850613047596183613e-01 5.242578252157353846e-02
2.408026755852842982e+01 9.158634498331882185e-04 6.669644988027710886e-01 2.726286981913996765e+00 3.861481506758808191e-01 4.981737251120667287e-02
2.438127090301003363e+01 1.088135673382372923e-03 6.710850298178079321e-01 2.709563289068524394e+00 3.872349965921432768e-01 4.885753025450415010e-02
2.468227424749164101e+01 1.283129100736246208e-03 6.752055608328448866e-01 2.688160484811705331e+00 3.883218425084057346e-01 4.946367783242106714e-02
2.498327759197324482e+01 1.504794282884679927e-03 6.793260918478818411e-01 2.662941416168590703e+00 3.894086884246681923e-01 5.150341929381158090e-02
2.528428093645485220e+01 1.755614562892397583e-03 6.834466228629187956e-01 2.634947583351096689e+00 3.904955343409306501e-01 5.482224433456776153e-02
2.558528428093645601e+01 2.035781495368441541e-03 6.875671538779557501e-01 2.605341322139065774e+00 3.915823802571931078e-01 5.918603237014108398e-02
2.588628762541806339e+01 2.344208173567662815e-03 6.916876848929925936e-01 2.575339312266953229e+00 3.926692261734555656e-01 6.419461861948835835e-02
2.618729096989966720e+01 2.681082406799533725e-03 6.958082159080294371e-01 2.546124377024135299e+00 3.937560720897180233e-01 6.927206647222891589e-02
2.648829431438127102e+01 3.050263409028755417e-03 6.999287469230663916e-01 2.518715888588084706e+00 3.948429180059804811e-01 7.381967349218977736e-02
2.678929765886287839e+01 3.459498593399658491e-03 7.040492779381033461e-01 2.493827251199606909e+00 3.959297639222429388e-01 7.748830657329369709e-02
2.709030100334448221e+01 3.917700048074197923e-03 7.081698089531403006e-01 2.471783688562215975e+00 3.970166098385053965e-01 8.040042454287756046e-02
2.739130434782608958e+01 4.430597172505611886e-03 7.122903399681771441e-01 2.452548966998119528e+00 3.981034557547678543e-01 8.317887078923784372e-02
2.769230769230769340e+01 4.997427575617360666e-03 7.164108709832140987e-01 2.435831812600244284e+00 3.991903016710303120e-01 8.679701958055646704e-02
2.799331103678930077e+01 5.610871406805419993e-03 7.205314019982509421e-01 2.421195719692016635e+00 4.002771475872927698e-01 9.236802928553147773e-02
2.829431438127090459e+01 6.260444214484655288e-03 7.246519330132878967e-01 2.408130441467621452e+00 4.013639935035552275e-01 1.009295877573335304e-01
2.859531772575251196e+01 6.937432439341550440e-03 7.287724640283248512e-01 2.396114218484671099e+00 4.024508394198176853e-01 1.131694507280869566e-01
2.889632107023411578e+01 7.638638400549691183e-03 7.328929950433618057e-01 2.384713937430239294e+00 4.035376853360801430e-01 1.290704108685663543e-01
2.919732441471571960e+01 8.367162182483406027e-03 7.370135260583986492e-01 2.373709955852508102e+00 4.046245312523426008e-01 1.476408715440002684e-01
2.949832775919732697e+01 9.130372207733839993e-03 7.411340570734356037e-01 2.363163184591604349e+00 4.057113771686050585e-01 1.670160248147504745e-01
2.979933110367893079e+01 9.936683028148865157e-03 7.452545880884724472e-01 2.353350427929235877e+00 4.067982230848675163e-01 1.850558271893995854e-01
3.010033444816053816e+01 1.079286732882689046e-02 7.493751191035094017e-01 2.344582984065121778e+00 4.078850690011299740e-01 2.002026135075789248e-01
3.040133779264214198e+01 1.170266216979710776e-02 7.534956501185463562e-01 2.337008368201682007e+00 4.089719149173924317e-01 2.121158745247030408e-01
3.070234113712374935e+01 1.266643614773072142e-02 7.576161811335833107e-01 2.330496788482407933e+00 4.100587608336548895e-01 2.217217768491606122e-01
3.100334448160535317e+01 1.368138018086091298e-02 7.617367121486201542e-01 2.324641846388220578e+00 4.111456067499173472e-01 2.307105303141636365e-01
3.130434782608696054e+01 1.474183699364263987e-02 7.658572431636569977e-01 2.318836511389720911e+00 4.122324526661798050e-01 2.408528877907120669e-01
3.160535117056856436e+01 1.583936815221033412e-02 7.699777741786939522e-01 2.312377091440632082e+00 4.133192985824422627e-01 2.535413448955794458e-01
3.190635451505016817e+01 1.696198762290131168e-02 7.740983051937309067e-01 2.304581995807858608e+00 4.144061444987047205e-01 2.697245786793228683e-01
3.220735785953177555e+01 1.809244033514665131e-02 7.782188362087678613e-01 2.294932263850685938e+00 4.154929904149671782e-01 2.901077930292463858e-01
3.250836120401338292e+01 1.920684385949656195e-02 7.823393672238048158e-01 2.283220582527928588e+00 4.165798363312296360e-01 3.153306687285606924e-01
3.280936454849498318e+01 2.027633313512091154e-02 7.864598982388416593e-01 2.269659345889284197e+00 4.176666822474920937e-01 3.458925792566966417e-01
3.311036789297659055e+01 2.127362073430499531e-02 7.905804292538785027e-01 2.254885922728526282e+00 4.187535281637545514e-01 3.818359882283550166e-01
3.341137123745819792e+01 2.218301890444121863e-02 7.947009602689154573e-01 2.239829547781114538e+00 4.198403740800170092e-01 4.224634062364007181e-01
3.371237458193979819e+01 2.300861834804023356e-02 7.988214912839524118e-01 2.225454430523866822e+00 4.209272199962794669e-01 4.664341640313353077e-01
3.401337792642140556e+01 2.377456963317354025e-02 8.029420222989893663e-01 2.212443522378172656e+00 4.220140659125419247e-01 5.123621938844458157e-01
3.431438127090301293e+01 2.451550365057408865e-02 8.070625533140263208e-01 2.200919142875362500e+00 4.231009118288043824e-01 5.596404855450879401e-01
3.461538461538462030e+01 2.526171415201222681e-02 8.111830843290631643e-01 2.190301656849005685e+00 4.241877577450668402e-01 6.089325664134057625e-01
3.491638795986622057e+01 2.602769703011675526e-02 8.153036153441000078e-01 2.179382492672240268e+00 4.252746036613292979e-01 6.618524547524670121e-01
3.521739130434782794e+01 2.681037968526312626e-02 8.194241463591369623e-01 2.166632721200678624e+00 4.263614495775917002e-01 7.198531076412092444e-01
3.551839464882943531e+01 2.759632353102073679e-02 8.235446773741739168e-01 2.150687411329065934e+00 4.274482954938542134e-01 7.829770866315532984e-01
3.581939799331104268e+01 2.837107888895546923e-02 8.276652083892108713e-01 2.130855900379463375e+00 4.285351414101166156e-01 8.493706523110557960e-01
3.612040133779264295e+01 2.912376818164170642e-02 8.317857394042478258e-01 2.107446639217152473e+00 4.296219873263791289e-01 9.160038269774927189e-01
3.642140468227425032e+01 2.984556732323689204e-02 8.359062704192846693e-01 2.081713174038825276e+00 4.307088332426415311e-01 9.801811565926029646e-01
3.672240802675585769e+01 3.052667132040446860e-02 8.400268014343215128e-01 2.055356965451019757e+00 4.317956791589040444e-01 1.040910676646438882e+00
3.702341137123745796e+01 3.115722444605259142e-02 8.441473324493584673e-01 2.029735764649959417e+00 4.328825250751664466e-01 1.099437511604490769e+00
3.732441471571906533e+01 3.173317270068008039e-02 8.482678634643954219e-01 2.005122903155743153e+00 4.339693709914289599e-01 1.158894991160952070e+00
3.762541806020067270e+01 3.226261346220398590e-02 8.523883944794323764e-01 1.980410911742543467e+00 4.350562169076913621e-01 1.223425560598046191e+00
3.792642140468228007e+01 3.276687732981947015e-02 8.565089254944693309e-01 1.953476722786033237e+00 4.361430628239538754e-01 1.297083405853832305e+00
3.822742474916388034e+01 3.327409378136107765e-02 8.606294565095060634e-01 1.922086655797357935e+00 4.372299087402162776e-01 1.382701109845600129e+00
3.852842809364548771e+01 3.380801366096559263e-02 8.647499875245430179e-01 1.884910536593755737e+00 4.383167546564787909e-01 1.480964288095404147e+00
3.882943143812709508e+01 3.437756069875623488e-02 8.688705185395799724e-01 1.842140934095812810e+00 4.394036005727411931e-01 1.590038647795744664e+00
3.913043478260869534e+01 3.497184808588345295e-02 8.729910495546169269e-01 1.795435124312617203e+00 4.404904464890037064e-01 1.705988217600718837e+00
3.943143812709030271e+01 3.556261382925127862e-02 8.771115805696538814e-01 1.747268935347946028e+00 4.415772924052661086e-01 1.823958941947616097e+00
3.973244147157191009e+01 3.611289478644221645e-02 8.812321115846908359e-01 1.700070650407064177e+00 4.426641383215286218e-01 1.939845629453032183e+00
4.003344481605351746e+01 3.658824083951756762e-02 8.853526425997275684e-01 1.655535851171281658e+00 4.437509842377910241e-01 2.051906305872717606e+00
4.033444816053511772e+01 3.696576682754987297e-02 8.894731736147645229e-01 1.614345140158438996e+00 4.448378301540535373e-01 2.161559785480757334e+00
4.063545150501672509e+01 3.723780025364382962e-02 8.935937046298014774e-01 1.576275814646127760e+00 4.459246760703159396e-01 2.272746902357555943e+00
4.093645484949833246e+01 3.741036894730209728e-02 8.977142356448384319e-01 1.540555138660739898e+00 4.470115219865784528e-01 2.390025771071681238e+00
4.123745819397993273e+01 3.749969010320458596e-02 9.018347666598753865e-01 1.506278507179042769e+00 4.480983679028408551e-01 2.516510839786695097e+00
4.153846153846154010e+01 3.752951290903095566e-02 9.059552976749123410e-01 1.472759185185792408e+00 4.491852138191033683e-01 2.652875050155830472e+00
4.183946488294314747e+01 3.752906390614720034e-02 9.100758286899490734e-01 1.439729155144780837e+00 4.502720597353657705e-01 2.797706714966503139e+00
4.214046822742475484e+01 3.752902668162161337e-02 9.141963597049860279e-01 1.407352106113738843e+00 4.513589056516282838e-01 2.948554902340805306e+00
4.244147157190635511e+01 3.755433667007376797e-02 9.183168907200229825e-01 1.376048999190443656e+00 4.524457515678906860e-01 3.102955378829011845e+00
4.274247491638796248e+01 3.761635271373608286e-02 9.224374217350599370e-01 1.346186428362844190e+00 4.535325974841531993e-01 3.259258440132230206e+00
4.304347826086956985e+01 3.770905571096314773e-02 9.265579527500968915e-01 1.317735218910137007e+00 4.546194434004156015e-01 3.417234972798558257e+00
4.334448160535117722e+01 3.781183629130067947e-02 9.306784837651336240e-01 1.290046467838806166e+00 4.557062893166781148e-01 3.578162410858900966e+00
4.364548494983277749e+01 3.789694062862795920e-02 9.347990147801705785e-01 1.261875845481706726e+00 4.567931352329405170e-01 3.744141513388715481e+00
4.394648829431438486e+01 3.793680401171387051e-02 9.389195457952075330e-01 1.231691499813263535e+00 4.578799811492030303e-01 3.916955874577024321e+00
4.424749163879599223e+01 3.790764213042099873e-02 9.430400768102444875e-01 1.198155662313469261e+00 4.589668270654654325e-01 4.097140889227021354e+00
4.454849498327759250e+01 3.778949415127945410e-02 9.471606078252814420e-01 1.160559743231609708e+00 4.600536729817279458e-01 4.283599698343636852e+00
4.484949832775919987e+01 3.756602951085189629e-02 9.512811388403183965e-01 1.119003379022127431e+00 4.611405188979903480e-01 4.473562774448478940e+00
4.515050167224080724e+01 3.722732213011348268e-02 9.554016698553551290e-01 1.074250960157394408e+00 4.622273648142528057e-01 4.662652596304525332e+00
4.545150501672241461e+01 3.677564393442941254e-02 9.595222008703920835e-01 1.027385689812186476e+00 4.633142107305152635e-01 4.845311230030929117e+00
4.575250836120401488e+01 3.623068450744541119e-02 9.636427318854290380e-01 9.794825647178647676e-01 4.644010566467777212e-01 5.016193578145265342e+00
4.605351170568562225e+01 3.562945510683205447e-02 9.677632629004659925e-01 9.314707979170028240e-01 4.654879025630401790e-01 5.172634943826701637e+00
4.635451505016722962e+01 3.501870541785617741e-02 9.718837939155029471e-01 8.842004486595561596e-01 4.665747484793026367e-01 5.317061824184725616e+00
4.665551839464882988e+01 3.444236220156866174e-02 9.760043249305399016e-01 8.385865014685244256e-01 4.676615943955650945e-01 5.457380879529434736e+00
4.695652173913043725e+01 3.392987095496318578e-02 9.801248559455766340e-01 7.956701390580184219e-01 4.687484403118275522e-01 5.604266154517055121e+00
4.725752508361204463e+01 3.349079846240975850e-02 9.842453869606135886e-01 7.565147078167172578e-01 4.698352862280900100e-01 5.766632577951442684e+00
4.755852842809365200e+01 3.311707111628937883e-02 9.883659179756505431e-01 7.219707556369161505e-01 4.709221321443524677e-01 5.948224952847504632e+00
4.785953177257525226e+01 3.278990089970664629e-02 9.924864489906874976e-01 6.924208706535380786e-01 4.720089780606149255e-01 6.147222647087303926e+00
4.816053511705685963e+01 3.248690442587551935e-02 9.966069800057244521e-01 6.676184894389822766e-01 4.730958239768773832e-01 6.358014023809277937e+00
4.846153846153846700e+01 3.218669858936507033e-02 1.000727511020761407e+00 6.466847888746941608e-01 4.741826698931398409e-01 6.572944750558702864e+00
4.876254180602006727e+01 3.187120253968312583e-02 1.004848042035798139e+00 6.282642609240094433e-01 4.752695158094022987e-01 6.783347518091489725e+00
4.906354515050167464e+01 3.152735905723691445e-02 1.008968573050835094e+00 6.107925465135551901e-01 4.763563617256647564e-01 6.981291742826961411e+00
4.936454849498328201e+01 3.114929362088826245e-02 1.013089104065872048e+00 5.928087418352436799e-01 4.774432076419272142e-01 7.163114096948757670e+00
4.966555183946488938e+01 3.074053862933102954e-02 1.017209635080909003e+00 5.732426757891484481e-01 4.785300535581896719e-01 7.333025661107199333e+00
4.996655518394648965e+01 3.031554166181503127e-02 1.021330166095945957e+00 5.516157282046959542e-01 4.796168994744521297e-01 7.503384633928909864e+00
5.026755852842809702e+01 2.990013801522039757e-02 1.025450697110982912e+00 5.281076534291351265e-01 4.807037453907145874e-01 7.690114287853990760e+00
5.056856187290970439e+01 2.953055800722137123e-02 1.029571228126019644e+00 5.034659513487504956e-01 4.817905913069770452e-01 7.905687793949380371e+00
5.086956521739130466e+01 2.924947714887489794e-02 1.033691759141056599e+00 4.787732950232564955e-01 4.828774372232395029e-01 8.154182553764004027e+00
5.117056856187291203e+01 2.909735827110683168e-02 1.037812290156093553e+00 4.551354463356550584e-01 4.839642831395019607e-01 8.431167048009932330e+00
5.147157190635451940e+01 2.909971172276087925e-02 1.041932821171130508e+00 4.333859911486504513e-01 4.850511290557644184e-01 8.727465909849543735e+00
5.177257525083612677e+01 2.925497005442828646e-02 1.046053352186167462e+00 4.139032543846454248e-01 4.861379749720268761e-01 9.033545275534994090e+00
5.207357859531772704e+01 2.952985430406492376e-02 1.050173883201204417e+00 3.965940152563621757e-01 4.872248208882893339e-01 9.341929097599265930e+00
5.237458193979933441e+01 2.986660790959102044e-02 1.054294414216241149e+00 3.810355757469073290e-01 4.883116668045517916e-01 9.647405368355753907e+00
5.267558528428094178e+01 3.020030221437880122e-02 1.058414945231278104e+00 3.667105165508133813e-01 4.893985127208142494e-01 9.946413291095266729e+00
5.297658862876254204e+01 3.047870531771063735e-02 1.062535476246315058e+00 3.532391716535570048e-01 4.904853586370767071e-01 1.023673537789133015e+01
5.327759197324414941e+01 3.067568075134818883e-02 1.066656007261352013e+00 3.405211605037026246e-01 4.915722045533391649e-01 1.051726926220651670e+01
5.357859531772575679e+01 3.079233916163148441e-02 1.070776538276388967e+00 3.287348883695725421e-01 4.926590504696016226e-01 1.078695920785901663e+01
5.387959866220736416e+01 3.084596322702539903e-02 1.074897069291425700e+00 3.182010954970838634e-01 4.937458963858640804e-01 1.104282889850342464e+01
5.418060200668896442e+01 3.085216861524213428e-02 1.079017600306462654e+00 3.091751475318987863e-01 4.948327423021265381e-01 1.127866971149022390e+01
5.448160535117057179e+01 3.080885101599898160e-02 1.083138131321499609e+00 3.016683893420402662e-01 4.959195882183889958e-01 1.148648698614645625e+01
5.478260869565217916e+01 3.069011287672688409e-02 1.087258662336536563e+00 2.953886697193471855e-01 4.970064341346514536e-01 1.166112198844387748e+01
5.508361204013378654e+01 3.045415486036693806e-02 1.091379193351573518e+00 2.898295277865524655e-01 4.980932800509139113e-01 1.180537461946695821e+01
5.538461538461538680e+01 3.006206722017338087e-02 1.095499724366610472e+00 2.844536933136010415e-01 4.991801259671763691e-01 1.193115191566320732e+01
5.568561872909699417e+01 2.949784515041948760e-02 1.099620255381647205e+00 2.788607021607054648e-01 5.002669718834388268e-01 1.205413072788690698e+01
5.598662207357860154e+01 2.877821395415761790e-02 1.103740786396684159e+00 2.728426465957225489e-01 5.013538177997012291e-01 1.218449832997342419e+01
5.628762541806020181e+01 2.794621183272328127e-02 1.107861317411721114e+00 2.663123327168439580e-01 5.024406637159637423e-01 1.232024452340038678e+01
5.658862876254180918e+01 2.705221147440019583e-02 1.111981848426758068e+00 2.591782817574000974e-01 5.035275096322262556e-01 1.244810015778683088e+01
5.688963210702341655e+01 2.613368641758745392e-02 1.116102379441795023e+00 2.512724901142765477e-01 5.046143555484886578e-01 1.255134315992313532e+01
5.719063545150502392e+01 2.520521500897460881e-02 1.120222910456831977e+00 2.423857039946888670e-01 5.057012014647510600e-01 1.261878568818006841e+01
5.749163879598662419e+01 2.426310127677730466e-02 1.124343441471868710e+00 2.323749028827676311e-01 5.067880473810135733e-01 1.264956978379223074e+01
5.779264214046823156e+01 2.329990996643221957e-02 1.128463972486905664e+00 2.212536229647791841e-01 5.078748932972760866e-01 1.265245707978832890e+01
5.809364548494983893e+01 2.231925609441829869e-02 1.132584503501942619e+00 2.091984121512740491e-01 5.089617392135384888e-01 1.264143913127042573e+01
5.839464882943143920e+01 2.134274062483160553e-02 1.136705034516979573e+00 1.964770461913573352e-01 5.100485851298008910e-01 1.262977966959881648e+01
5.869565217391304657e+01 2.040665859652075406e-02 1.140825565532016528e+00 1.833602217341045448e-01 5.111354310460634043e-01 1.262408065539152702e+01
5.899665551839465394e+01 1.955155862149886986e-02 1.144946096547053482e+00 1.700750467433420621e-01 5.122222769623258065e-01 1.262047734052797310e+01
5.929765886287626131e+01 1.880986171252460246e-02 1.149066627562090215e+00 1.568101892386991603e-01 5.133091228785883198e-01 1.260540616140927739e+01
5.959866220735786158e+01 1.819572071531458737e-02 1.153187158577127169e+00 1.437397779081621141e-01 5.143959687948507220e-01 1.256163479459029020e+01
5.989966555183946895e+01 1.769941083363994055e-02 1.157307689592164124e+00 1.310317545635720782e-01 5.154828147111132353e-01 1.247701606748967151e+01
6.020066889632107632e+01 1.728752091865703652e-02 1.161428220607201078e+00 1.188370296265514880e-01 5.165696606273756375e-01 1.235131191923495031e+01
6.050167224080267658e+01 1.690964597960812124e-02 1.165548751622238033e+00 1.072808356247714201e-01 5.176565065436381508e-01 1.219711906898596432e+01
6.080267558528428395e+01 1.651068633765705174e-02 1.169669282637274987e+00 9.647219963382043517e-02 5.187433524599005530e-01 1.203400858553888497e+01
6.110367892976589133e+01 1.604513373102146173e-02 1.173789813652311720e+00 8.652193893986082074e-02 5.198301983761630662e-01 1.187877762168691298e+01
6.140468227424749870e+01 1.548790909873115108e-02 1.177910344667348674e+00 7.754450240572187403e-02 5.209170442924254685e-01 1.173714967636348661e+01
6.170568561872909896e+01 1.483757269975010534e-02 1.182030875682385629e+00 6.963137459556517639e-02 5.220038902086879817e-01 1.160172103794774401e+01
6.200668896321070633e+01 1.411176383653863636e-02 1.186151406697422583e+00 6.281102231001110814e-02 5.230907361249503840e-01 1.145740446871562490e+01
6.230769230769231370e+01 1.333867196545779690e-02 1.190271937712459538e+00 5.702523364168071013e-02 5.241775820412128972e-01 1.129113794822544925e+01
6.260869565217392108e+01 1.254929366921234135e-02 1.194392468727496270e+00 5.214011317980198068e-02 5.252644279574752995e-01 1.110009288377783143e+01
6.290969899665552134e+01 1.177285293405832926e-02 1.198512999742533225e+00 4.798335693730117896e-02 5.263512738737378127e-01 1.089363561669046732e+01
6.321070234113712871e+01 1.103443176084648210e-02 1.202633530757570179e+00 4.438169607509662162e-02 5.274381197900002149e-01 1.068813656066013529e+01
6.351170568561873608e+01 1.035246739660657458e-02 1.206754061772607134e+00 4.117738647962886078e-02 5.285249657062627282e-01 1.049792286783979556e+01
6.381270903010033635e+01 9.735275285614804208e-03 1.210874592787644088e+00 3.822342141507529406e-02 5.296118116225251304e-01 1.032766079510556878e+01
6.411371237458195083e+01 9.178469268991086213e-03 1.214995123802681043e+00 3.537491119690353708e-02 5.306986575387876437e-01 1.017014831908255701e+01
6.441471571906355109e+01 8.666285830402147353e-03 1.219115654817717775e+00 3.249518415920452097e-02 5.317855034550500459e-01 1.000994039945139313e+01
6.471571906354515136e+01 8.177977957062057546e-03 1.223236185832754730e+00 2.948094039278921497e-02 5.328723493713125592e-01 9.829884977592637796e+00
6.501672240802676583e+01 7.696925932916303531e-03 1.227356716847791684e+00 2.629375965454611164e-02 5.339591952875749614e-01 9.616759686078045988e+00
6.531772575250836610e+01 7.217803477619278395e-03 1.231477247862828639e+00 2.297805162027336673e-02 5.350460412038374747e-01 9.364099996850843155e+00
6.561872909698996637e+01 6.747956611353183622e-03 1.235597778877865593e+00 1.965220828968189046e-02 5.361328871200998769e-01 9.072957961342153155e+00
6.591973244147158084e+01 6.302477418849782020e-03 1.239718309892902548e+00 1.647465484943909375e-02 5.372197330363623902e-01 8.752058065842572177e+00
6.622073578595318111e+01 5.895899208211417310e-03 1.243838840907939280e+00 1.359953488085089215e-02 5.383065789526247924e-01 8.417183819272221257e+00
6.652173913043478137e+01 5.534910711209719246e-03 1.247959371922976235e+00 1.114022347928176129e-02 5.393934248688873057e-01 8.088124440114356162e+00
6.682274247491639585e+01 5.215481108494232805e-03 1.252079902938013189e+00 9.152021021424367256e-03 5.404802707851497079e-01 7.782618507914753181e+00
6.712374581939799612e+01 4.925206311574945213e-03 1.256200433953050144e+00 7.634013741211825681e-03 5.415671167014122211e-01 7.509685711353452753e+00
6.742474916387959638e+01 4.649007332940772314e-03 1.260320964968087099e+00 6.541788853103322129e-03 5.426539626176746234e-01 7.266265784228610691e+00
6.772575250836121086e+01 4.374894791482322222e-03 1.264441495983124053e+00 5.801641745075015316e-03 5.437408085339371366e-01 7.039292146509726678e+00
6.802675585284281112e+01 4.097027560894330594e-03 1.268562026998160785e+00 5.321782795354313388e-03 5.448276544501995389e-01 6.811790089220814970e+00
6.832775919732442560e+01 3.815266984799292778e-03 1.272682558013197740e+00 5.001939022330456446e-03 5.459145003664620521e-01 6.569386064010795501e+00
6.862876254180602587e+01 3.532471879954082825e-03 1.276803089028234695e+00 4.745045069546016334e-03 5.470013462827244544e-01 6.304212208520253213e+00
6.892976588628762613e+01 3.251617526633428321e-03 1.280923620043271649e+00 4.472124574131978135e-03 5.480881921989869676e-01 6.015547820548208691e+00
6.923076923076924061e+01 2.974240792515051805e-03 1.285044151058308604e+00 4.136514492330178351e-03 5.491750381152493699e-01 5.708506814054141287e+00
6.953177257525084087e+01 2.700498914833989773e-03 1.289164682073345558e+00 3.730674741871867553e-03 5.502618840315118831e-01 5.392263549402421141e+00
6.983277591973244114e+01 2.430206610563762602e-03 1.293285213088382291e+00 3.280905014314653822e-03 5.513487299477742853e-01 5.078104151537493394e+00
7.013377926421405562e+01 2.163976611998633809e-03 1.297405744103419245e+00 2.831452644344277948e-03 5.524355758640366876e-01 4.776718923129066319e+00
7.043478260869565588e+01 1.903877346175714830e-03 1.301526275118456200e+00 2.425446595247266347e-03 5.535224217802992008e-01 4.494831483483752166e+00
7.073578595317725615e+01 1.653465640695010296e-03 1.305646806133493154e+00 2.091471233729979944e-03 5.546092676965617141e-01 4.232733705392853096e+00
7.103678929765887062e+01 1.417340085589474099e-03 1.309767337148530109e+00 1.840504981967267016e-03 5.556961136128241163e-01 3.984631138488959223e+00
7.133779264214047089e+01 1.200397674259160840e-03 1.313887868163567063e+00 1.671619144934369900e-03 5.567829595290865186e-01 3.742118517027721136e+00
7.163879598662208537e+01 1.006908904034921077e-03 1.318008399178603796e+00 1.580787149070914414e-03 5.578698054453490318e-01 3.498921366065704142e+00
7.193979933110368563e+01 8.395614986258827239e-04 1.322128930193640750e+00 1.567515760871963535e-03 5.589566513616115451e-01 3.254171976450649595e+00
7.224080267558528590e+01 6.987714160959954905e-04 1.326249461208677705e+00 1.637212164864954239e-03 5.600434972778739473e-01 3.012528239999131330e+00
7.254180602006690037e+01 5.826095205894118480e-04 1.330369992223714659e+00 1.800015983017262938e-03 5.611303431941363495e-01 2.781450122360476396e+00
7.284280936454850064e+01 4.874708161259373859e-04 1.334490523238751614e+00 2.067468507449024464e-03 5.622171891103988628e-01 2.567523922598260899e+00
7.314381270903010090e+01 4.092214600083871534e-04 1.338611054253788346e+00 2.447697636888341525e-03 5.633040350266613761e-01 2.373946139772918684e+00
7.344481605351171538e+01 3.442901100978496454e-04 1.342731585268825301e+00 2.939642521194977490e-03 5.643908809429237783e-01 2.200129765844208496e+00
7.374581939799331565e+01 2.902276936977402533e-04 1.346852116283862255e+00 3.527824489484970936e-03 5.654777268591861805e-01 2.042845084467621142e+00
7.404682274247491591e+01 2.455928238079125550e-04 1.350972647298899210e+00 4.180109769494505002e-03 5.665645727754486938e-01 1.897657319665175368e+00
7.434782608695653039e+01 2.094004674751411921e-04 1.355093178313936164e+00 4.850465513188983481e-03 5.676514186917112070e-01 1.760056572529596242e+00
7.464882943143813065e+01 1.805701193981373604e-04 1.359213709328972897e+00 5.486970377133123210e-03 5.687382646079736093e-01 1.626576534303224131e+00
7.494983277591973092e+01 1.577235738318621483e-04 1.363334240344009851e+00 6.043462427552118155e-03 5.698251105242360115e-01 1.496132650992556101e+00
7.525083612040134540e+01 1.393813842369106529e-04 1.367454771359046806e+00 6.491855085116017901e-03 5.709119564404985248e-01 1.370876390743040130e+00
7.555183946488294566e+01 1.243050796227179072e-04 1.371575302374083760e+00 6.831063681346671856e-03 5.719988023567610380e-01 1.255423761605389821e+00
7.585284280936456014e+01 1.116563058813536692e-04 1.375695833389120715e+00 7.087840002276745398e-03 5.730856482730234402e-01 1.154285957291279363e+00
7.615384615384616041e+01 1.008502349216232769e-04 1.379816364404157669e+00 7.306206921819325718e-03 5.741724941892858425e-01 1.068926875765756401e+00
7.645484949832776067e+01 9.128145806124748386e-05 1.383936895419194402e+00 7.527036059002712408e-03 5.752593401055483557e-01 9.964391163885710778e-01
7.675585284280937515e+01 8.221960476936323009e-05 1.388057426434231356e+00 7.765968367814480092e-03 5.763461860218108690e-01 9.307204689922145002e-01
7.705685618729097541e+01 7.300310792546975489e-05 1.392177957449268311e+00 8.001361097662878022e-03 5.774330319380732712e-01 8.652834954014799740e-01
7.735785953177257568e+01 6.336986894444528390e-05 1.396298488464305265e+00 8.179987271465866822e-03 5.785198778543356735e-01 7.959446423989160468e-01
7.765886287625419016e+01 5.362578583782741663e-05 1.400419019479342220e+00 8.238101670895656148e-03 5.796067237705981867e-01 7.220811270886274835e-01
7.795986622073579042e+01 4.448149786897258735e-05 1.404539550494378952e+00 8.126227106607097905e-03 5.806935696868607000e-01 6.462029765541941195e-01
7.826086956521739069e+01 3.665125498495236769e-05 1.408660081509415907e+00 7.824676060754928025e-03 5.817804156031231022e-01 5.723947504834377975e-01
7.856187290969900516e+01 3.047576213269665574e-05 1.412780612524452861e+00 7.344199313898803691e-03 5.828672615193855044e-01 5.044705387813644970e-01
7.886287625418060543e+01 2.578943418199311326e-05 1.416901143539489816e+00 6.716047879153985017e-03 5.839541074356480177e-01 4.446217676881923375e-01
7.916387959866221991e+01 2.207054321178416871e-05 1.421021674554526770e+00 5.980595367935510193e-03 5.850409533519105310e-01 3.930396777131764940e-01
7.946488294314382017e+01 1.874196972627491551e-05 1.425142205569563725e+00 5.180984384401734859e-03 5.861277992681729332e-01 3.485066828713332954e-01
7.976588628762542044e+01 1.543439907035176452e-05 1.429262736584600457e+00 4.361818162618390053e-03 5.872146451844353354e-01 3.094764937077982836e-01
8.006688963210703491e+01 1.208702422301422417e-05 1.433383267599637412e+00 3.568550315335080724e-03 5.883014911006978487e-01 2.749901827174335289e-01
8.036789297658863518e+01 8.877042036667996764e-06 1.437503798614674366e+00 2.843761967619868550e-03 5.893883370169603619e-01 2.449701478320231995e-01
8.066889632107023544e+01 6.059994206338838537e-06 1.441624329629711321e+00 2.220333181424290203e-03 5.904751829332227642e-01 2.198146628104657163e-01
8.096989966555184992e+01 3.824391043122600376e-06 1.445744860644748275e+00 1.714911928935565141e-03 5.915620288494851664e-01 1.995980841469565670e-01
8.127090301003345019e+01 2.223714193342467400e-06 1.449865391659785230e+00 1.325542896767352517e-03 5.926488747657476797e-01 1.834393481198528519e-01
8.157190635451505045e+01 1.188700446733475343e-06 1.453985922674821962e+00 1.034986213026202473e-03 5.937357206820101929e-01 1.695513790798012232e-01
8.187290969899666493e+01 5.832548952237626593e-07 1.458106453689858917e+00 8.181523862707782173e-04 5.948225665982725952e-01 1.560225696149946939e-01
8.217391304347826519e+01 2.623490693044805788e-07 1.462226984704895871e+00 6.502787936625248170e-04 5.959094125145349974e-01 1.417871489013990127e-01
8.247491638795986546e+01 1.080521006825968786e-07 1.466347515719932826e+00 5.127556058889055001e-04 5.969962584307975106e-01 1.270574555529102312e-01
8.277591973244147994e+01 4.070420196843479107e-08 1.470468046734969780e+00 3.952240229979031246e-04 5.980831043470600239e-01 1.129373972444653179e-01
8.307692307692308020e+01 1.400974305489076265e-08 1.474588577750006735e+00 2.944460163894331789e-04 5.991699502633224261e-01 1.005965381244163098e-01
8.337792642140469468e+01 4.401018849856416555e-09 1.478709108765043467e+00 2.115256385394393465e-04 6.002567961795848284e-01 9.064061979630878840e-02
8.367892976588629494e+01 1.260598795535031668e-09 1.482829639780080422e+00 1.491113606775413571e-04 6.013436420958473416e-01 8.300553622798312325e-02
8.397993311036789521e+01 3.289258035093629925e-10 1.486950170795117376e+00 1.095478013322081492e-04 6.024304880121098549e-01 7.722133206539281980e-02
8.428093645484950969e+01 7.811727733260749790e-11 1.491070701810154331e+00 9.408586423480542874e-05 6.035173339283722571e-01 7.269759813193343856e-02
8.458193979933110995e+01 1.687299741093652062e-11 1.495191232825191285e+00 1.026439288013441170e-04 6.046041798446346593e-01 6.884418268461611756e-02
8.488294314381271022e+01 3.312374718058893071e-12 1.499311763840228240e+00 1.334884282030114535e-04 6.056910257608971726e-01 6.508909917452031235e-02
8.518394648829432469e+01 5.906526980046619977e-13 1.503432294855264972e+00 1.825675421770581750e-04 6.067778716771596859e-01 6.092878306842641062e-02
8.548494983277592496e+01 9.562005625253764073e-14 1.507552825870301927e+00 2.428253881499672527e-04 6.078647175934220881e-01 5.603685290401182184e-02
8.578595317725752523e+01 1.404754814950235380e-14 1.511673356885338881e+00 3.042302959468323135e-04 6.089515635096844903e-01 5.034208701475457320e-02
8.608695652173913970e+01 1.872087374435450209e-15 1.515793887900375836e+00 3.551296830799407361e-04 6.100384094259470036e-01 4.399842153868932515e-02
8.638795986622073997e+01 2.262508401057569362e-16 1.519914418915412790e+00 3.848769744651806186e-04 6.111252553422095168e-01 3.727485443142778548e-02
8.668896321070235444e+01 2.479013936152601014e-17 1.524034949930449523e+00 3.868395391057387160e-04 6.122121012584719191e-01 3.046035179385365305e-02
8.698996655518395471e+01 2.462051763232569530e-18 1.528155480945486477e+00 3.604541895506549183e-04 6.132989471747343213e-01 2.383980655436617607e-02
8.729096989966555498e+01 2.215977512246013323e-19 1.532276011960523432e+00 3.113073850530395626e-04 6.143857930909968346e-01 1.770964740128698825e-02
8.759197324414716945e+01 1.807245935610731987e-20 1.536396542975560386e+00 2.491478527695094314e-04 6.154726390072593478e-01 1.236589445574256055e-02
8.789297658862876972e+01 1.335358263297961990e-21 1.540517073990597341e+00 1.847307052013411987e-04 6.165594849235217501e-01 8.041061680142094076e-03
8.819397993311036998e+01 8.938427987290312492e-23 1.544637605005634295e+00 1.268516493833293183e-04 6.176463308397841523e-01 4.830067491106949766e-03
8.849498327759198446e+01 5.419624445405529450e-24 1.548758136020671028e+00 8.064323736860009727e-05 6.187331767560466655e-01 2.662210724896226736e-03
8.879598662207358473e+01 2.976392830191570367e-25 1.552878667035707982e+00 4.744375368822845856e-05 6.198200226723091788e-01 1.339230535920697424e-03
8.909698996655518499e+01 1.480464331841951328e-26 1.556999198050744937e+00 2.581932404976486372e-05 6.209068685885715810e-01 6.122693775563961159e-04
8.939799331103679947e+01 6.669157846585084798e-28 1.561119729065781891e+00 1.299205543791081168e-05 6.219937145048339833e-01 2.535266564781596594e-04
8.969899665551839973e+01 2.724115809338323265e-29 1.565240260080818846e+00 6.042164410959797389e-06 6.230805604210964965e-01 9.481913459388849894e-05
9.000000000000000000e+01 2.010337688106024098e-30 1.569360791095855800e+00 2.596029392154335866e-06 6.241674063373588988e-01 3.195692090811877499e-05
