0.000000000000000000e+00 4.705190389937458128e-04 6.385686321932759757e-04 9.351422420755886589e-04 1.507526321522165147e-04 1.227333657519377383e-02
3.010033444816053727e-01 4.755123390484584543e-04 1.100191384944166836e-02 9.684497909346169789e-04 4.564271071175547180e-03 1.236470894482276199e-02
6.020066889632107454e-01 4.881507693630501767e-04 2.136525906669006075e-02 1.054408873756241356e-03 8.977789510198877845e-03 1.263216315874477955e-02
9.030100334448161181e-01 5.028639261441296892e-04 3.172860428393844967e-02 1.175640311807097868e-03 1.339130794922220938e-02 1.308301254240781461e-02
1.204013377926421491e+00 5.142331614799987597e-04 4.209194950118684553e-02 1.308327863173461064e-03 1.780482638824553918e-02 1.371076040971132629e-02
1.505016722408026864e+00 5.201494938652595837e-04 5.245529471843524139e-02 1.428757761414115469e-03 2.221834482726886897e-02 1.448107655549337250e-02
1.806020066889632236e+00 5.230057790351892201e-04 6.281863993568362337e-02 1.520353666488846647e-03 2.663186326629220224e-02 1.532811229851431187e-02
2.107023411371237387e+00 5.284982427711567687e-04 7.318198515293201922e-02 1.578174061567765105e-03 3.104538170531553204e-02 1.616268863150533558e-02
2.408026755852842982e+00 5.428378938514426310e-04 8.354533037018041508e-02 1.608644395788025837e-03 3.545890014433886184e-02 1.688888084818674501e-02
2.709030100334448576e+00 5.700156617117674079e-04 9.390867558742881094e-02 1.624981743230101330e-03 3.987241858336219164e-02 1.742456880204455022e-02
3.010033444816053727e+00 6.109558944718858223e-04 1.042720208046772068e-01 1.641292334679389378e-03 4.428593702238552143e-02 1.772182112457347525e-02
3.311036789297658878e+00 6.651476497076833170e-04 1.146353660219255888e-01 1.668620355776831172e-03 4.869945546140885123e-02 1.778159028479822309e-02
3.612040133779264472e+00 7.330477887224091244e-04 1.249987112391739846e-01 1.714272398556675268e-03 5.311297390043218797e-02 1.765578795049436989e-02
3.913043478260870067e+00 8.166218654857553428e-04 1.353620564564223805e-01 1.783446254292325641e-03 5.752649233945551777e-02 1.743306412816651371e-02
4.214046822742474774e+00 9.173263553191366272e-04 1.457254016736707625e-01 1.881329936836328076e-03 6.194001077847884756e-02 1.721346025432519966e-02
4.515050167224080369e+00 1.033572469198038675e-03 1.560887468909191722e-01 2.014393788240946646e-03 6.635352921750217736e-02 1.708506628939887931e-02
4.816053511705685963e+00 1.160155842502706876e-03 1.664520921081675542e-01 2.190314695194031745e-03 7.076704765652550022e-02 1.711434276708767230e-02
5.117056856187291558e+00 1.290280490677506641e-03 1.768154373254159362e-01 2.416173294329386576e-03 7.518056609554885084e-02 1.735001395827643830e-02
5.418060200668897153e+00 1.419054899219351863e-03 1.871787825426643459e-01 2.694920439499622847e-03 7.959408453457217369e-02 1.782819328141406479e-02
5.719063545150501859e+00 1.546758923415325398e-03 1.975421277599127279e-01 3.021382921402879316e-03 8.400760297359549655e-02 1.856560572850572688e-02
6.020066889632107454e+00 1.680008596860646823e-03 2.079054729771611376e-01 3.380564058249497638e-03 8.842112141261881941e-02 1.954063770490297586e-02
6.321070234113713049e+00 1.829275126243351274e-03 2.182688181944095196e-01 3.750842429210762309e-03 9.283463985164217003e-02 2.067797193922503440e-02
6.622073578595317755e+00 2.003170471658870678e-03 2.286321634116579016e-01 4.112034621171263386e-03 9.724815829066549289e-02 2.185743185971641966e-02
6.923076923076923350e+00 2.202771055076884962e-03 2.389955086289063113e-01 4.454777699282166069e-03 1.016616767296888157e-01 2.295528134165764761e-02
7.224080267558528945e+00 2.420120554730791681e-03 2.493588538461546933e-01 4.786172038268404934e-03 1.060751951687121664e-01 2.390355776131502380e-02
7.525083612040134540e+00 2.642387659446188142e-03 2.597221990634031030e-01 5.128479065917845858e-03 1.104887136077354892e-01 2.473513043628988023e-02
7.826086956521740134e+00 2.858805614447554322e-03 2.700855442806514572e-01 5.511486661087111605e-03 1.149022320467588121e-01 2.558257746156936130e-02
8.127090301003345729e+00 3.065017355831375391e-03 2.804488894978999225e-01 5.962232592948970775e-03 1.193157504857821349e-01 2.662108868251535435e-02
8.428093645484949548e+00 3.261367573604856147e-03 2.908122347151482767e-01 6.496493617626647628e-03 1.237292689248054856e-01 2.797918229626902842e-02
8.729096989966555142e+00 3.447343508918406397e-03 3.011755799323966309e-01 7.115062860471430342e-03 1.281427873638288084e-01 2.966594009405680230e-02
9.030100334448160737e+00 3.618732595772086984e-03 3.115389251496450962e-01 7.805516358945094324e-03 1.325563058028521313e-01 3.156119950971452565e-02
9.331103678929766332e+00 3.771573364631431238e-03 3.219022703668934504e-01 8.547969397369450592e-03 1.369698242418754819e-01 3.348254079810264461e-02
9.632107023411371927e+00 3.908884842150519082e-03 3.322656155841418046e-01 9.322054770805504251e-03 1.413833426808988047e-01 3.529779530665751869e-02
9.933110367892977521e+00 4.041410551116637190e-03 3.426289608013902699e-01 1.011255603867052509e-02 1.457968611199221276e-01 3.702313359378928831e-02
1.023411371237458312e+01 4.179013437030155639e-03 3.529923060186386241e-01 1.091255425638243924e-02 1.502103795589454782e-01 3.885420139388453403e-02
1.053511705685618871e+01 4.320226329325837361e-03 3.633556512358869783e-01 1.172439318588624525e-02 1.546238979979688011e-01 4.111605114623694684e-02
1.083612040133779431e+01 4.451614946937771690e-03 3.737189964531354436e-01 1.255907781404919966e-02 1.590374164369921239e-01 4.415988238766502261e-02
1.113712374581939812e+01 4.560240410839908227e-03 3.840823416703837978e-01 1.343406625506213085e-02 1.634509348760154468e-01 4.825308804005148250e-02
1.143812709030100372e+01 4.649509898496167679e-03 3.944456868876321520e-01 1.436911381553449517e-02 1.678644533150387974e-01 5.349706413481710582e-02
1.173913043478260931e+01 4.744644226496438910e-03 4.048090321048806173e-01 1.538066979184424254e-02 1.722779717540621203e-01 5.978294594634869091e-02
1.204013377926421491e+01 4.883589294947338934e-03 4.151723773221289715e-01 1.647654110287528201e-02 1.766914901930854431e-01 6.678356564322161792e-02
1.234113712374582050e+01 5.102518659497586213e-03 4.255357225393773257e-01 1.765289323775388192e-02 1.811050086321087937e-01 7.398685469456647845e-02
1.264214046822742610e+01 5.427453606162588491e-03 4.358990677566257910e-01 1.889522597858656755e-02 1.855185270711321166e-01 8.078357286181622743e-02
1.294314381270903169e+01 5.872960079905451165e-03 4.462624129738741452e-01 2.018480867956514921e-02 1.899320455101554395e-01 8.660861633127572845e-02
1.324414715719063551e+01 6.439941646712211802e-03 4.566257581911224994e-01 2.151202221473054801e-02 1.943455639491787623e-01 9.110089854603506399e-02
1.354515050167224111e+01 7.109446345696438657e-03 4.669891034083709647e-01 2.289599980051915465e-02 1.987590823882021129e-01 9.421869397300383642e-02
1.384615384615384670e+01 7.840320268331420900e-03 4.773524486256193189e-01 2.440465099677860406e-02 2.031726008272254358e-01 9.625331016855896704e-02
1.414715719063545230e+01 8.578892472307933503e-03 4.877157938428676731e-01 2.616355604456190725e-02 2.075861192662487587e-01 9.772585242039369402e-02
1.444816053511705789e+01 9.277683731716196425e-03 4.980791390601161384e-01 2.834216120663453353e-02 2.119996377052721093e-01 9.920439268197822624e-02
1.474916387959866348e+01 9.912070446816132960e-03 5.084424842773644926e-01 3.111412460022943902e-02 2.164131561442954321e-01 1.011131297691001130e-01
1.505016722408026908e+01 1.048706292497742117e-02 5.188058294946128468e-01 3.460178971259310343e-02 2.208266745833187550e-01 1.036086544096658374e-01
1.535117056856187467e+01 1.103366746729730549e-02 5.291691747118613121e-01 3.882493174568740074e-02 2.252401930223420778e-01 1.065733480750357537e-01
1.565217391304348027e+01 1.159734373593335720e-02 5.395325199291096663e-01 4.367564245624208641e-02 2.296537114613654285e-01 1.097281809405927788e-01
1.595317725752508409e+01 1.222162714311985157e-02 5.498958651463580205e-01 4.893382283731531612e-02 2.340672299003887513e-01 1.128088479053224319e-01
1.625418060200669146e+01 1.293276335718971520e-02 5.602592103636064857e-01 5.432352969198685211e-02 2.384807483394120742e-01 1.157087896419434214e-01
1.655518394648829528e+01 1.373354055017050185e-02 5.706225555808548400e-01 5.959326727361499015e-02 2.428942667784353970e-01 1.185050339261212865e-01
1.685618729096989910e+01 1.461036180570436140e-02 5.809859007981031942e-01 6.459011847762580194e-02 2.473077852174587477e-01 1.213544443105095266e-01
1.715719063545150647e+01 1.554863734920478545e-02 5.913492460153516594e-01 6.929750337974865948e-02 2.517213036564820428e-01 1.243358164741919236e-01
1.745819397993311028e+01 1.654656485406962724e-02 6.017125912326000137e-01 7.382357235114600513e-02 2.561348220955053656e-01 1.273520443531492574e-01
1.775919732441471766e+01 1.761991591431708026e-02 6.120759364498483679e-01 7.835322765551708257e-02 2.605483405345286885e-01 1.301648484771177616e-01
1.806020066889632147e+01 1.879521525190815112e-02 6.224392816670968331e-01 8.309287315974898946e-02 2.649618589735520113e-01 1.325429865189391709e-01
1.836120401337792885e+01 2.009228544366482849e-02 6.328026268843451874e-01 8.822997635917760595e-02 2.693753774125753897e-01 1.344296682979842505e-01
1.866220735785953266e+01 2.150321590713375960e-02 6.431659721015935416e-01 9.390606502728271465e-02 2.737888958515987126e-01 1.360253764654606179e-01
1.896321070234114003e+01 2.298290459585379183e-02 6.535293173188420068e-01 1.001850950719786471e-01 2.782024142906220354e-01 1.377384409801135912e-01
1.926421404682274385e+01 2.446501112269472075e-02 6.638926625360903611e-01 1.070077056388134273e-01 2.826159327296453583e-01 1.400346130370108411e-01
1.956521739130434767e+01 2.589883879803774047e-02 6.742560077533387153e-01 1.141502448129766562e-01 2.870294511686686811e-01 1.432662918453561085e-01
1.986622073578595504e+01 2.728064337636729175e-02 6.846193529705871805e-01 1.212290400904380144e-01 2.914429696076920040e-01 1.475570710594321377e-01
2.016722408026755886e+01 2.865211618141629349e-02 6.949826981878355348e-01 1.277809270964878341e-01 2.958564880467153269e-01 1.527748212911407832e-01
2.046822742474916623e+01 3.006565157265947072e-02 7.053460434050838890e-01 1.334104489733622390e-01 3.002700064857387052e-01 1.585850604235796990e-01
2.076923076923077005e+01 3.154549195941225986e-02 7.157093886223323542e-01 1.379474859354968830e-01 3.046835249247620281e-01 1.645585616675873109e-01
2.107023411371237742e+01 3.307574336443034474e-02 7.260727338395807084e-01 1.415379846934037844e-01 3.090970433637853509e-01 1.703045700486614245e-01
2.137123745819398124e+01 3.461948438148524515e-02 7.364360790568290627e-01 1.446115977984576417e-01 3.135105618028086738e-01 1.755963804206860379e-01
2.167224080267558861e+01 3.614547470614668662e-02 7.467994242740775279e-01 1.477252839440239274e-01 3.179240802418319967e-01 1.804511840363068886e-01
2.197324414715719243e+01 3.763594721324282216e-02 7.571627694913258821e-01 1.513431749089259315e-01 3.223375986808553195e-01 1.851360684300072390e-01
2.227424749163879625e+01 3.907052211101992578e-02 7.675261147085742364e-01 1.556473707520408534e-01 3.267511171198786424e-01 1.900964942909454114e-01
2.257525083612040362e+01 4.040499034578442367e-02 7.778894599258227016e-01 1.604622825558174870e-01 3.311646355589020208e-01 1.958228374275073069e-01
2.287625418060200744e+01 4.156754722553155507e-02 7.882528051430710558e-01 1.653224567403630552e-01 3.355781539979253436e-01 2.026766360200939476e-01
2.317725752508361481e+01 4.247877275905433819e-02 7.986161503603194101e-01 1.696486689651016122e-01 3.399916724369486665e-01 2.107103248093029346e-01
2.347826086956521863e+01 4.308477452142840669e-02 8.089794955775678753e-01 1.729532956652324871e-01 3.444051908759719893e-01 2.195461337284708436e-01
2.377926421404682600e+01 4.338976230416480978e-02 8.193428407948162295e-01 1.749934608736428698e-01 3.488187093149953122e-01 2.284022452373898060e-01
2.408026755852842982e+01 4.347803821320363193e-02 8.297061860120646948e-01 1.758253154345825742e-01 3.532322277540186350e-01 2.363172431358801784e-01
2.438127090301003363e+01 4.351294258235501727e-02 8.400695312293130490e-01 1.757616678547322397e-01 3.576457461930419579e-01 2.425214578122997233e-01
2.468227424749164101e+01 4.369686022669837244e-02 8.504328764465614032e-01 1.752700759665635488e-01 3.620592646320653363e-01 2.467989740413978339e-01
2.498327759197324482e+01 4.419186474237708773e-02 8.607962216638098685e-01 1.748542557375710182e-01 3.664727830710886591e-01 2.496572223765928522e-01
2.528428093645485220e+01 4.503690580577796726e-02 8.711595668810582227e-01 1.749453960280430154e-01 3.708863015101119820e-01 2.522002857773728568e-01
2.558528428093645601e+01 4.612011679999792474e-02 8.815229120983065769e-01 1.758138563068620541e-01 3.752998199491353049e-01 2.557454549107180952e-01
2.588628762541806339e+01 4.723672340116111257e-02 8.918862573155550422e-01 1.775118434090192654e-01 3.797133383881586277e-01 2.613537264994085230e-01
2.618729096989966720e+01 4.819861968036744798e-02 9.022496025328033964e-01 1.798674794928433185e-01 3.841268568271819506e-01 2.694954791214844714e-01
2.648829431438127102e+01 4.892231468342018302e-02 9.126129477500517506e-01 1.825478488529921894e-01 3.885403752662052734e-01 2.800093459081244296e-01
2.678929765886287839e+01 4.944481282590115767e-02 9.229762929673002159e-01 1.851811000495949266e-01 3.929538937052286518e-01 2.923567540692390554e-01
2.709030100334448221e+01 4.987280948872802044e-02 9.333396381845485701e-01 1.874916106943961269e-01 3.973674121442519747e-01 3.060080043841253428e-01
2.739130434782608958e+01 5.030730820575789880e-02 9.437029834017969243e-01 1.893894804005121502e-01 4.017809305832752975e-01 3.207242828188989203e-01
2.769230769230769340e+01 5.078712119557194510e-02 9.540663286190453896e-01 1.909816350455328660e-01 4.061944490222986204e-01 3.365805467354435199e-01
2.799331103678930077e+01 5.127585467637400113e-02 9.644296738362937438e-01 1.925178804449950709e-01 4.106079674613219432e-01 3.537571430559254271e-01
2.829431438127090459e+01 5.169057397995783371e-02 9.747930190535420980e-01 1.943155201996069614e-01 4.150214859003452661e-01 3.722811072681498357e-01
2.859531772575251196e+01 5.194539176809488679e-02 9.851563642707905633e-01 1.967018848593584945e-01 4.194350043393685890e-01 3.919090942195010974e-01
2.889632107023411578e+01 5.197792283617542336e-02 9.955197094880389175e-01 1.999882266520519591e-01 4.238485227783919673e-01 4.122151715083787749e-01
2.919732441471571960e+01 5.175068874728359219e-02 1.005883054705287272e+00 2.044666986144872967e-01 4.282620412174152902e-01 4.327914289895108957e-01
2.949832775919732697e+01 5.124986280639435426e-02 1.016246399922535737e+00 2.104153242675388946e-01 4.326755596564386130e-01 4.534100526265988362e-01
2.979933110367893079e+01 5.050300756654101109e-02 1.026609745139784202e+00 2.180955191433245066e-01 4.370890780954619359e-01 4.740613571364567513e-01
3.010033444816053816e+01 4.960279839786567446e-02 1.036973090357032445e+00 2.277255448843830132e-01 4.415025965344852588e-01 4.948971325667856358e-01
3.040133779264214198e+01 4.869766059399335129e-02 1.047336435574280911e+00 2.394192762168912691e-01 4.459161149735085816e-01 5.161684519449688535e-01
3.070234113712374935e+01 4.793163228859567693e-02 1.057699780791529376e+00 2.531031217548210810e-01 4.503296334125319045e-01 5.382087055937917475e-01
3.100334448160535317e+01 4.736813160607251938e-02 1.068063126008777619e+00 2.684548012693840358e-01 4.547431518515552273e-01 5.614237942404544102e-01
3.130434782608696054e+01 4.695720270124428830e-02 1.078426471226026084e+00 2.849168861674294395e-01 4.591566702905786057e-01 5.862072081798437306e-01
3.160535117056856436e+01 4.657130653802410425e-02 1.088789816443274550e+00 3.018068205855344299e-01 4.635701887296019286e-01 6.127576657481711431e-01
3.190635451505016817e+01 4.607638324560364707e-02 1.099153161660522793e+00 3.184894947482214134e-01 4.679837071686252514e-01 6.409029162313043537e-01
3.220735785953177555e+01 4.538451741230767333e-02 1.109516506877771258e+00 3.345387420504860043e-01 4.723972256076485743e-01 6.701072067515512209e-01
3.250836120401338292e+01 4.446611703572291019e-02 1.119879852095019723e+00 3.498199321343038459e-01 4.768107440466718971e-01 6.997659609519890633e-01
3.280936454849498318e+01 4.333842163424493632e-02 1.130243197312267966e+00 3.644713905649055175e-01 4.812242624856952200e-01 7.296971377765909539e-01
3.311036789297659055e+01 4.205268002998942267e-02 1.140606542529516432e+00 3.788145476515569765e-01 4.856377809247185429e-01 7.605674522001937277e-01
3.341137123745819792e+01 4.068379213130030730e-02 1.150969887746764897e+00 3.932492084564681578e-01 4.900512993637419212e-01 7.939774229391586280e-01
3.371237458193979819e+01 3.931570218891279611e-02 1.161333232964013140e+00 4.081814687003028630e-01 4.944648178027652441e-01 8.320821637954173289e-01
3.401337792642140556e+01 3.802176993165860830e-02 1.171696578181261605e+00 4.240015570284240698e-01 4.988783362417885670e-01 8.768404012105966983e-01
3.431438127090301293e+01 3.684697426783250379e-02 1.182059923398510071e+00 4.411004600871749060e-01 5.032918546808119453e-01 9.291493247420534729e-01
3.461538461538462030e+01 3.579848804377286364e-02 1.192423268615758314e+00 4.599032983170709410e-01 5.077053731198353237e-01 9.881896772231517634e-01
3.491638795986622057e+01 3.484598898163782793e-02 1.202786613833006779e+00 4.809031501286321064e-01 5.121188915588585910e-01 1.051270457382861956e+00
3.521739130434782794e+01 3.392902377320312912e-02 1.213149959050255244e+00 5.046864578216104791e-01 5.165324099978819694e-01 1.114320980455929311e+00
3.551839464882943531e+01 3.296990769237057028e-02 1.223513304267503488e+00 5.319352959303302875e-01 5.209459284369052368e-01 1.172939545616171975e+00
3.581939799331104268e+01 3.189508778739473527e-02 1.233876649484751953e+00 5.633748534073149683e-01 5.253594468759286151e-01 1.223651433693027313e+00
3.612040133779264295e+01 3.066490695386207485e-02 1.244239994702000418e+00 5.996306197056585630e-01 5.297729653149518825e-01 1.264897782065224963e+00
3.642140468227425032e+01 2.929719152555463821e-02 1.254603339919248661e+00 6.409951907282726014e-01 5.341864837539752608e-01 1.297378968391347920e+00
3.672240802675585769e+01 2.786241616065579865e-02 1.264966685136497127e+00 6.871743766602159686e-01 5.386000021929986392e-01 1.323675048833627299e+00
3.702341137123745796e+01 2.644654421416275589e-02 1.275330030353745592e+00 7.371383878588685379e-01 5.430135206320219066e-01 1.347382956599721071e+00
3.732441471571906533e+01 2.510701313764579848e-02 1.285693375570993835e+00 7.891890717139420364e-01 5.474270390710452849e-01 1.372156483976398444e+00
3.762541806020067270e+01 2.385290450764394193e-02 1.296056720788242300e+00 8.412587540387055363e-01 5.518405575100685523e-01 1.400957845353451914e+00
3.792642140468228007e+01 2.265638965188938869e-02 1.306420066005490765e+00 8.913392999989067089e-01 5.562540759490919307e-01 1.435638176847876313e+00
3.822742474916388034e+01 2.147858533452001034e-02 1.316783411222739009e+00 9.378837122026058015e-01 5.606675943881151980e-01 1.476815645131807964e+00
3.852842809364548771e+01 2.029063041811362406e-02 1.327146756439987474e+00 9.800582611537963507e-01 5.650811128271385764e-01 1.523982588167692942e+00
3.882943143812709508e+01 1.908226164170544192e-02 1.337510101657235939e+00 1.017804889967814708e+00 5.694946312661619547e-01 1.575798746858793065e+00
3.913043478260869534e+01 1.786009146707350295e-02 1.347873446874484182e+00 1.051729514129511767e+00 5.739081497051852221e-01 1.630533720165129763e+00
3.943143812709030271e+01 1.664173835734485130e-02 1.358236792091732648e+00 1.082839350816984458e+00 5.783216681442086005e-01 1.686580040504689793e+00
3.973244147157191009e+01 1.545070206280582323e-02 1.368600137308981113e+00 1.112155815689848559e+00 5.827351865832318678e-01 1.742901839821909604e+00
4.003344481605351746e+01 1.431186263103999788e-02 1.378963482526229356e+00 1.140278684600163572e+00 5.871487050222552462e-01 1.799258852210942283e+00
4.033444816053511772e+01 1.324445796824765681e-02 1.389326827743477821e+00 1.167055898514999024e+00 5.915622234612785135e-01 1.856081248332098532e+00
4.063545150501672509e+01 1.225358262161415496e-02 1.399690172960726287e+00 1.191540227982893496e+00 5.959757419003018919e-01 1.913983854702756560e+00
4.093645484949833246e+01 1.132799763420291005e-02 1.410053518177974530e+00 1.212321679697635712e+00 6.003892603393252703e-01 1.973085267871240722e+00
4.123745819397993273e+01 1.045093005838878229e-02 1.420416863395222995e+00 1.228137242378085414e+00 6.048027787783485376e-01 2.032457044760477061e+00
4.153846153846154010e+01 9.619162531521771586e-03 1.430780208612471460e+00 1.238489989765244825e+00 6.092162972173719160e-01 2.090040027753930385e+00
4.183946488294314747e+01 8.854455975118719069e-03 1.441143553829719703e+00 1.243976607861788874e+00 6.136298156563951833e-01 2.143159943940222689e+00
4.214046822742475484e+01 8.193629272670017658e-03 1.451506899046968169e+00 1.246161238657302217e+00 6.180433340954185617e-01 2.189445900078012652e+00
4.244147157190635511e+01 7.661106740809120637e-03 1.461870244264216634e+00 1.247066300229621616e+00 6.224568525344418291e-01 2.227715927374379401e+00
4.274247491638796248e+01 7.245082255529180192e-03 1.472233589481464877e+00 1.248535860199675884e+00 6.268703709734652074e-01 2.258406765290018825e+00
4.304347826086956985e+01 6.897259025840943303e-03 1.482596934698713342e+00 1.251753006771125998e+00 6.312838894124885858e-01 2.283373901573245934e+00
4.334448160535117722e+01 6.556462213376745840e-03 1.492960279915961808e+00 1.257057278598315841e+00 6.356974078515118531e-01 2.305202398596973623e+00
4.364548494983277749e+01 6.177974715890697556e-03 1.503323625133210051e+00 1.264020511630646881e+00 6.401109262905352315e-01 2.326365169719656123e+00
4.394648829431438486e+01 5.749700337880374670e-03 1.513686970350458516e+00 1.271634266959664306e+00 6.445244447295584989e-01 2.348564859317024300e+00
4.424749163879599223e+01 5.289712828418093905e-03 1.524050315567706981e+00 1.278492732706050905e+00 6.489379631685818772e-01 2.372447368581064975e+00
4.454849498327759250e+01 4.832390421808760439e-03 1.534413660784955225e+00 1.282958845522552682e+00 6.533514816076051446e-01 2.397694369871500975e+00
4.484949832775919987e+01 4.413183055572619633e-03 1.544777006002203690e+00 1.283367670482319589e+00 6.577650000466285229e-01 2.423384338884924993e+00
4.515050167224080724e+01 4.057605604509265280e-03 1.555140351219452155e+00 1.278294190899609273e+00 6.621785184856519013e-01 2.448478256886839066e+00
4.545150501672241461e+01 3.775481430968795609e-03 1.565503696436700398e+00 1.266832340179748329e+00 6.665920369246751687e-01 2.472294167523525932e+00
4.575250836120401488e+01 3.560429169554962022e-03 1.575867041653948863e+00 1.248782872094160057e+00 6.710055553636985470e-01 2.494838879400542275e+00
4.605351170568562225e+01 3.394835357497556425e-03 1.586230386871197329e+00 1.224676632172754687e+00 6.754190738027218144e-01 2.516873196146442559e+00
4.635451505016722962e+01 3.258632057752018033e-03 1.596593732088445572e+00 1.195640607463424931e+00 6.798325922417451928e-01 2.539648494905274223e+00
4.665551839464882988e+01 3.137235925238481687e-03 1.606957077305694037e+00 1.163179619979601176e+00 6.842461106807684601e-01 2.564385993316853796e+00
4.695652173913043725e+01 3.024257559613047555e-03 1.617320422522942502e+00 1.128950437490479963e+00 6.886596291197918385e-01 2.591711386617255641e+00
4.725752508361204463e+01 2.918682178312800857e-03 1.627683767740190746e+00 1.094558433581203083e+00 6.930731475588152168e-01 2.621298788526447154e+00
4.755852842809365200e+01 2.819947825952159697e-03 1.638047112957439211e+00 1.061364098119571997e+00 6.974866659978384842e-01 2.651873929982918821e+00
4.785953177257525226e+01 2.724708098229171056e-03 1.648410458174687676e+00 1.030295303677194907e+00 7.019001844368618626e-01 2.681554739265182619e+00
4.816053511705685963e+01 2.627261979305008707e-03 1.658773803391936141e+00 1.001715253973870068e+00 7.063137028758851299e-01 2.708397524026538328e+00
4.846153846153846700e+01 2.523395789940989682e-03 1.669137148609184385e+00 9.754334929393386755e-01 7.107272213149085083e-01 2.731013211464016432e+00
4.876254180602006727e+01 2.414878340437516795e-03 1.679500493826432850e+00 9.509047681340844216e-01 7.151407397539317756e-01 2.749136186237000512e+00
4.906354515050167464e+01 2.310301241592137202e-03 1.689863839043681315e+00 9.275435663464208780e-01 7.195542581929551540e-01 2.763977457507178936e+00
4.936454849498328201e+01 2.220012635709698798e-03 1.700227184260929558e+00 9.049807211725621192e-01 7.239677766319785324e-01 2.778124796230831972e+00
4.966555183946488938e+01 2.148311499549516741e-03 1.710590529478178023e+00 8.831048235652997347e-01 7.283812950710017997e-01 2.794828250869558772e+00
4.996655518394648965e+01 2.089749578604597081e-03 1.720953874695426489e+00 8.618778374685652777e-01 7.327948135100251781e-01 2.816799850176431086e+00
5.026755852842809702e+01 2.033421586865689391e-03 1.731317219912674732e+00 8.410854835146612807e-01 7.372083319490484454e-01 2.844994772202316557e+00
5.056856187290970439e+01 1.971485678156945781e-03 1.741680565129923197e+00 8.202386322792285522e-01 7.416218503880718238e-01 2.877944941146383329e+00
5.086956521739130466e+01 1.903915774080316503e-03 1.752043910347171662e+00 7.987311674920790638e-01 7.460353688270950911e-01 2.911963974831004887e+00
5.117056856187291203e+01 1.835669998241692275e-03 1.762407255564419906e+00 7.761661042470667793e-01 7.504488872661184695e-01 2.942105745211665457e+00
5.147157190635451940e+01 1.770414298902961295e-03 1.772770600781668371e+00 7.526320068207583702e-01 7.548624057051418479e-01 2.963438696455127364e+00
5.177257525083612677e+01 1.707678099406275112e-03 1.783133945998916836e+00 7.287382028727871219e-01 7.592759241441651152e-01 2.972158326850960375e+00
5.207357859531772704e+01 1.645449796226165946e-03 1.793497291216165079e+00 7.053737323862240283e-01 7.636894425831884936e-01 2.966235102882221586e+00
5.237458193979933441e+01 1.584159910073097959e-03 1.803860636433413545e+00 6.833268199750951455e-01 7.681029610222117610e-01 2.945518997451283205e+00
5.267558528428094178e+01 1.527372416689791110e-03 1.814223981650662010e+00 6.629741412737294448e-01 7.725164794612351393e-01 2.911388261797106747e+00
5.297658862876254204e+01 1.478777414603741876e-03 1.824587326867910253e+00 6.441861020104897584e-01 7.769299979002584067e-01 2.866121055060205425e+00
5.327759197324414941e+01 1.438857391589796813e-03 1.834950672085158718e+00 6.264554143622341753e-01 7.813435163392817850e-01 2.812197459358221518e+00
5.357859531772575679e+01 1.404485278217346969e-03 1.845314017302407184e+00 6.091437082956349114e-01 7.857570347783051634e-01 2.751720400495319296e+00
5.387959866220736416e+01 1.371771972918005202e-03 1.855677362519655427e+00 5.917186733451194058e-01 7.901705532173284308e-01 2.686099983755381615e+00
5.418060200668896442e+01 1.339607736592531365e-03 1.866040707736903892e+00 5.739061285337638818e-01 7.945840716563518091e-01 2.616093112376580265e+00
5.448160535117057179e+01 1.310642914985684325e-03 1.876404052954152357e+00 5.557422999035094291e-01 7.989975900953750765e-01 2.542207516429083825e+00
5.478260869565217916e+01 1.288522706620933485e-03 1.886767398171400600e+00 5.375359244671403802e-01 8.034111085343984549e-01 2.465332896166264831e+00
5.508361204013378654e+01 1.273635459407743142e-03 1.897130743388649066e+00 5.197479874811787859e-01 8.078246269734217222e-01 2.387288255597001196e+00
5.538461538461538680e+01 1.261387807352795827e-03 1.907494088605897531e+00 5.028075698613539979e-01 8.122381454124451006e-01 2.310906438242883443e+00
5.568561872909699417e+01 1.245008073667103156e-03 1.917857433823145774e+00 4.869184550567351999e-01 8.166516638514684789e-01 2.239438706025064452e+00
5.598662207357860154e+01 1.220699527511833046e-03 1.928220779040394239e+00 4.719417322066607468e-01 8.210651822904917463e-01 2.175423281899267369e+00
5.628762541806020181e+01 1.190687440353985650e-03 1.938584124257642705e+00 4.574237089533378930e-01 8.254787007295151247e-01 2.119513157480670262e+00
5.658862876254180918e+01 1.161610429270375743e-03 1.948947469474890948e+00 4.427714593169474466e-01 8.298922191685383920e-01 2.069858871855006832e+00
5.688963210702341655e+01 1.139872706589373924e-03 1.959310814692139413e+00 4.275008906208110915e-01 8.343057376075617704e-01 2.022406390028534062e+00
5.719063545150502392e+01 1.127959558622386839e-03 1.969674159909387878e+00 4.114456757053151503e-01 8.387192560465850377e-01 1.972036933629115918e+00
5.749163879598662419e+01 1.124318403823290798e-03 1.980037505126636121e+00 3.948407900211204913e-01 8.431327744856084161e-01 1.914101940491211629e+00
5.779264214046823156e+01 1.126019056550949709e-03 1.990400850343884587e+00 3.782604384751238058e-01 8.475462929246317945e-01 1.845784437360808772e+00
5.809364548494983893e+01 1.131373627444041572e-03 2.000764195561132830e+00 3.624538490638456456e-01 8.519598113636550618e-01 1.766858469484812177e+00
5.839464882943143920e+01 1.140412785043244974e-03 2.011127540778381295e+00 3.481502800151774490e-01 8.563733298026784402e-01 1.679684864731395333e+00
5.869565217391304657e+01 1.153205975635401923e-03 2.021490885995629760e+00 3.358919103406758366e-01 8.607868482417017075e-01 1.588527320100587392e+00
5.899665551839465394e+01 1.167558120272993135e-03 2.031854231212878226e+00 3.259215776231833561e-01 8.652003666807250859e-01 1.498435260670795355e+00
5.929765886287626131e+01 1.178037209133576827e-03 2.042217576430126691e+00 3.181293912014590552e-01 8.696138851197483532e-01 1.414022406897522677e+00
5.959866220735786158e+01 1.177747655503156785e-03 2.052580921647375156e+00 3.120597528038680513e-01 8.740274035587717316e-01 1.338473163143468092e+00
5.989966555183946895e+01 1.162611068257482592e-03 2.062944266864623177e+00 3.069867095859024064e-01 8.784409219977949990e-01 1.273019367036184457e+00
6.020066889632107632e+01 1.135567181160040831e-03 2.073307612081871643e+00 3.020603846312296947e-01 8.828544404368183773e-01 1.216965611916514645e+00
6.050167224080267658e+01 1.107109006243830107e-03 2.083670957299120108e+00 2.965030009051715099e-01 8.872679588758417557e-01 1.168168746293706706e+00
6.080267558528428395e+01 1.090814680687778558e-03 2.094034302516368573e+00 2.898032655101513977e-01 8.916814773148650231e-01 1.123765364002578426e+00
6.110367892976589133e+01 1.096696204742560448e-03 2.104397647733617038e+00 2.818448027576083703e-01 8.960949957538884014e-01 1.080913050666872932e+00
6.140468227424749870e+01 1.127055056850999239e-03 2.114760992950865504e+00 2.729203702448171898e-01 9.005085141929116688e-01 1.037349141325092594e+00
6.170568561872909896e+01 1.176802995460533895e-03 2.125124338168113525e+00 2.636237984956193992e-01 9.049220326319350471e-01 9.916533082287496415e-01
6.200668896321070633e+01 1.235956326583330768e-03 2.135487683385361990e+00 2.546584125425865319e-01 9.093355510709583145e-01 9.432123405774744951e-01
6.230769230769231370e+01 1.291413177743504529e-03 2.145851028602610455e+00 2.466329617125211093e-01 9.137490695099816929e-01 8.919952662715007197e-01
6.260869565217392108e+01 1.328454546947597419e-03 2.156214373819858920e+00 2.399178679109792989e-01 9.181625879490050712e-01 8.383004071484888575e-01
6.290969899665552134e+01 1.334301552466262385e-03 2.166577719037107386e+00 2.346039567143131110e-01 9.225761063880283386e-01 7.825980556793541432e-01
6.321070234113712871e+01 1.303248569034480032e-03 2.176941064254355851e+00 2.305586254849721628e-01 9.269896248270517169e-01 7.254933800441860647e-01
6.351170568561873608e+01 1.239349070219766032e-03 2.187304409471603872e+00 2.275359952920300022e-01 9.314031432660749843e-01 6.677535393361925253e-01
6.381270903010033635e+01 1.153845091250192429e-03 2.197667754688852337e+00 2.252858799384918620e-01 9.358166617050983627e-01 6.103347843622586311e-01
6.411371237458195083e+01 1.059431651614838260e-03 2.208031099906100803e+00 2.236209740853016548e-01 9.402301801441216300e-01 5.543855371788951603e-01
6.441471571906355109e+01 9.660214132463808669e-04 2.218394445123349268e+00 2.224285328595441147e-01 9.446436985831450084e-01 5.012231932117143796e-01
6.471571906354515136e+01 8.802264061916741664e-04 2.228757790340597733e+00 2.216374815380466323e-01 9.490572170221683868e-01 4.522596352142553289e-01
6.501672240802676583e+01 8.068385228493377614e-04 2.239121135557846198e+00 2.211668697829305696e-01 9.534707354611916541e-01 4.088303429796272814e-01
6.531772575250836610e+01 7.496124147089314529e-04 2.249484480775094219e+00 2.208848890329597747e-01 9.578842539002150325e-01 3.719247256563271153e-01
6.561872909698996637e+01 7.106714924591517584e-04 2.259847825992342685e+00 2.205997863992470720e-01 9.622977723392382998e-01 3.419103380108786117e-01
6.591973244147158084e+01 6.896884800035110469e-04 2.270211171209591150e+00 2.200884984275650325e-01 9.667112907782616782e-01 3.184028807555576157e-01
6.622073578595318111e+01 6.838634286038304273e-04 2.280574516426839615e+00 2.191527316882110610e-01 9.711248092172849455e-01 3.003792686812292168e-01
6.652173913043478137e+01 6.887238499130017653e-04 2.290937861644088080e+00 2.176819378543198846e-01 9.755383276563083239e-01 2.864860862465976044e-01
6.682274247491639585e+01 6.993320473029080017e-04 2.301301206861336546e+00 2.156995330925280674e-01 9.799518460953317023e-01 2.753774305312822746e-01
6.712374581939799612e+01 7.114974694288689946e-04 2.311664552078584567e+00 2.133711339877581159e-01 9.843653645343549696e-01 2.659255685021270632e-01
6.742474916387959638e+01 7.224856420428717001e-04 2.322027897295833032e+00 2.109625275789920873e-01 9.887788829733783480e-01 2.572695914506754611e-01
6.772575250836121086e+01 7.307973831565106864e-04 2.332391242513081497e+00 2.087534718604074635e-01 9.931924014124016153e-01 2.487844633784096204e-01
6.802675585284281112e+01 7.353086238736306545e-04 2.342754587730329963e+00 2.069371556466435835e-01 9.976059198514249937e-01 2.400641690012503549e-01
6.832775919732442560e+01 7.348063149984946935e-04 2.353117932947578428e+00 2.055489562715419882e-01 1.002019438290448372e+00 2.309293846761248103e-01
6.862876254180602587e+01 7.286934693806355803e-04 2.363481278164826893e+00 2.044570598826781216e-01 1.006432956729471639e+00 2.213953579762194257e-01
6.892976588628762613e+01 7.183713055845397525e-04 2.373844623382074914e+00 2.034148382930199839e-01 1.010846475168494907e+00 2.115533670975896785e-01
6.923076923076924061e+01 7.077513012482296566e-04 2.384207968599323380e+00 2.021441459802315876e-01 1.015259993607518396e+00 2.014101792455277595e-01
6.953177257525084087e+01 7.017435400171231474e-04 2.394571313816571845e+00 2.004126444490914871e-01 1.019673512046541664e+00 1.907972534252772578e-01
6.983277591973244114e+01 7.033846276544628408e-04 2.404934659033820310e+00 1.980859282346252859e-01 1.024087030485564931e+00 1.794307219316180479e-01
7.013377926421405562e+01 7.118447716418275801e-04 2.415298004251068775e+00 1.951541174960444158e-01 1.028500548924588198e+00 1.670957075386096113e-01
7.043478260869565588e+01 7.229740644598416869e-04 2.425661349468317241e+00 1.917347650913880375e-01 1.032914067363611688e+00 1.538375583181935680e-01
7.073578595317725615e+01 7.315568726958918567e-04 2.436024694685565262e+00 1.880458688056508565e-01 1.037327585802634955e+00 1.400426849544626484e-01
7.103678929765887062e+01 7.328470099960758110e-04 2.446388039902813727e+00 1.843451279832340750e-01 1.041741104241658222e+00 1.263727662910834049e-01
7.133779264214047089e+01 7.224577499596254596e-04 2.456751385120062192e+00 1.808513263605201205e-01 1.046154622680681712e+00 1.136031786574037417e-01
7.163879598662208537e+01 6.965509472550932566e-04 2.467114730337310657e+00 1.776828920004440704e-01 1.050568141119704979e+00 1.024466722309483740e-01
7.193979933110368563e+01 6.543816485517390006e-04 2.477478075554559123e+00 1.748438897349179066e-01 1.054981659558728246e+00 9.341676697468737078e-02
7.224080267558528590e+01 6.016860131893334539e-04 2.487841420771807588e+00 1.722577833864843422e-01 1.059395177997751514e+00 8.674577988140025342e-02
7.254180602006690037e+01 5.505800754414083868e-04 2.498204765989055609e+00 1.698189901951557834e-01 1.063808696436775003e+00 8.235321202017061026e-02
7.284280936454850064e+01 5.138944918454958462e-04 2.508568111206304074e+00 1.674275881699066326e-01 1.068222214875798270e+00 7.986023209090217789e-02
7.314381270903010090e+01 4.973427363042425215e-04 2.518931456423552540e+00 1.649951390996429179e-01 1.072635733314821538e+00 7.864848913523715679e-02
7.344481605351171538e+01 4.956214826003148711e-04 2.529294801640801005e+00 1.624364727557704724e-01 1.077049251753845027e+00 7.795857267210659636e-02
7.374581939799331565e+01 4.956719696169256412e-04 2.539658146858049470e+00 1.596696328379342000e-01 1.081462770192868295e+00 7.701715344339818414e-02
7.404682274247491591e+01 4.848755643998253328e-04 2.550021492075297935e+00 1.566313552358915562e-01 1.085876288631891562e+00 7.517405424271937642e-02
7.434782608695653039e+01 4.585888236500313786e-04 2.560384837292545956e+00 1.532961021349379394e-01 1.090289807070914829e+00 7.202214450868682505e-02
7.464882943143813065e+01 4.222434520903333658e-04 2.570748182509794422e+00 1.496813187515318166e-01 1.094703325509938319e+00 6.746928519299237592e-02
7.494983277591973092e+01 3.871738353614960558e-04 2.581111527727042887e+00 1.458329084511951479e-01 1.099116843948961586e+00 6.173957974248552028e-02
7.525083612040134540e+01 3.635142269503503342e-04 2.591474872944291352e+00 1.418007156398818358e-01 1.103530362387984853e+00 5.530091643831102494e-02
7.555183946488294566e+01 3.550311723654564445e-04 2.601838218161539817e+00 1.376204388052107153e-01 1.107943880827008343e+00 4.873838076507986533e-02
7.585284280936456014e+01 3.586918672722910501e-04 2.612201563378788283e+00 1.333120029180775434e-01 1.112357399266031610e+00 4.260861848616064734e-02
7.615384615384616041e+01 3.680037953718931238e-04 2.622564908596036304e+00 1.288915088416542343e-01 1.116770917705054877e+00 3.731431491776073667e-02
7.645484949832776067e+01 3.768405471659333613e-04 2.632928253813284769e+00 1.243845570433210479e-01 1.121184436144078145e+00 3.303096469474945535e-02
7.675585284280937515e+01 3.812294015492092669e-04 2.643291599030533234e+00 1.198294286072980330e-01 1.125597954583101634e+00 2.970170491959605447e-02
7.705685618729097541e+01 3.791684077219620807e-04 2.653654944247781700e+00 1.152681929209622980e-01 1.130011473022124902e+00 2.709406164994024660e-02
7.735785953177257568e+01 3.701461337059577263e-04 2.664018289465030165e+00 1.107346221062877611e-01 1.134424991461148169e+00 2.489325597352328237e-02
7.765886287625419016e+01 3.552080921459564787e-04 2.674381634682278630e+00 1.062509817894572300e-01 1.138838509900171658e+00 2.279919561357968485e-02
7.795986622073579042e+01 3.367034760047710185e-04 2.684744979899527095e+00 1.018380667409988227e-01 1.143252028339194926e+00 2.060046921718686197e-02
7.826086956521739069e+01 3.168609000865956686e-04 2.695108325116775116e+00 9.752962641665260946e-02 1.147665546778218193e+00 1.821173166175283492e-02
7.856187290969900516e+01 2.961699027185675298e-04 2.705471670334023582e+00 9.337428523748497744e-02 1.152079065217241460e+00 1.567249532535562248e-02
7.886287625418060543e+01 2.734875047842938380e-04 2.715835015551272047e+00 8.941367738081661132e-02 1.156492583656264950e+00 1.311332324151683569e-02
7.916387959866221991e+01 2.481871445959854408e-04 2.726198360768520512e+00 8.564395789842615958e-02 1.160906102095288217e+00 1.070216673323945607e-02
7.946488294314382017e+01 2.223566041655000421e-04 2.736561705985768977e+00 8.198711604282354903e-02 1.165319620534311484e+00 8.589031074391169016e-03
7.976588628762542044e+01 2.008369233905051715e-04 2.746925051203017443e+00 7.830185272340861591e-02 1.169733138973334974e+00 6.866976636104113289e-03
8.006688963210703491e+01 1.888751096541604771e-04 2.757288396420265464e+00 7.444291640884220795e-02 1.174146657412358241e+00 5.559139974233657557e-03
8.036789297658863518e+01 1.890324545848674721e-04 2.767651741637513929e+00 7.034348385803457226e-02 1.178560175851381508e+00 4.629193250001097278e-03
8.066889632107023544e+01 1.992279292500357605e-04 2.778015086854762394e+00 6.607285215467116612e-02 1.182973694290404776e+00 4.004237375219841209e-03
8.096989966555184992e+01 2.129797403078255620e-04 2.788378432072010860e+00 6.183120121933055602e-02 1.187387212729428265e+00 3.598615298108095387e-03
8.127090301003345019e+01 2.219663009780315150e-04 2.798741777289259325e+00 5.787969334625003848e-02 1.191800731168451533e+00 3.332020417368167144e-03
8.157190635451505045e+01 2.199055688806462604e-04 2.809105122506507790e+00 5.444077505181191268e-02 1.196214249607474800e+00 3.140259057420284518e-03
8.187290969899666493e+01 2.055811706022958357e-04 2.819468467723755811e+00 5.161491587541185144e-02 1.200627768046498289e+00 2.979263011924421743e-03
8.217391304347826519e+01 1.829310216386541396e-04 2.829831812941004276e+00 4.934390574873975810e-02 1.205041286485521557e+00 2.823397501309313565e-03
8.247491638795986546e+01 1.581791340303967169e-04 2.840195158158252742e+00 4.742579321389248093e-02 1.209454804924544824e+00 2.659847756743849347e-03
8.277591973244147994e+01 1.363268750680135836e-04 2.850558503375501207e+00 4.557064290423959441e-02 1.213868323363568091e+00 2.482150810078223493e-03
8.307692307692308020e+01 1.194949267125088732e-04 2.860921848592749672e+00 4.348124067775621659e-02 1.218281841802591581e+00 2.286161891567374278e-03
8.337792642140469468e+01 1.076089087318044495e-04 2.871285193809998137e+00 4.093926484971101981e-02 1.222695360241614848e+00 2.069856250306154402e-03
8.367892976588629494e+01 1.000396399252283491e-04 2.881648539027246159e+00 3.787127976142801167e-02 1.227108878680638115e+00 1.835583282071668113e-03
8.397993311036789521e+01 9.664514294543880468e-05 2.892011884244494624e+00 3.436827254987132735e-02 1.231522397119661605e+00 1.592020614136281523e-03
8.428093645484950969e+01 9.768205489559301266e-05 2.902375229461743089e+00 3.064690705827896600e-02 1.235935915558684872e+00 1.353949117336759140e-03
8.458193979933110995e+01 1.030123898258403995e-04 2.912738574678991554e+00 2.696706056331812928e-02 1.240349433997708140e+00 1.139717002252973359e-03
8.488294314381271022e+01 1.114435934350113601e-04 2.923101919896240020e+00 2.354211971866656053e-02 1.244762952436731407e+00 9.672115473696845647e-04
8.518394648829432469e+01 1.209427053503111399e-04 2.933465265113488485e+00 2.048040369955890505e-02 1.249176470875754896e+00 8.491909397595801511e-04
8.548494983277592496e+01 1.298213266367763451e-04 2.943828610330736506e+00 1.777711662199909712e-02 1.253589989314778164e+00 7.889199672755591421e-04
8.578595317725752523e+01 1.380308072183175844e-04 2.954191955547984971e+00 1.535014960262238472e-02 1.258003507753801431e+00 7.775577204646350092e-04
8.608695652173913970e+01 1.473038331968807614e-04 2.964555300765233437e+00 1.309580577091198905e-02 1.262417026192824920e+00 7.949061137312957116e-04
8.638795986622073997e+01 1.597247712716278400e-04 2.974918645982481902e+00 1.093861944686352720e-02 1.266830544631848188e+00 8.141888200784667007e-04
8.668896321070235444e+01 1.757939262946925222e-04 2.985281991199730367e+00 8.858630929142748134e-03 1.271244063070871455e+00 8.097383691308929037e-04
8.698996655518395471e+01 1.936094876041761072e-04 2.995645336416978832e+00 6.891695234929347443e-03 1.275657581509894722e+00 7.648558452084807269e-04
8.729096989966555498e+01 2.097608761192661629e-04 3.006008681634226853e+00 5.108305791784906354e-03 1.280071099948918212e+00 6.766603684294895428e-04
8.759197324414716945e+01 2.210800024052612565e-04 3.016372026851475319e+00 3.582357174720077371e-03 1.284484618387941479e+00 5.558594912591818989e-04
8.789297658862876972e+01 2.260389441952962417e-04 3.026735372068723784e+00 2.362872630344834725e-03 1.288898136826964747e+00 4.216472053406509330e-04
8.819397993311036998e+01 2.252498465422122359e-04 3.037098717285972249e+00 1.458690920483929430e-03 1.293311655265988236e+00 2.942197716846314749e-04
8.849498327759198446e+01 2.210841678645177229e-04 3.047462062503220714e+00 8.394289518870238749e-04 1.297725173705011503e+00 1.883354699268284939e-04
8.879598662207358473e+01 2.165570726269020580e-04 3.057825407720469180e+00 4.488130924863796664e-04 1.302138692144034771e+00 1.103613978366108187e-04
8.909698996655518499e+01 2.138859479668561389e-04 3.068188752937717201e+00 2.223496093805961090e-04 1.306552210583058038e+00 5.910363398649653375e-05
8.939799331103679947e+01 2.135329014246689053e-04 3.078552098154965666e+00 1.018459893176513180e-04 1.310965729022081527e+00 2.889072192833710062e-05
8.969899665551839973e+01 2.143831057874678804e-04 3.088915443372214131e+00 4.305411400716582755e-05 1.315379247461104795e+00 1.287654709711759225e-05
9.000000000000000000e+01 2.148970837963833243e-04 3.099278788589462597e+00 1.677335978585203416e-05 1.319792765900128062e+00 5.228496141367447423e-06
