0.000000000000000000e+00 4.079319796674706761e-02 3.980104996917366300e-05 4.899433589577109061e-01 1.663590782531448875e-04 3.401770128041988972e+00
3.010033444816053727e-01 4.076789373424936913e-02 1.082869406554613778e-02 4.903253535346860925e-01 4.104897464181829839e-03 3.380076728725207147e+00
6.020066889632107454e-01 4.069288116277949841e-02 2.161758708112310190e-02 4.914629212563947358e-01 8.043435850110514790e-03 3.321951190495395334e+00
9.030100334448161181e-01 4.057327919440972819e-02 3.240648009670006602e-02 4.933474418311230569e-01 1.198197423603919974e-02 3.236582053244193347e+00
1.204013377926421491e+00 4.042142017777916596e-02 4.319537311227703014e-02 4.959639438724553484e-01 1.592051262196788469e-02 3.136028009453625032e+00
1.505016722408026864e+00 4.025416911756989069e-02 5.398426612785399425e-02 4.992902250544681286e-01 1.985905100789656791e-02 3.032068506161226029e+00
1.806020066889632236e+00 4.008664095102514036e-02 6.477315914343095837e-02 5.032957094180920965e-01 2.379758939382525459e-02 2.933763666121698588e+00
2.107023411371237387e+00 3.993146499713536718e-02 7.556205215900792249e-02 5.079401239726043515e-01 2.773612777975394128e-02 2.846376623739668155e+00
2.408026755852842982e+00 3.980708757455642122e-02 8.635094517458488661e-02 5.131720935927741589e-01 3.167466616568262450e-02 2.771629898543167769e+00
2.709030100334448576e+00 3.974564421715110624e-02 9.713983819016185073e-02 5.189277683278886721e-01 3.561320455161130771e-02 2.708790498140511982e+00
3.010033444816053727e+00 3.978741686932762978e-02 1.079287312057388148e-01 5.251296119881676550e-01 3.955174293753999093e-02 2.655966574348863407e+00
3.311036789297658878e+00 3.996117406096400676e-02 1.187176242213157790e-01 5.316854958064606285e-01 4.349028132346868109e-02 2.611163922133034276e+00
3.612040133779264472e+00 4.026497342122238587e-02 1.295065172368927431e-01 5.384882548338055797e-01 4.742881970939736430e-02 2.572899667769772414e+00
3.913043478260870067e+00 4.066362567209017009e-02 1.402954102524696933e-01 5.454158738421082120e-01 5.136735809532604752e-02 2.540364451755577679e+00
4.214046822742474774e+00 4.110529988597141915e-02 1.510843032680466713e-01 5.523324678686821754e-01 5.530589648125473767e-02 2.513236639081874557e+00
4.515050167224080369e+00 4.154429270377461847e-02 1.618731962836236493e-01 5.590902027913603467e-01 5.924443486718342089e-02 2.491315766150624000e+00
4.816053511705685963e+00 4.195355221859584094e-02 1.726620892992005996e-01 5.655322566112305216e-01 6.318297325311210411e-02 2.474173351745593052e+00
5.117056856187291558e+00 4.232087605762776400e-02 1.834509823147775498e-01 5.714968484534297399e-01 6.712151163904078732e-02 2.460994247524029177e+00
5.418060200668897153e+00 4.263680292152789708e-02 1.942398753303545278e-01 5.768222608726740752e-01 7.106005002496947054e-02 2.450681231116380143e+00
5.719063545150501859e+00 4.288762196200689852e-02 2.050287683459315058e-01 5.813526598052692895e-01 7.499858841089815376e-02 2.442151954131650538e+00
6.020066889632107454e+00 4.305964191341662278e-02 2.158176613615084560e-01 5.849443902500968129e-01 7.893712679682683697e-02 2.434650876776583761e+00
6.321070234113713049e+00 4.314942192161187740e-02 2.266065543770854063e-01 5.874723145074033370e-01 8.287566518275553407e-02 2.427898568960680237e+00
6.622073578595317755e+00 4.317095848976332945e-02 2.373954473926623843e-01 5.888356854142398067e-01 8.681420356868421728e-02 2.422005942394779066e+00
6.923076923076923350e+00 4.315621628449545222e-02 2.481843404082393623e-01 5.889630286709364171e-01 9.075274195461290050e-02 2.417218520605325160e+00
7.224080267558528945e+00 4.315052643561337331e-02 2.589732334238162847e-01 5.878155578977493079e-01 9.469128034054158372e-02 2.413637586409446811e+00
7.525083612040134540e+00 4.320347350121254287e-02 2.697621264393932350e-01 5.853887643663465701e-01 9.862981872647026693e-02 2.411053082091941135e+00
7.826086956521740134e+00 4.335432020603303266e-02 2.805510194549701852e-01 5.817119987557189953e-01 1.025683571123989501e-01 2.408947820941274021e+00
8.127090301003345729e+00 4.361523928823417273e-02 2.913399124705472465e-01 5.768460717089911594e-01 1.065068954983276334e-01 2.406654218340573248e+00
8.428093645484949548e+00 4.396182280279076204e-02 3.021288054861241967e-01 5.708791126744499067e-01 1.104454338842563305e-01 2.403600669384792887e+00
8.729096989966555142e+00 4.433914223382564440e-02 3.129176985017011470e-01 5.639211097586187549e-01 1.143839722701850137e-01 2.399569994166874221e+00
9.030100334448160737e+00 4.468156747603872075e-02 3.237065915172780972e-01 5.560976786944927808e-01 1.183225106561136969e-01 2.394884971569366083e+00
9.331103678929766332e+00 4.493493809521408033e-02 3.344954845328550475e-01 5.475436580251451524e-01 1.222610490420423801e-01 2.390433119701828257e+00
9.632107023411371927e+00 4.506951729729378325e-02 3.452843775484319977e-01 5.383970951259405835e-01 1.261995874279710494e-01 2.387468840567675610e+00
9.933110367892977521e+00 4.508034450105287416e-02 3.560732705640089479e-01 5.287940827498646135e-01 1.301381258138997743e-01 2.387207767406401615e+00
1.023411371237458312e+01 4.497982530472748042e-02 3.668621635795858982e-01 5.188647492877854761e-01 1.340766641998284436e-01 2.390338387251493391e+00
1.053511705685618871e+01 4.478958236127315168e-02 3.776510565951629594e-01 5.087305261679928581e-01 1.380152025857571130e-01 2.396657839897365694e+00
1.083612040133779431e+01 4.453522378677451238e-02 3.884399496107399097e-01 4.985026426902717800e-01 1.419537409716857823e-01 2.405023808109854944e+00
1.113712374581939812e+01 4.424311118445955343e-02 3.992288426263168599e-01 4.882816579961338221e-01 1.458922793576145072e-01 2.413683588681619696e+00
1.143812709030100372e+01 4.393636423744794184e-02 4.100177356418938102e-01 4.781577493192942785e-01 1.498308177435431765e-01 2.420853867280737148e+00
1.173913043478260931e+01 4.362920617577368404e-02 4.208066286574707604e-01 4.682114419309502118e-01 1.537693561294718458e-01 2.425290099227159768e+00
1.204013377926421491e+01 4.332187658185453205e-02 4.315955216730477106e-01 4.585144854066056652e-01 1.577078945154005152e-01 2.426591148033436340e+00
1.234113712374582050e+01 4.299914477833119419e-02 4.423844146886246609e-01 4.491306405501986898e-01 1.616464329013292400e-01 2.425133939556290308e+00
1.264214046822742610e+01 4.263330453697550954e-02 4.531733077042016111e-01 4.401162240549250648e-01 1.655849712872579094e-01 2.421730821449881610e+00
1.294314381270903169e+01 4.219044241892200980e-02 4.639622007197786724e-01 4.315203453510645382e-01 1.695235096731865787e-01 2.417224961773376535e+00
1.324414715719063551e+01 4.163877333822336296e-02 4.747510937353556226e-01 4.233848464351968044e-01 1.734620480591153036e-01 2.412220333809603545e+00
1.354515050167224111e+01 4.095767063917547107e-02 4.855399867509325729e-01 4.157440104878200593e-01 1.774005864450439729e-01 2.407017226100204077e+00
1.384615384615384670e+01 4.014364682252389432e-02 4.963288797665095231e-01 4.086241348875314650e-01 1.813391248309726422e-01 2.401691060123879229e+00
1.414715719063545230e+01 3.920860984026146995e-02 5.071177727820864733e-01 4.020430708706437817e-01 1.852776632169013116e-01 2.396195345822857981e+00
1.444816053511705789e+01 3.817076093965292294e-02 5.179066657976634236e-01 3.960098217934708842e-01 1.892162016028300364e-01 2.390402239304044940e+00
1.474916387959866348e+01 3.704550970534720156e-02 5.286955588132403738e-01 3.905242726945892251e-01 1.931547399887587058e-01 2.384068816791534928e+00
1.505016722408026908e+01 3.584336408226713316e-02 5.394844518288173241e-01 3.855771028901581188e-01 1.970932783746873751e-01 2.376776558188050448e+00
1.535117056856187467e+01 3.457336626830089660e-02 5.502733448443942743e-01 3.811499154341562168e-01 2.010318167606160999e-01 2.367909153234007302e+00
1.565217391304348027e+01 3.324530907520244910e-02 5.610622378599712246e-01 3.772156039648359438e-01 2.049703551465447693e-01 2.356715457484299669e+00
1.595317725752508409e+01 3.186863102193618347e-02 5.718511308755482858e-01 3.737389674244911975e-01 2.089088935324734386e-01 2.342466529961308996e+00
1.625418060200669146e+01 3.045294932370777932e-02 5.826400238911252361e-01 3.706775735093869595e-01 2.128474319184021080e-01 2.324670792429885946e+00
1.655518394648829528e+01 2.901380751523811516e-02 5.934289169067021863e-01 3.679828597109293109e-01 2.167859703043308328e-01 2.303272299980442472e+00
1.685618729096989910e+01 2.757913435932239990e-02 6.042178099222791365e-01 3.656014452231710621e-01 2.207245086902595022e-01 2.278742977469698339e+00
1.715719063545150647e+01 2.618848609201172503e-02 6.150067029378560868e-01 3.634766088695036701e-01 2.246630470761881715e-01 2.252007195191311872e+00
1.745819397993311028e+01 2.488324527920301316e-02 6.257955959534330370e-01 3.615498706784780469e-01 2.286015854621168963e-01 2.224202643991501915e+00
1.775919732441471766e+01 2.369403896871222215e-02 6.365844889690099873e-01 3.597626020113681711e-01 2.325401238480455657e-01 2.196354869991854919e+00
1.806020066889632147e+01 2.263264587460208158e-02 6.473733819845870485e-01 3.580575850122877934e-01 2.364786622339742350e-01 2.169083859763059063e+00
1.836120401337792885e+01 2.169032463476774572e-02 6.581622750001639988e-01 3.563804486475973810e-01 2.404172006199029044e-01 2.142446977286747156e+00
1.866220735785953266e+01 2.084053923610700715e-02 6.689511680157409490e-01 3.546809251726141254e-01 2.443557390058316292e-01 2.115962730278496906e+00
1.896321070234114003e+01 2.004505087851879072e-02 6.797400610313178992e-01 3.529138943706786047e-01 2.482942773917602985e-01 2.088787494914546627e+00
1.926421404682274385e+01 1.926409520898691302e-02 6.905289540468948495e-01 3.510402084127337563e-01 2.522328157776889679e-01 2.059967792129117736e+00
1.956521739130434767e+01 1.846935356468731859e-02 7.013178470624717997e-01 3.490273122471105882e-01 2.561713541636176372e-01 2.028682634270690510e+00
1.986622073578595504e+01 1.765443974233299462e-02 7.121067400780487500e-01 3.468496885184215173e-01 2.601098925495463621e-01 1.994418763769189917e+00
2.016722408026755886e+01 1.683681369825484192e-02 7.228956330936257002e-01 3.444891596132410583e-01 2.640484309354750314e-01 1.957062832757018311e+00
2.046822742474916623e+01 1.604908492754658633e-02 7.336845261092026504e-01 3.419350725703314553e-01 2.679869693214037008e-01 1.916921844382979634e+00
2.076923076923077005e+01 1.532345039139730754e-02 7.444734191247797117e-01 3.391843777444120134e-01 2.719255077073323701e-01 1.874684076302403302e+00
2.107023411371237742e+01 1.467666629815466556e-02 7.552623121403566619e-01 3.362415935195496308e-01 2.758640460932610949e-01 1.831318375129029841e+00
2.137123745819398124e+01 1.410290288294462763e-02 7.660512051559336122e-01 3.331186320454075367e-01 2.798025844791897643e-01 1.787905600362319047e+00
2.167224080267558861e+01 1.357824289940851546e-02 7.768400981715105624e-01 3.298344496003969284e-01 2.837411228651184336e-01 1.745418735573926572e+00
2.197324414715719243e+01 1.307453218941739305e-02 7.876289911870875127e-01 3.264144831512296729e-01 2.876796612510471585e-01 1.704507605332391540e+00
2.227424749163879625e+01 1.257463182211663796e-02 7.984178842026644629e-01 3.228898433825508896e-01 2.916181996369758278e-01 1.665368094788916897e+00
2.257525083612040362e+01 1.208005494525171523e-02 8.092067772182414132e-01 3.192962530708455260e-01 2.955567380229044971e-01 1.627756095859493879e+00
2.287625418060200744e+01 1.160710576931548929e-02 8.199956702338184744e-01 3.156727452634130460e-01 2.994952764088331665e-01 1.591144686496830385e+00
2.317725752508361481e+01 1.117521300363127044e-02 8.307845632493954247e-01 3.120601639180608511e-01 3.034338147947618913e-01 1.554953915917012042e+00
2.347826086956521863e+01 1.079535447309343428e-02 8.415734562649723749e-01 3.084995355320568899e-01 3.073723531806905607e-01 1.518750570457269244e+00
2.377926421404682600e+01 1.046498193062371518e-02 8.523623492805493251e-01 3.050303994012716347e-01 3.113108915666192300e-01 1.482342562728133473e+00
2.408026755852842982e+01 1.017083251525408537e-02 8.631512422961262754e-01 3.016891934886629656e-01 3.152494299525478993e-01 1.445761309053712029e+00
2.438127090301003363e+01 9.896192363827154004e-03 8.739401353117032256e-01 2.985077914417177958e-01 3.191879683384766242e-01 1.409188625337458145e+00
2.468227424749164101e+01 9.627441850760368874e-03 8.847290283272801759e-01 2.955122751636565792e-01 3.231265067244052935e-01 1.372899032627374227e+00
2.498327759197324482e+01 9.356758741719508471e-03 8.955179213428571261e-01 2.927220092250591432e-01 3.270650451103339629e-01 1.337247114746906718e+00
2.528428093645485220e+01 9.081586427448736995e-03 9.063068143584340763e-01 2.901490617899605273e-01 3.310035834962626877e-01 1.302669362921193841e+00
2.558528428093645601e+01 8.803473610437928532e-03 9.170957073740111376e-01 2.877979949032988261e-01 3.349421218821913571e-01 1.269643208977306204e+00
2.588628762541806339e+01 8.527562971621828816e-03 9.278846003895880878e-01 2.856660272006935619e-01 3.388806602681200264e-01 1.238577574141431548e+00
2.618729096989966720e+01 8.261364863604198777e-03 9.386734934051650381e-01 2.837435551883770168e-01 3.428191986540486957e-01 1.209673825763243782e+00
2.648829431438127102e+01 8.011268595363541661e-03 9.494623864207419883e-01 2.820150047215597144e-01 3.467577370399774206e-01 1.182837926646820748e+00
2.678929765886287839e+01 7.778402573549488518e-03 9.602512794363189386e-01 2.804599709461767509e-01 3.506962754259060899e-01 1.157705559632794090e+00
2.709030100334448221e+01 7.557806990510935671e-03 9.710401724518958888e-01 2.790545915390308940e-01 3.546348138118347593e-01 1.133774379825963408e+00
2.739130434782608958e+01 7.342283289215810818e-03 9.818290654674728390e-01 2.777730840916982635e-01 3.585733521977634841e-01 1.110573131408473690e+00
2.769230769230769340e+01 7.127250106356635209e-03 9.926179584830499003e-01 2.765893645875315832e-01 3.625118905836921535e-01 1.087783574770786466e+00
2.799331103678930077e+01 6.912065040801822213e-03 1.003406851498626740e+00 2.754786519124273747e-01 3.664504289696208228e-01 1.065273503896117191e+00
2.829431438127090459e+01 6.697785654324883708e-03 1.014195744514203801e+00 2.744189557452547112e-01 3.703889673555494921e-01 1.043060783907551414e+00
2.859531772575251196e+01 6.485232663616381094e-03 1.024984637529780640e+00 2.733923445893124970e-01 3.743275057414782170e-01 1.021262932190509787e+00
2.889632107023411578e+01 6.275897489482286200e-03 1.035773530545357701e+00 2.723858990892024656e-01 3.782660441274068863e-01 1.000074192423107577e+00
2.919732441471571960e+01 6.074168378184524944e-03 1.046562423560934763e+00 2.713922738926790590e-01 3.822045825133355557e-01 9.797696299637844719e-01
2.949832775919732697e+01 5.887535345008245227e-03 1.057351316576511602e+00 2.704098184706293928e-01 3.861431208992642805e-01 9.607003452153551892e-01
2.979933110367893079e+01 5.723341363018948948e-03 1.068140209592088663e+00 2.694422414081343864e-01 3.900816592851929498e-01 9.432424982383805778e-01
3.010033444816053816e+01 5.584071923158391224e-03 1.078929102607665502e+00 2.684978405664366075e-01 3.940201976711216192e-01 9.276946870943582057e-01
3.040133779264214198e+01 5.465114131299862558e-03 1.089717995623242563e+00 2.675883594537624699e-01 3.979587360570502885e-01 9.141586943054987868e-01
3.070234113712374935e+01 5.357553501271591218e-03 1.100506888638819403e+00 2.667275643370202176e-01 4.018972744429790134e-01 9.024589281801649321e-01
3.100334448160535317e+01 5.254610723654820799e-03 1.111295781654396464e+00 2.659296636559012050e-01 4.058358128289076827e-01 8.921429603775140604e-01
3.130434782608696054e+01 5.156978213845928374e-03 1.122084674669973303e+00 2.652077084107707927e-01 4.097743512148363521e-01 8.825689218971758399e-01
3.160535117056856436e+01 5.072692454046691911e-03 1.132873567685550364e+00 2.645721174422880351e-01 4.137128896007650769e-01 8.730483227698622173e-01
3.190635451505016817e+01 5.011208526108244278e-03 1.143662460701127426e+00 2.640294638249627845e-01 4.176514279866937462e-01 8.629949305843058749e-01
3.220735785953177555e+01 4.975787743248916151e-03 1.154451353716704265e+00 2.635816377835574209e-01 4.215899663726224156e-01 8.520360341549028105e-01
3.250836120401338292e+01 4.959571353064308116e-03 1.165240246732281326e+00 2.632254684336948203e-01 4.255285047585510849e-01 8.400616761006937105e-01
3.280936454849498318e+01 4.947863221121486833e-03 1.176029139747858165e+00 2.629528432396443516e-01 4.294670431444798098e-01 8.272072297129410279e-01
3.311036789297659055e+01 4.924695877074908128e-03 1.186818032763435227e+00 2.627513137310323876e-01 4.334055815304084791e-01 8.137793949503059343e-01
3.341137123745819792e+01 4.879298314036270741e-03 1.197606925779012066e+00 2.626051235372660608e-01 4.373441199163371484e-01 8.001473333587412196e-01
3.371237458193979819e+01 4.809009247283461443e-03 1.208395818794589127e+00 2.624965462637101066e-01 4.412826583022658733e-01 7.866309923822297767e-01
3.401337792642140556e+01 4.718015471138264569e-03 1.219184711810166188e+00 2.624073829007744219e-01 4.452211966881945426e-01 7.734230355310433014e-01
3.431438127090301293e+01 4.613784045311512469e-03 1.229973604825743028e+00 2.623204477176677707e-01 4.491597350741232120e-01 7.605712836362039653e-01
3.461538461538462030e+01 4.503926015152342165e-03 1.240762497841320089e+00 2.622208726347957652e-01 4.530982734600518813e-01 7.480235952324005844e-01
3.491638795986622057e+01 4.395293139368593692e-03 1.251551390856896928e+00 2.620970845343603695e-01 4.570368118459806062e-01 7.357074845713996725e-01
3.521739130434782794e+01 4.294992966702406573e-03 1.262340283872473989e+00 2.619413555164689655e-01 4.609753502319092755e-01 7.236006713686099490e-01
3.551839464882943531e+01 4.211194503732314243e-03 1.273129176888050829e+00 2.617498862696386874e-01 4.649138886178379448e-01 7.117579360272334732e-01
3.581939799331104268e+01 4.151741195234572024e-03 1.283918069903627890e+00 2.615224477705428430e-01 4.688524270037666142e-01 7.002885000902514534e-01
3.612040133779264295e+01 4.120782267720453362e-03 1.294706962919204951e+00 2.612616652799944483e-01 4.727909653896953390e-01 6.893065498614957543e-01
3.642140468227425032e+01 4.115778456941036716e-03 1.305495855934781790e+00 2.609720708188392746e-01 4.767295037756240084e-01 6.788867193430881963e-01
3.672240802675585769e+01 4.127199936040370880e-03 1.316284748950358852e+00 2.606590690377126318e-01 4.806680421615526777e-01 6.690439091613135103e-01
3.702341137123745796e+01 4.141341672422469040e-03 1.327073641965935691e+00 2.603279546416673029e-01 4.846065805474814026e-01 6.597366656562436704e-01
3.732441471571906533e+01 4.144967232845243356e-03 1.337862534981512752e+00 2.599830907183993123e-01 4.885451189334100719e-01 6.508815598126763691e-01
3.762541806020067270e+01 4.129941955763874115e-03 1.348651427997089591e+00 2.596273143869335387e-01 4.924836573193387412e-01 6.423672097604893327e-01
3.792642140468228007e+01 4.096053794608389177e-03 1.359440321012666653e+00 2.592615895382668900e-01 4.964221957052674106e-01 6.340636908731489552e-01
3.822742474916388034e+01 4.050516214084897045e-03 1.370229214028243492e+00 2.588848863276619339e-01 5.003607340911960799e-01 6.258277625408474876e-01
3.852842809364548771e+01 4.003755117495241302e-03 1.381018107043820553e+00 2.584942411184792399e-01 5.042992724771248048e-01 6.175052380217181947e-01
3.882943143812709508e+01 3.963170409268888979e-03 1.391807000059397614e+00 2.580849421107087038e-01 5.082378108630535296e-01 6.089326546760073233e-01
3.913043478260869534e+01 3.928497623405363334e-03 1.402595893074974454e+00 2.576507935440869312e-01 5.121763492489821434e-01 5.999430262077620757e-01
3.943143812709030271e+01 3.892250877644932733e-03 1.413384786090551515e+00 2.571844298684613506e-01 5.161148876349108683e-01 5.903820112547540910e-01
3.973244147157191009e+01 3.845524028909247730e-03 1.424173679106128354e+00 2.566776731497203423e-01 5.200534260208395931e-01 5.801373688058365508e-01
4.003344481605351746e+01 3.785071341432171693e-03 1.434962572121705415e+00 2.561219446407000944e-01 5.239919644067682070e-01 5.691760350330239415e-01
4.033444816053511772e+01 3.716172881533259375e-03 1.445751465137282255e+00 2.555087490781161597e-01 5.279305027926969318e-01 5.575743432004023337e-01
4.063545150501672509e+01 3.649227337477286680e-03 1.456540358152859316e+00 2.548302450950626352e-01 5.318690411786255456e-01 5.455240832839717280e-01
4.093645484949833246e+01 3.593140787594867672e-03 1.467329251168436155e+00 2.540798978884287185e-01 5.358075795645542705e-01 5.333035562195269641e-01
4.123745819397993273e+01 3.550499878023134163e-03 1.478118144184013216e+00 2.532531848500504390e-01 5.397461179504829953e-01 5.212165281106990733e-01
4.153846153846154010e+01 3.517175191513367653e-03 1.488907037199590278e+00 2.523482974063048223e-01 5.436846563364116092e-01 5.095167273204296299e-01
4.183946488294314747e+01 3.485542184581749518e-03 1.499695930215167117e+00 2.513667599154583154e-01 5.476231947223403340e-01 4.983440202203430758e-01
4.214046822742475484e+01 3.448850458933015554e-03 1.510484823230744178e+00 2.503138757630230526e-01 5.515617331082690589e-01 4.876962150475235291e-01
4.244147157190635511e+01 3.404482125759603593e-03 1.521273716246321017e+00 2.491989165086647140e-01 5.555002714941976727e-01 4.774480537462899576e-01
4.274247491638796248e+01 3.354764239002956845e-03 1.532062609261898078e+00 2.480349937588580966e-01 5.594388098801263975e-01 4.674114288736277434e-01
4.304347826086956985e+01 3.305259126920514524e-03 1.542851502277474918e+00 2.468385932666675719e-01 5.633773482660551224e-01 4.574154503729609966e-01
4.334448160535117722e+01 3.261842867818723606e-03 1.553640395293051979e+00 2.456288006273855407e-01 5.673158866519837362e-01 4.473777097305176031e-01
4.364548494983277749e+01 3.228360119326147918e-03 1.564429288308629040e+00 2.444262987654260977e-01 5.712544250379124611e-01 4.373411611775621100e-01
4.394648829431438486e+01 3.205588728222171901e-03 1.575218181324205879e+00 2.432522586108627483e-01 5.751929634238411859e-01 4.274626439193034422e-01
4.424749163879599223e+01 3.190936613247217016e-03 1.586007074339782941e+00 2.421272661317650510e-01 5.791315018097697997e-01 4.179552451147623415e-01
4.454849498327759250e+01 3.178431213812664847e-03 1.596795967355359780e+00 2.410704246582531518e-01 5.830700401956985246e-01 4.090031109749502902e-01
4.484949832775919987e+01 3.159679645247627771e-03 1.607584860370936841e+00 2.400987399355376528e-01 5.870085785816271384e-01 4.006792620577137032e-01
4.515050167224080724e+01 3.126538839923267542e-03 1.618373753386513680e+00 2.392268415591138342e-01 5.909471169675558633e-01 3.928991220052021616e-01
4.545150501672241461e+01 3.074708001921289298e-03 1.629162646402090742e+00 2.384670290474588117e-01 5.948856553534845881e-01 3.854310183629921505e-01
4.575250836120401488e+01 3.006093042902643290e-03 1.639951539417667803e+00 2.378295680138938772e-01 5.988241937394132020e-01 3.779619513677364151e-01
4.605351170568562225e+01 2.928226214339189979e-03 1.650740432433244642e+00 2.373231161691292390e-01 6.027627321253419268e-01 3.701924283552409101e-01
4.635451505016722962e+01 2.850929507412362871e-03 1.661529325448821703e+00 2.369551412663377932e-01 6.067012705112706517e-01 3.619214727764601958e-01
4.665551839464882988e+01 2.782178293064744515e-03 1.672318218464398543e+00 2.367322082169139308e-01 6.106398088971992655e-01 3.530897611562944793e-01
4.695652173913043725e+01 2.725422973903914459e-03 1.683107111479975604e+00 2.366600571811887654e-01 6.145783472831279903e-01 3.437712214163422542e-01
4.725752508361204463e+01 2.679389481731373444e-03 1.693896004495552443e+00 2.367434578393368405e-01 6.185168856690567152e-01 3.341279406321773227e-01
4.755852842809365200e+01 2.639797323606043154e-03 1.704684897511129504e+00 2.369858917811537846e-01 6.224554240549853290e-01 3.243560462988250293e-01
4.785953177257525226e+01 2.601756986491526695e-03 1.715473790526706344e+00 2.373891685050472933e-01 6.263939624409140539e-01 3.146458021061597221e-01
4.816053511705685963e+01 2.561847564356533203e-03 1.726262683542283405e+00 2.379531075064121870e-01 6.303325008268426677e-01 3.051629982509765360e-01
4.846153846153846700e+01 2.519256686028168400e-03 1.737051576557860466e+00 2.386754124836775182e-01 6.342710392127713925e-01 2.960430680562688988e-01
4.876254180602006727e+01 2.475675704042147162e-03 1.747840469573437305e+00 2.395518251030294143e-01 6.382095775987001174e-01 2.873847783230785158e-01
4.906354515050167464e+01 2.434148918845820304e-03 1.758629362589014367e+00 2.405765841194899279e-01 6.421481159846287312e-01 2.792382444281537590e-01
4.936454849498328201e+01 2.397595153520911456e-03 1.769418255604591206e+00 2.417431454484774700e-01 6.460866543705574561e-01 2.715938011027327348e-01
4.966555183946488938e+01 2.367795960300271389e-03 1.780207148620168267e+00 2.430450562971009087e-01 6.500251927564861809e-01 2.643826222867045606e-01
4.996655518394648965e+01 2.345219371993480240e-03 1.790996041635745106e+00 2.444768358228736060e-01 6.539637311424147947e-01 2.574930697544349223e-01
5.026755852842809702e+01 2.329434660541969231e-03 1.801784934651322168e+00 2.460347047189213598e-01 6.579022695283435196e-01 2.507956000909222216e-01
5.056856187290970439e+01 2.319550863948661393e-03 1.812573827666899007e+00 2.477170281824068732e-01 6.618408079142722444e-01 2.441645349162197554e-01
5.086956521739130466e+01 2.314480143601811268e-03 1.823362720682476068e+00 2.495243853060030437e-01 6.657793463002008583e-01 2.374909887483279136e-01
5.117056856187291203e+01 2.313467636052047010e-03 1.834151613698053129e+00 2.514592419818498237e-01 6.697178846861295831e-01 2.306910893411981411e-01
5.147157190635451940e+01 2.317080965099618719e-03 1.844940506713629969e+00 2.535252702464631525e-01 6.736564230720583080e-01 2.237171197086406660e-01
5.177257525083612677e+01 2.327617497906577654e-03 1.855729399729207030e+00 2.557264115500974544e-01 6.775949614579869218e-01 2.165727486849985395e-01
5.207357859531772704e+01 2.347487268059449302e-03 1.866518292744783869e+00 2.580658150527474493e-01 6.815334998439156466e-01 2.093233296081241923e-01
5.237458193979933441e+01 2.375928547651078374e-03 1.877307185760360930e+00 2.605447902955343453e-01 6.854720382298442605e-01 2.020883706608872787e-01
5.267558528428094178e+01 2.406792392528441221e-03 1.888096078775937769e+00 2.631618977069784537e-01 6.894105766157729853e-01 1.950105289968169231e-01
5.297658862876254204e+01 2.430048688022391854e-03 1.898884971791514831e+00 2.659122664291871940e-01 6.933491150017017102e-01 1.882094471036625805e-01
5.327759197324414941e+01 2.436632440856744547e-03 1.909673864807091892e+00 2.687871859123111551e-01 6.972876533876303240e-01 1.817395659327453172e-01
5.357859531772575679e+01 2.423266248067661340e-03 1.920462757822668731e+00 2.717739753204965192e-01 7.012261917735590488e-01 1.755711354203631502e-01
5.387959866220736416e+01 2.393966531319852240e-03 1.931251650838245792e+00 2.748561011950276800e-01 7.051647301594877737e-01 1.696030969204785632e-01
5.418060200668896442e+01 2.357681654864003228e-03 1.942040543853822632e+00 2.780134940969097856e-01 7.091032685454163875e-01 1.637022747277249723e-01
5.448160535117057179e+01 2.324015280111895940e-03 1.952829436869399693e+00 2.812230103508247536e-01 7.130418069313451124e-01 1.577534210336866416e-01
5.478260869565217916e+01 2.299426065262884320e-03 1.963618329884976532e+00 2.844589931909973224e-01 7.169803453172738372e-01 1.517026620947341531e-01
5.508361204013378654e+01 2.285366769826238393e-03 1.974407222900553593e+00 2.876939036137560191e-01 7.209188837032024511e-01 1.455808623909628230e-01
5.538461538461538680e+01 2.278812699016332082e-03 1.985196115916130655e+00 2.908990089339169582e-01 7.248574220891311759e-01 1.394994928798783673e-01
5.568561872909699417e+01 2.274683683786116271e-03 1.995985008931707494e+00 2.940451305994558062e-01 7.287959604750599008e-01 1.336179781480970608e-01
5.598662207357860154e+01 2.268695446971048541e-03 2.006773901947284333e+00 2.971034579842549150e-01 7.327344988609885146e-01 1.280890200570316828e-01
5.628762541806020181e+01 2.258921330674778898e-03 2.017562794962861616e+00 3.000464297563602556e-01 7.366730372469172394e-01 1.229973536029519421e-01
5.658862876254180918e+01 2.245388990186908667e-03 2.028351687978438456e+00 3.028486697328124921e-01 7.406115756328458533e-01 1.183145124158725275e-01
5.688963210702341655e+01 2.228589476648865780e-03 2.039140580994015295e+00 3.054879429760702925e-01 7.445501140187745781e-01 1.138914704549240237e-01
5.719063545150502392e+01 2.208388466215839303e-03 2.049929474009592134e+00 3.079460750702043836e-01 7.484886524047033030e-01 1.094987334374160626e-01
5.749163879598662419e+01 2.184048798583727424e-03 2.060718367025169417e+00 3.102097586263973250e-01 7.524271907906319168e-01 1.049030122905847545e-01
5.779264214046823156e+01 2.154907648562575349e-03 2.071507260040746257e+00 3.122711614003977343e-01 7.563657291765606416e-01 9.995141598389929716e-02
5.809364548494983893e+01 2.120963444581913399e-03 2.082296153056323096e+00 3.141282538852530060e-01 7.603042675624893665e-01 9.462903925225851776e-02
5.839464882943143920e+01 2.083219974811020402e-03 2.093085046071900379e+00 3.157847925196265448e-01 7.642428059484179803e-01 8.906734589289082293e-02
5.869565217391304657e+01 2.043948613213241762e-03 2.103873939087477218e+00 3.172499265258749701e-01 7.681813443343467052e-01 8.350224007722353847e-02
5.899665551839465394e+01 2.006553853138151166e-03 2.114662832103054058e+00 3.185374377470489571e-01 7.721198827202754300e-01 7.820042478884849102e-02
5.929765886287626131e+01 1.974485543033132565e-03 2.125451725118630897e+00 3.196646671968721432e-01 7.760584211062040438e-01 7.338178525545430153e-02
5.959866220735786158e+01 1.949542747891491647e-03 2.136240618134208180e+00 3.206512216422044426e-01 7.799969594921327687e-01 6.916279330240605872e-02
5.989966555183946895e+01 1.931051465054381758e-03 2.147029511149785019e+00 3.215175809992824596e-01 7.839354978780613825e-01 6.553570885882339936e-02
6.020066889632107632e+01 1.917064251390800762e-03 2.157818404165361859e+00 3.222837372299003911e-01 7.878740362639901074e-01 6.238596740268139568e-02
6.050167224080267658e+01 1.906796678503286640e-03 2.168607297180939142e+00 3.229679857053009417e-01 7.918125746499188322e-01 5.953886223834532060e-02
6.080267558528428395e+01 1.901933994578955834e-03 2.179396190196515981e+00 3.235859625990402666e-01 7.957511130358474460e-01 5.681826722270703206e-02
6.110367892976589133e+01 1.905177476503153861e-03 2.190185083212092820e+00 3.241499824220093751e-01 7.996896514217761709e-01 5.409674458840794259e-02
6.140468227424749870e+01 1.917070472517146823e-03 2.200973976227669660e+00 3.246686864448802834e-01 8.036281898077048957e-01 5.132007861457928838e-02
6.170568561872909896e+01 1.934051524903665454e-03 2.211762869243246943e+00 3.251469741517520329e-01 8.075667281936335096e-01 4.850006080696293853e-02
6.200668896321070633e+01 1.949675812425751996e-03 2.222551762258823782e+00 3.255861631841485138e-01 8.115052665795622344e-01 4.568328337457862320e-02
6.230769230769231370e+01 1.958039213422221262e-03 2.233340655274400621e+00 3.259843123593725300e-01 8.154438049654909593e-01 4.291402921583559876e-02
6.260869565217392108e+01 1.956708292502132903e-03 2.244129548289977460e+00 3.263366470570223665e-01 8.193823433514195731e-01 4.021043242032897730e-02
6.290969899665552134e+01 1.947392041129406785e-03 2.254918441305554744e+00 3.266360424732120959e-01 8.233208817373482979e-01 3.756424776649945618e-02
6.321070234113712871e+01 1.934638707671841509e-03 2.265707334321131583e+00 3.268735412882274871e-01 8.272594201232770228e-01 3.496086900471979259e-02
6.351170568561873608e+01 1.923807797808938088e-03 2.276496227336708422e+00 3.270389009276204462e-01 8.311979585092056366e-01 3.240539433382542273e-02
6.381270903010033635e+01 1.919205004472358898e-03 2.287285120352285706e+00 3.271211760400375423e-01 8.351364968951343615e-01 2.993822003695017012e-02
6.411371237458195083e+01 1.922774020354694850e-03 2.298074013367862545e+00 3.271093413310188769e-01 8.390750352810629753e-01 2.763034673990497764e-02
6.441471571906355109e+01 1.933636024639646738e-03 2.308862906383439384e+00 3.269929494078160359e-01 8.430135736669917002e-01 2.555990765908637205e-02
6.471571906354515136e+01 1.948521673464613654e-03 2.319651799399016223e+00 3.267628019096166514e-01 8.469521120529204250e-01 2.378107923674301766e-02
6.501672240802676583e+01 1.962612657109621787e-03 2.330440692414593506e+00 3.264115957841142723e-01 8.508906504388490388e-01 2.229989411062493695e-02
6.531772575250836610e+01 1.970248930511285176e-03 2.341229585430170346e+00 3.259344958621885890e-01 8.548291888247777637e-01 2.106771493585206032e-02
6.561872909698996637e+01 1.965667361148323855e-03 2.352018478445747185e+00 3.253295837273745272e-01 8.587677272107064885e-01 1.999496961587867230e-02
6.591973244147158084e+01 1.944455161080904356e-03 2.362807371461324468e+00 3.245981421462169059e-01 8.627062655966351024e-01 1.897941044607270519e-02
6.622073578595318111e+01 1.905730695051371503e-03 2.373596264476901307e+00 3.237447518052547490e-01 8.666448039825638272e-01 1.793797922576238768e-02
6.652173913043478137e+01 1.853718167699580643e-03 2.384385157492478147e+00 3.227771983654034171e-01 8.705833423684925521e-01 1.683062015960592669e-02
6.682274247491639585e+01 1.796975578568121932e-03 2.395174050508054986e+00 3.217062077866691405e-01 8.745218807544211659e-01 1.566766651463019286e-02
6.712374581939799612e+01 1.744918773459743118e-03 2.405962943523632269e+00 3.205450423519541348e-01 8.784604191403498907e-01 1.449850959599716278e-02
6.742474916387959638e+01 1.703486084306783926e-03 2.416751836539209108e+00 3.193089968603921025e-01 8.823989575262786156e-01 1.338639721815793569e-02
6.772575250836121086e+01 1.672820542256607014e-03 2.427540729554785948e+00 3.180148346573881679e-01 8.863374959122072294e-01 1.237994448341421701e-02
6.802675585284281112e+01 1.648563527070876986e-03 2.438329622570363231e+00 3.166801991226504409e-01 8.902760342981359543e-01 1.149353421249729723e-02
6.832775919732442560e+01 1.625691827159593495e-03 2.449118515585940070e+00 3.153230313270929397e-01 8.942145726840645681e-01 1.070480662251337318e-02
6.862876254180602587e+01 1.602066012410435173e-03 2.459907408601516909e+00 3.139610214908251096e-01 8.981531110699932929e-01 9.969334300162228241e-03
6.892976588628762613e+01 1.579366020661107173e-03 2.470696301617093749e+00 3.126111215096460949e-01 9.020916494559220178e-01 9.244439462562344459e-03
6.923076923076924061e+01 1.561124534343494253e-03 2.481485194632671032e+00 3.112891468511804205e-01 9.060301878418506316e-01 8.510288855900769930e-03
6.953177257525084087e+01 1.549436493597513512e-03 2.492274087648247871e+00 3.100094955581317868e-01 9.099687262277793565e-01 7.778714303670288509e-03
6.983277591973244114e+01 1.542642625023770038e-03 2.503062980663824710e+00 3.087850065018920565e-01 9.139072646137080813e-01 7.086912064860445906e-03
7.013377926421405562e+01 1.535691991879536891e-03 2.513851873679401994e+00 3.076269660659095573e-01 9.178458029996366951e-01 6.480357033584137165e-03
7.043478260869565588e+01 1.523135450106114603e-03 2.524640766694978833e+00 3.065452521300837674e-01 9.217843413855654200e-01 5.993367319927757342e-03
7.073578595317725615e+01 1.502660369038187876e-03 2.535429659710555672e+00 3.055485795015246975e-01 9.257228797714941448e-01 5.635414964425821370e-03
7.103678929765887062e+01 1.476468767266962733e-03 2.546218552726132511e+00 3.046447871904059412e-01 9.296614181574227587e-01 5.387578487608586826e-03
7.133779264214047089e+01 1.449542323091272981e-03 2.557007445741709795e+00 3.038410917117927434e-01 9.335999565433514835e-01 5.208864493221804226e-03
7.163879598662208537e+01 1.426460476440909999e-03 2.567796338757286634e+00 3.031442277687766973e-01 9.375384949292800973e-01 5.048677443215228954e-03
7.193979933110368563e+01 1.409374210602783390e-03 2.578585231772863473e+00 3.025604115943196781e-01 9.414770333152088222e-01 4.860494204423662819e-03
7.224080267558528590e+01 1.398233420781245595e-03 2.589374124788440756e+00 3.020950924793188164e-01 9.454155717011375470e-01 4.612564999766054219e-03
7.254180602006690037e+01 1.392220272523837701e-03 2.600163017804017596e+00 3.017525000709310179e-01 9.493541100870661609e-01 4.293314942798893107e-03
7.284280936454850064e+01 1.390699615750162679e-03 2.610951910819594435e+00 3.015350410005792625e-01 9.532926484729948857e-01 3.911126092359279091e-03
7.314381270903010090e+01 1.393092085202536721e-03 2.621740803835171274e+00 3.014426386792043444e-01 9.572311868589236106e-01 3.489685730245860491e-03
7.344481605351171538e+01 1.398340645007659349e-03 2.632529696850748557e+00 3.014721354775058981e-01 9.611697252448522244e-01 3.060796138236654505e-03
7.374581939799331565e+01 1.404723149599518620e-03 2.643318589866325397e+00 3.016168803373312501e-01 9.651082636307809492e-01 2.656533982133501247e-03
7.404682274247491591e+01 1.410026445568468394e-03 2.654107482881902236e+00 3.018666046367715627e-01 9.690468020167096741e-01 2.302298694474656099e-03
7.434782608695653039e+01 1.411829199312435558e-03 2.664896375897479075e+00 3.022076472051798968e-01 9.729853404026382879e-01 2.011975343171702908e-03
7.464882943143813065e+01 1.408055207654251503e-03 2.675685268913056358e+00 3.026235325649256902e-01 9.769238787885670128e-01 1.786195820096819417e-03
7.494983277591973092e+01 1.397978530412515366e-03 2.686474161928633198e+00 3.030958446340343282e-01 9.808624171744957376e-01 1.614206513083499056e-03
7.525083612040134540e+01 1.383076461376474796e-03 2.697263054944210037e+00 3.036052820845343003e-01 9.848009555604243515e-01 1.478907186690264818e-03
7.555183946488294566e+01 1.366689786382633198e-03 2.708051947959787320e+00 3.041327407735043287e-01 9.887394939463530763e-01 1.363464336558142245e-03
7.585284280936456014e+01 1.352277076208053359e-03 2.718840840975364159e+00 3.046602492456043643e-01 9.926780323322816901e-01 1.257179687349978996e-03
7.615384615384616041e+01 1.341290106233633843e-03 2.729629733990940998e+00 3.051715868348751082e-01 9.966165707182104150e-01 1.158544807621854009e-03
7.645484949832776067e+01 1.332019624680052736e-03 2.740418627006517838e+00 3.056524374711850345e-01 1.000555109104139140e+00 1.074577420525102541e-03
7.675585284280937515e+01 1.320162501780481473e-03 2.751207520022095121e+00 3.060899697925845708e-01 1.004493647490067865e+00 1.016987384927813378e-03
7.705685618729097541e+01 1.301096968339340637e-03 2.761996413037671960e+00 3.064717784257779409e-01 1.008432185875996590e+00 9.967354039965995241e-04
7.735785953177257568e+01 1.273019988373999415e-03 2.772785306053248799e+00 3.067841667236979042e-01 1.012370724261925314e+00 1.018796145028260866e-03
7.765886287625419016e+01 1.239136008339128273e-03 2.783574199068826083e+00 3.070097959546477795e-01 1.016309262647854039e+00 1.078612206327940470e-03
7.795986622073579042e+01 1.206927861834133789e-03 2.794363092084402922e+00 3.071247726876373263e-01 1.020247801033782542e+00 1.161230220267348272e-03
7.826086956521739069e+01 1.184204056158852424e-03 2.805151985099979761e+00 3.070953014808318615e-01 1.024186339419711267e+00 1.243618627268025002e-03
7.856187290969900516e+01 1.174234835806901465e-03 2.815940878115556600e+00 3.068741015538151706e-01 1.028124877805639992e+00 1.299991063947990256e-03
7.886287625418060543e+01 1.173449937577218357e-03 2.826729771131133884e+00 3.063968783243258276e-01 1.032063416191568717e+00 1.308909059829035416e-03
7.916387959866221991e+01 1.173539203361367595e-03 2.837518664146710723e+00 3.055792501570403497e-01 1.036001954577497441e+00 1.259814058922674625e-03
7.946488294314382017e+01 1.166611304898642698e-03 2.848307557162287562e+00 3.043146428083520205e-01 1.039940492963426166e+00 1.156262325463683913e-03
7.976588628762542044e+01 1.149874392932660316e-03 2.859096450177864845e+00 3.024737522473524010e-01 1.043879031349354669e+00 1.014194422208525683e-03
8.006688963210703491e+01 1.126770717037359204e-03 2.869885343193441685e+00 2.999062052399809053e-01 1.047817569735283394e+00 8.558253338761911792e-04
8.036789297658863518e+01 1.104229864433837853e-03 2.880674236209018524e+00 2.964449789967766868e-01 1.051756108121212119e+00 7.019329868294466642e-04
8.066889632107023544e+01 1.088505827881871592e-03 2.891463129224595363e+00 2.919139475911402548e-01 1.055694646507140844e+00 5.660252893926404419e-04
8.096989966555184992e+01 1.082623183935457799e-03 2.902252022240172646e+00 2.861385949254884875e-01 1.059633184893069568e+00 4.526031689268743231e-04
8.127090301003345019e+01 1.086527791187612713e-03 2.913040915255749486e+00 2.789594919517879856e-01 1.063571723278998071e+00 3.593778726249635788e-04
8.157190635451505045e+01 1.098711757746904114e-03 2.923829808271326325e+00 2.702476325768651266e-01 1.067510261664926796e+00 2.813822425345302168e-04
8.187290969899666493e+01 1.117461454703399431e-03 2.934618701286903164e+00 2.599202397288865596e-01 1.071448800050855521e+00 2.145029276252137713e-04
8.217391304347826519e+01 1.140934485119622123e-03 2.945407594302480447e+00 2.479552878435825614e-01 1.075387338436784246e+00 1.569842161054753522e-04
8.247491638795986546e+01 1.166516969997598557e-03 2.956196487318057287e+00 2.344028342614338789e-01 1.079325876822712971e+00 1.089657086129824850e-04
8.277591973244147994e+01 1.190409967664046460e-03 2.966985380333634126e+00 2.193913772460137357e-01 1.083264415208641696e+00 7.110771667186940078e-05
8.307692307692308020e+01 1.208229396471534756e-03 2.977774273349211409e+00 2.031278840528872864e-01 1.087202953594570198e+00 4.343083501363979870e-05
8.337792642140469468e+01 1.216737932814298314e-03 2.988563166364788248e+00 1.858908226375369510e-01 1.091141491980498923e+00 2.493274855307225742e-05
8.367892976588629494e+01 1.215741636734984617e-03 2.999352059380365088e+00 1.680163924143825704e-01 1.095080030366427648e+00 1.390545459746601089e-05
8.397993311036789521e+01 1.208472543941484017e-03 3.010140952395941927e+00 1.498790479204717974e-01 1.099018568752356373e+00 8.543827257082798666e-06
8.428093645484950969e+01 1.199621276977037333e-03 3.020929845411519210e+00 1.318681925743319661e-01 1.102957107138285098e+00 7.453011022952397924e-06
8.458193979933110995e+01 1.192350622934843689e-03 3.031718738427096049e+00 1.143634506556635150e-01 1.106895645524213823e+00 9.851486037968536962e-06
8.488294314381271022e+01 1.186899199439394627e-03 3.042507631442672889e+00 9.771111044389005351e-02 1.110834183910142325e+00 1.544949213752972743e-05
8.518394648829432469e+01 1.181964731081827863e-03 3.053296524458250172e+00 8.220413997008264861e-02 1.114772722296071050e+00 2.409187297458151872e-05
8.548494983277592496e+01 1.177171312449422531e-03 3.064085417473827011e+00 6.806764826576175431e-02 1.118711260681999775e+00 3.531342694125695755e-05
8.578595317725752523e+01 1.173813253676788673e-03 3.074874310489403850e+00 5.545089833278382674e-02 1.122649799067928500e+00 4.799242398394694056e-05
8.608695652173913970e+01 1.173096074753614965e-03 3.085663203504980689e+00 4.442610979166117940e-02 1.126588337453857225e+00 6.028618816152244683e-05
8.638795986622073997e+01 1.173995902880514437e-03 3.096452096520557973e+00 3.499346406571649665e-02 1.130526875839785728e+00 6.994767281877251074e-05
8.668896321070235444e+01 1.173382458167458991e-03 3.107240989536134812e+00 2.709106727060758835e-02 1.134465414225714452e+00 7.495001953316214865e-05
8.698996655518395471e+01 1.168686645523670702e-03 3.118029882551711651e+00 2.060821757029165230e-02 1.138403952611643177e+00 7.416487892245778057e-05
8.729096989966555498e+01 1.160774868412033090e-03 3.128818775567288935e+00 1.540019352434928226e-02 1.142342490997571902e+00 6.777188454209465249e-05
8.759197324414716945e+01 1.154498065836220052e-03 3.139607668582865774e+00 1.130290551633906723e-02 1.146281029383500627e+00 5.719062192001063449e-05
8.789297658862876972e+01 1.156499809382983881e-03 3.150396561598442613e+00 8.146072045381102383e-03 1.150219567769429352e+00 4.456807722870653412e-05
8.819397993311036998e+01 1.171941550182036343e-03 3.161185454614019452e+00 5.764013511221271167e-03 1.154158106155357855e+00 3.207353005889030366e-05
8.849498327759198446e+01 1.202100146993532580e-03 3.171974347629596735e+00 4.003612935347746447e-03 1.158096644541286580e+00 2.131539583204131001e-05
8.879598662207358473e+01 1.243713351422968440e-03 3.182763240645173575e+00 2.729404251521164951e-03 1.162035182927215304e+00 1.308168891506202840e-05
8.909698996655518499e+01 1.289864932747609777e-03 3.193552133660750414e+00 1.826066220858471589e-03 1.165973721313144029e+00 7.414092620480020136e-06
8.939799331103679947e+01 1.331791384574915454e-03 3.204341026676327697e+00 1.198802027860382952e-03 1.169912259699072754e+00 3.880395313597684642e-06
8.969899665551839973e+01 1.361041633000830038e-03 3.215129919691904536e+00 7.721732569991785790e-04 1.173850798085001257e+00 1.875502770758785424e-06
9.000000000000000000e+01 1.371530023800406886e-03 3.225918812707481376e+00 4.879514175982188401e-04 1.177789336470929982e+00 8.371113361448668128e-07
