0.000000000000000000e+00 4.058242369233207241e-317 6.190672750206686059e-01 9.972046062639356560e-06 5.701519377113449805e-01 1.174801678157848348e-05
3.010033444816053727e-01 7.071675343015618890e-310 6.225479355748588794e-01 2.253238902244658100e-05 5.708787439793897578e-01 2.896643697509330338e-05
6.020066889632107454e-01 1.992138293061906259e-302 6.260285961290491530e-01 4.767751067845176719e-05 5.716055502474344241e-01 6.541661835331952853e-05
9.030100334448161181e-01 4.536276292897153521e-295 6.295092566832394265e-01 9.456760322963874376e-05 5.723323565154792014e-01 1.356276076252254249e-04
1.204013377926421491e+00 8.349536330864862151e-288 6.329899172374297001e-01 1.760500491154316078e-04 5.730591627835238677e-01 2.589019878950509944e-04
1.505016722408026864e+00 1.242247308837993465e-280 6.364705777916199736e-01 3.080804034141461823e-04 5.737859690515686450e-01 4.566677348222895070e-04
1.806020066889632236e+00 1.493951903168903298e-273 6.399512383458103582e-01 5.077492316582744251e-04 5.745127753196134224e-01 7.474864842015660005e-04
2.107023411371237387e+00 1.452272162082949797e-266 6.434318989000006317e-01 7.899512167774860438e-04 5.752395815876580887e-01 1.141057216433004123e-03
2.408026755852842982e+00 1.141148739672621932e-259 6.469125594541909052e-01 1.163450055817238970e-03 5.759663878557028660e-01 1.633532558571604374e-03
2.709030100334448576e+00 7.248019327335268728e-253 6.503932200083811788e-01 1.627754572830556563e-03 5.766931941237476433e-01 2.206099977914047477e-03
3.010033444816053727e+00 3.721167986904380648e-246 6.538738805625714523e-01 2.172420693384469626e-03 5.774200003917923096e-01 2.827106735599584954e-03
3.311036789297658878e+00 1.544265805295107965e-239 6.573545411167617258e-01 2.779901761488194969e-03 5.781468066598370870e-01 3.456333614017760916e-03
3.612040133779264472e+00 5.180213739385839726e-233 6.608352016709519994e-01 3.432028863706873111e-03 5.788736129278817533e-01 4.050013104190694144e-03
3.913043478260870067e+00 1.404611272597698244e-226 6.643158622251422729e-01 4.119044317189648335e-03 5.796004191959265306e-01 4.567318395103996294e-03
4.214046822742474774e+00 3.078558886831548326e-220 6.677965227793325464e-01 4.849246257210672664e-03 5.803272254639713079e-01 4.981607523116810161e-03
4.515050167224080369e+00 5.454081542183104986e-214 6.712771833335228200e-01 5.656891862840018881e-03 5.810540317320159742e-01 5.299322441099229598e-03
4.816053511705685963e+00 7.810496351633732409e-208 6.747578438877130935e-01 6.606052199153550700e-03 5.817808380000607515e-01 5.583545724243150349e-03
5.117056856187291558e+00 9.041042004427993533e-202 6.782385044419033671e-01 7.788714718380766733e-03 5.825076442681054179e-01 5.969467332164940521e-03
5.418060200668897153e+00 8.459431655600742205e-196 6.817191649960936406e-01 9.316806925194936681e-03 5.832344505361501952e-01 6.652735941674396344e-03
5.719063545150501859e+00 6.398036765101861251e-190 6.851998255502840252e-01 1.130989732760851775e-02 5.839612568041949725e-01 7.838161721137696172e-03
6.020066889632107454e+00 3.911426042532692683e-184 6.886804861044742987e-01 1.388236376411748282e-02 5.846880630722396388e-01 9.658514397112459224e-03
6.321070234113713049e+00 1.932886537785745604e-178 6.921611466586645722e-01 1.713459678689429125e-02 5.854148693402844161e-01 1.210096821561343697e-02
6.622073578595317755e+00 7.720767004066397046e-173 6.956418072128548458e-01 2.115157421509137811e-02 5.861416756083290824e-01 1.499064195865867054e-02
6.923076923076923350e+00 2.492857074364619656e-167 6.991224677670451193e-01 2.600939633677281163e-02 5.868684818763738598e-01 1.805853127447582668e-02
7.224080267558528945e+00 6.506046458271715273e-162 7.026031283212353928e-01 3.178761599974763707e-02 5.875952881444186371e-01 2.106957931145049187e-02
7.525083612040134540e+00 1.372523502307175429e-156 7.060837888754256664e-01 3.858371677349285017e-02 5.883220944124633034e-01 2.393941841948781998e-02
7.826086956521740134e+00 2.340481805019923297e-151 7.095644494296159399e-01 4.652584210831594430e-02 5.890489006805080807e-01 2.676694946541161371e-02
8.127090301003345729e+00 3.226068612892146295e-146 7.130451099838062134e-01 5.577972232451219176e-02 5.897757069485528580e-01 2.976543307674818506e-02
8.428093645484949548e+00 3.594386572799814495e-141 7.165257705379964870e-01 6.654500411717186037e-02 5.905025132165975243e-01 3.314859504698530052e-02
8.729096989966555142e+00 3.237120168698567442e-136 7.200064310921867605e-01 7.903605293945184518e-02 5.912293194846423017e-01 3.705903838352308383e-02
9.030100334448160737e+00 2.356544894140434472e-131 7.234870916463771451e-01 9.344543838593011298e-02 5.919561257526869680e-01 4.158437902394578056e-02
9.331103678929766332e+00 1.386677521584369556e-126 7.269677522005673076e-01 1.098963448048750624e-01 5.926829320207317453e-01 4.682495770323690659e-02
9.632107023411371927e+00 6.595657562804882742e-122 7.304484127547576922e-01 1.284007656897858674e-01 5.934097382887765226e-01 5.292608879333342287e-02
9.933110367892977521e+00 2.535850206887992398e-117 7.339290733089479657e-01 1.488468670209221190e-01 5.941365445568211889e-01 6.001475930957882871e-02
1.023411371237458312e+01 7.880830251626487248e-113 7.374097338631382392e-01 1.710338816707295817e-01 5.948633508248659663e-01 6.806690959920611017e-02
1.053511705685618871e+01 1.979717586936935347e-108 7.408903944173285128e-01 1.947541374776159684e-01 5.955901570929106326e-01 7.680522092019968772e-02
1.083612040133779431e+01 4.019920031362580635e-104 7.443710549715187863e-01 2.198965695446709612e-01 5.963169633609554099e-01 8.572301296737339094e-02
1.113712374581939812e+01 6.598033379769262269e-100 7.478517155257090598e-01 2.465289932550500385e-01 5.970437696290001872e-01 9.424582119654262291e-02
1.143812709030100372e+01 8.753758233697449151e-96 7.513323760798993334e-01 2.749210696465244075e-01 5.977705758970448535e-01 1.019465440236601295e-01
1.173913043478260931e+01 9.387664535427556344e-92 7.548130366340896069e-01 3.054984716996697047e-01 5.984973821650896308e-01 1.087021558331237175e-01
1.204013377926421491e+01 8.137735853097173518e-88 7.582936971882798805e-01 3.387575146830246187e-01 5.992241884331344082e-01 1.147378183323785050e-01
1.234113712374582050e+01 5.702071757787939733e-84 7.617743577424701540e-01 3.751945662700473250e-01 5.999509947011790745e-01 1.205885499785459697e-01
1.264214046822742610e+01 3.229571436925133163e-80 7.652550182966604275e-01 4.152962363176280203e-01 6.006778009692238518e-01 1.270428861743982674e-01
1.294314381270903169e+01 1.478564667112223447e-76 7.687356788508508121e-01 4.595938546143598646e-01 6.014046072372685181e-01 1.350964908356049321e-01
1.324414715719063551e+01 5.471659610854774099e-73 7.722163394050409746e-01 5.087318741819248924e-01 6.021314135053132954e-01 1.458828539776414190e-01
1.354515050167224111e+01 1.636745978038745653e-69 7.756969999592313592e-01 5.634703304198277474e-01 6.028582197733580728e-01 1.605238764553581221e-01
1.384615384615384670e+01 3.957556624503093208e-66 7.791776605134216327e-01 6.245630539573275852e-01 6.035850260414027391e-01 1.798789395381604761e-01
1.414715719063545230e+01 7.734938685846264111e-63 7.826583210676119062e-01 6.925232782954142685e-01 6.043118323094475164e-01 2.042477316810194510e-01
1.444816053511705789e+01 1.221998872837052665e-59 7.861389816218021798e-01 7.673701997736602776e-01 6.050386385774921827e-01 2.331581012369702277e-01
1.474916387959866348e+01 1.560519960431595180e-56 7.896196421759924533e-01 8.484918262715717141e-01 6.057654448455369600e-01 2.653947053603394335e-01
1.505016722408026908e+01 1.610842072427111159e-53 7.931003027301827268e-01 9.347255253126860453e-01 6.064922511135817373e-01 2.993523058310966767e-01
1.535117056856187467e+01 1.344071552247110020e-50 7.965809632843730004e-01 1.024655963774343981e+00 6.072190573816264036e-01 3.336311831778485670e-01
1.565217391304348027e+01 9.065222762679586839e-48 8.000616238385632739e-01 1.117013755782154893e+00 6.079458636496711810e-01 3.676163426959754288e-01
1.595317725752508409e+01 4.942223458225278152e-45 8.035422843927535475e-01 1.210996187323865936e+00 6.086726699177158473e-01 4.017286471264672199e-01
1.625418060200669146e+01 2.177988391119615936e-42 8.070229449469439320e-01 1.306364588488369671e+00 6.093994761857606246e-01 4.371745283788425196e-01
1.655518394648829528e+01 7.758539087010569667e-40 8.105036055011340945e-01 1.403284506393077669e+00 6.101262824538054019e-01 4.752844318989232764e-01
1.685618729096989910e+01 2.234076568462453177e-37 8.139842660553244791e-01 1.501999465613323759e+00 6.108530887218500682e-01 5.167625596867638782e-01
1.715719063545150647e+01 5.200117020287485558e-35 8.174649266095147526e-01 1.602495650903258406e+00 6.115798949898948456e-01 5.612459335725239473e-01
1.745819397993311028e+01 9.784291365326115905e-33 8.209455871637050262e-01 1.704292416155065881e+00 6.123067012579395119e-01 6.074578976348283810e-01
1.775919732441471766e+01 1.488169343417129973e-30 8.244262477178952997e-01 1.806407882116902508e+00 6.130335075259842892e-01 6.539815714334730190e-01
1.806020066889632147e+01 1.829739448118612727e-28 8.279069082720855732e-01 1.907460111403114666e+00 6.137603137940290665e-01 7.003604205092549551e-01
1.836120401337792885e+01 1.818651523281143218e-26 8.313875688262758468e-01 2.005825179402623615e+00 6.144871200620737328e-01 7.479954176656885556e-01
1.866220735785953266e+01 1.461320314740766209e-24 8.348682293804661203e-01 2.099797581003012947e+00 6.152139263301185101e-01 8.003096518872583331e-01
1.896321070234114003e+01 9.492777147237500988e-23 8.383488899346563938e-01 2.187755832037914239e+00 6.159407325981632875e-01 8.619562323416944949e-01
1.926421404682274385e+01 4.985566672684117357e-21 8.418295504888466674e-01 2.268374409099354949e+00 6.166675388662079538e-01 9.373241684161042198e-01
1.956521739130434767e+01 2.117081715655157502e-19 8.453102110430369409e-01 2.340902070481120756e+00 6.173943451342527311e-01 1.028971380306096695e+00
1.986622073578595504e+01 7.269434243205118709e-18 8.487908715972272145e-01 2.405448634719939971e+00 6.181211514022973974e-01 1.136650483701142411e+00
2.016722408026755886e+01 2.018620950282138153e-16 8.522715321514175990e-01 2.463139813390359478e+00 6.188479576703421747e-01 1.257284002328884709e+00
2.046822742474916623e+01 4.533878955660534945e-15 8.557521927056077615e-01 2.515985974249604684e+00 6.195747639383869521e-01 1.385812007709237292e+00
2.076923076923077005e+01 8.238388350463751413e-14 8.592328532597981461e-01 2.566405931766630566e+00 6.203015702064316184e-01 1.516541329355241441e+00
2.107023411371237742e+01 1.211452261943616980e-12 8.627135138139884196e-01 2.616516873994052528e+00 6.210283764744763957e-01 1.644578705196270363e+00
2.137123745819398124e+01 1.442291885217607979e-11 8.661941743681786932e-01 2.667448507285284709e+00 6.217551827425211730e-01 1.767043248540588918e+00
2.167224080267558861e+01 1.391102384294666358e-10 8.696748349223689667e-01 2.718966040631463521e+00 6.224819890105658393e-01 1.883872820676605997e+00
2.197324414715719243e+01 1.088004508850306833e-09 8.731554954765592402e-01 2.769566702683547987e+00 6.232087952786106166e-01 1.998083415021283393e+00
2.227424749163879625e+01 6.909977946081130027e-09 8.766361560307495138e-01 2.817013205614126825e+00 6.239356015466552829e-01 2.115337758708845328e+00
2.257525083612040362e+01 3.571262999474797692e-08 8.801168165849397873e-01 2.859093769041169075e+00 6.246624078147000603e-01 2.242723669534970821e+00
2.287625418060200744e+01 1.506905038497250624e-07 8.835974771391300608e-01 2.894331038318555205e+00 6.253892140827448376e-01 2.386835110507933067e+00
2.317725752508361481e+01 5.217402223129705444e-07 8.870781376933203344e-01 2.922410489626438679e+00 6.261160203507895039e-01 2.551605454667732698e+00
2.347826086956521863e+01 1.493698080948822390e-06 8.905587982475107189e-01 2.944217717413485147e+00 6.268428266188342812e-01 2.736696209423007176e+00
2.377926421404682600e+01 3.576626670819512168e-06 8.940394588017008815e-01 2.961508249931636083e+00 6.275696328868789475e-01 2.937277210706416675e+00
2.408026755852842982e+01 7.279634707768224524e-06 8.975201193558912660e-01 2.976345689905426806e+00 6.282964391549237249e-01 3.145528712899452461e+00
2.438127090301003363e+01 1.286286121404884271e-05 9.010007799100814285e-01 2.990510860893822453e+00 6.290232454229685022e-01 3.353328065455758011e+00
2.468227424749164101e+01 2.022313158214963512e-05 9.044814404642718131e-01 3.005085970041962096e+00 6.297500516910131685e-01 3.554911916448219245e+00
2.498327759197324482e+01 2.901659943906551495e-05 9.079621010184620866e-01 3.020342705027418972e+00 6.304768579590579458e-01 3.748345290448756639e+00
2.528428093645485220e+01 3.892164653178131387e-05 9.114427615726523602e-01 3.035931540233690384e+00 6.312036642271026121e-01 3.935373058718689254e+00
2.558528428093645601e+01 4.996847020347275602e-05 9.149234221268426337e-01 3.051239034340066159e+00 6.319304704951473894e-01 4.120110755756826393e+00
2.588628762541806339e+01 6.292851807609820729e-05 9.184040826810329072e-01 3.065718965327557832e+00 6.326572767631921668e-01 4.307431183811797126e+00
2.618729096989966720e+01 7.976649739077205134e-05 9.218847432352231808e-01 3.079044768963453471e+00 6.333840830312368331e-01 4.501693117195234350e+00
2.648829431438127102e+01 1.044338151110019099e-04 9.253654037894134543e-01 3.091046190999251042e+00 6.341108892992816104e-01 4.706017695714624693e+00
2.678929765886287839e+01 1.442168909978292445e-04 9.288460643436038389e-01 3.101510395361970485e+00 6.348376955673262767e-01 4.922046999541834111e+00
2.709030100334448221e+01 2.103733202878142012e-04 9.323267248977940014e-01 3.109981811146448560e+00 6.355645018353710540e-01 5.150050564166876121e+00
2.739130434782608958e+01 3.153785350804985200e-04 9.358073854519843859e-01 3.115668823515108876e+00 6.362913081034158314e-01 5.389179999398474585e+00
2.769230769230769340e+01 4.660064467204921238e-04 9.392880460061745485e-01 3.117492817561157370e+00 6.370181143714604977e-01 5.637576266052201746e+00
2.799331103678930077e+01 6.563523420484639005e-04 9.427687065603649330e-01 3.114247736501110975e+00 6.377449206395052750e-01 5.892128038727144634e+00
2.829431438127090459e+01 8.675315678014543447e-04 9.462493671145550955e-01 3.104808133093106548e+00 6.384717269075499413e-01 6.148085203343350180e+00
2.859531772575251196e+01 1.076785374820532059e-03 9.497300276687454801e-01 3.088328913595866698e+00 6.391985331755947186e-01 6.399161727736483840e+00
2.889632107023411578e+01 1.270778756862578221e-03 9.532106882229357536e-01 3.064398977852119454e+00 6.399253394436394959e-01 6.638706214093423874e+00
2.919732441471571960e+01 1.454206079319046762e-03 9.566913487771260272e-01 3.033125703057052203e+00 6.406521457116841622e-01 6.861797497986345640e+00
2.949832775919732697e+01 1.649281442898573556e-03 9.601720093313163007e-01 2.995135621630234724e+00 6.413789519797289396e-01 7.067221955106704812e+00
2.979933110367893079e+01 1.888175718832008423e-03 9.636526698855065742e-01 2.951487642476368745e+00 6.421057582477737169e-01 7.258040956101829089e+00
3.010033444816053816e+01 2.202279535138143996e-03 9.671333304396968478e-01 2.903515419946441245e+00 6.428325645158183832e-01 7.440273520116502226e+00
3.040133779264214198e+01 2.612030797128837758e-03 9.706139909938871213e-01 2.852640601275247878e+00 6.435593707838631605e-01 7.620575835651739460e+00
3.070234113712374935e+01 3.123265822447457429e-03 9.740946515480775059e-01 2.800214980533887843e+00 6.442861770519079379e-01 7.804551971749543959e+00
3.100334448160535317e+01 3.735003953419681073e-03 9.775753121022676684e-01 2.747443360638198939e+00 6.450129833199526042e-01 7.996726000991648320e+00
3.130434782608696054e+01 4.453436666824671722e-03 9.810559726564580529e-01 2.695406436137712802e+00 6.457397895879973815e-01 8.201686658516727846e+00
3.160535117056856436e+01 5.297723742718324184e-03 9.845366332106482155e-01 2.645155085692854513e+00 6.464665958560420478e-01 8.424835970525153428e+00
3.190635451505016817e+01 6.290419873654307104e-03 9.880172937648386000e-01 2.597806038567240794e+00 6.471934021240868251e-01 8.671551231214198907e+00
3.220735785953177555e+01 7.444607023319962935e-03 9.914979543190288735e-01 2.554556602724461278e+00 6.479202083921316024e-01 8.945064737113462172e+00
3.250836120401338292e+01 8.765251490284099722e-03 9.949786148732191471e-01 2.516563986307393197e+00 6.486470146601762687e-01 9.244581669510928634e+00
3.280936454849498318e+01 1.026130465907913909e-02 9.984592754274094206e-01 2.484694483321300940e+00 6.493738209282210461e-01 9.565013877070590809e+00
3.311036789297659055e+01 1.194726701849022771e-02 1.001939935981599694e+00 2.459214208284920655e+00 6.501006271962657124e-01 9.898454095923504781e+00
3.341137123745819792e+01 1.382827856172768113e-02 1.005420596535790079e+00 2.439535375406141515e+00 6.508274334643104897e-01 1.023635110773764723e+01
3.371237458193979819e+01 1.588611921607878744e-02 1.008901257089980241e+00 2.424128942533808839e+00 6.515542397323552670e-01 1.057117638971769580e+01
3.401337792642140556e+01 1.807982164763820634e-02 1.012381917644170626e+00 2.410664745072849335e+00 6.522810460003999333e-01 1.089706706500053635e+01
3.431438127090301293e+01 2.035779324282869715e-02 1.015862578198360788e+00 2.396364736966715814e+00 6.530078522684447107e-01 1.120971651291285021e+01
3.461538461538462030e+01 2.266969281507122402e-02 1.019343238752551173e+00 2.378486454204490563e+00 6.537346585364893770e-01 1.150610076548116467e+01
3.491638795986622057e+01 2.496441607551757799e-02 1.022823899306741335e+00 2.354820311229132823e+00 6.544614648045341543e-01 1.178447589543255347e+01
3.521739130434782794e+01 2.717360208324097123e-02 1.026304559860931720e+00 2.324093621533509513e+00 6.551882710725789316e-01 1.204473982785570207e+01
3.551839464882943531e+01 2.920552705328981549e-02 1.029785220415121882e+00 2.286210664334094034e+00 6.559150773406235979e-01 1.228893748475502257e+01
3.581939799331104268e+01 3.097021984747752935e-02 1.033265880969312267e+00 2.242295792240558416e+00 6.566418836086683752e-01 1.252151561772172350e+01
3.612040133779264295e+01 3.241492688854556020e-02 1.036746541523502430e+00 2.194530173691945585e+00 6.573686898767130415e-01 1.274899474292541690e+01
3.642140468227425032e+01 3.353402861210070390e-02 1.040227202077692814e+00 2.145788809557367838e+00 6.580954961447578189e-01 1.297901395918577805e+01
3.672240802675585769e+01 3.435571258109262893e-02 1.043707862631883199e+00 2.099112068164326494e+00 6.588223024128025962e-01 1.321901500096296544e+01
3.702341137123745796e+01 3.493506811238625276e-02 1.047188523186073361e+00 2.057094493768129251e+00 6.595491086808472625e-01 1.347490815042261048e+01
3.732441471571906533e+01 3.536224998919215712e-02 1.050669183740263524e+00 2.021327358295465171e+00 6.602759149488920398e-01 1.374989458607858595e+01
3.762541806020067270e+01 3.576208448479057528e-02 1.054149844294453908e+00 1.992055729433796829e+00 6.610027212169367061e-01 1.404348218513493229e+01
3.792642140468228007e+01 3.625416446560428274e-02 1.057630504848644293e+00 1.968175558739185371e+00 6.617295274849814835e-01 1.435084147993485004e+01
3.822742474916388034e+01 3.688093044564445117e-02 1.061111165402834455e+00 1.947598891111499420e+00 6.624563337530262608e-01 1.466285625190545261e+01
3.852842809364548771e+01 3.757527905605997226e-02 1.064591825957024840e+00 1.927888116452381562e+00 6.631831400210709271e-01 1.496716899021238589e+01
3.882943143812709508e+01 3.822529937328050104e-02 1.068072486511215002e+00 1.906957616571939296e+00 6.639099462891157044e-01 1.525009464297745687e+01
3.913043478260869534e+01 3.877775802015752393e-02 1.071553147065405387e+00 1.883612863786026992e+00 6.646367525571604817e-01 1.549881069380365517e+01
3.943143812709030271e+01 3.926960239332149410e-02 1.075033807619595549e+00 1.857760374004689741e+00 6.653635588252051480e-01 1.570316834938801165e+01
3.973244147157191009e+01 3.977552465426850009e-02 1.078514468173785934e+00 1.830249563018454539e+00 6.660903650932499254e-01 1.585685993462090870e+01
4.003344481605351746e+01 4.035349236054141392e-02 1.081995128727976319e+00 1.802440708546139359e+00 6.668171713612945917e-01 1.595810294408929231e+01
4.033444816053511772e+01 4.103420294113684780e-02 1.085475789282166481e+00 1.775675013801088831e+00 6.675439776293393690e-01 1.601001931485597396e+01
4.063545150501672509e+01 4.182347313993182297e-02 1.088956449836356644e+00 1.750829111340449717e+00 6.682707838973841463e-01 1.602052243209783811e+01
4.093645484949833246e+01 4.268854153392624001e-02 1.092437110390547028e+00 1.728081737530578588e+00 6.689975901654288126e-01 1.600125096410321035e+01
4.123745819397993273e+01 4.355876711409354535e-02 1.095917770944737413e+00 1.706937711082857412e+00 6.697243964334735900e-01 1.596533460889789779e+01
4.153846153846154010e+01 4.437379302697618683e-02 1.099398431498927575e+00 1.686471348920218105e+00 6.704512027015183673e-01 1.592446764926836522e+01
4.183946488294314747e+01 4.512900861414873704e-02 1.102879092053117960e+00 1.665684371381350060e+00 6.711780089695630336e-01 1.588637795672257980e+01
4.214046822742475484e+01 4.583811003399817369e-02 1.106359752607308122e+00 1.643837123380559539e+00 6.719048152376078109e-01 1.585378983249700902e+01
4.244147157190635511e+01 4.644781398069981054e-02 1.109840413161498507e+00 1.620624416709602444e+00 6.726316215056524772e-01 1.582528473804707581e+01
4.274247491638796248e+01 4.683800222460906409e-02 1.113321073715688669e+00 1.596135407606700474e+00 6.733584277736972545e-01 1.579746779517226329e+01
4.304347826086956985e+01 4.693881089699650233e-02 1.116801734269879054e+00 1.570638403589560417e+00 6.740852340417420319e-01 1.576720095117291187e+01
4.334448160535117722e+01 4.682307734095882135e-02 1.120282394824069438e+00 1.544317114107875977e+00 6.748120403097866982e-01 1.573280068585799185e+01
4.364548494983277749e+01 4.665309151288986322e-02 1.123763055378259601e+00 1.517107052975699810e+00 6.755388465778314755e-01 1.569388080046824463e+01
4.394648829431438486e+01 4.655379662843313338e-02 1.127243715932449764e+00 1.488726348758744544e+00 6.762656528458761418e-01 1.565034280538110956e+01
4.424749163879599223e+01 4.656862367366759736e-02 1.130724376486640148e+00 1.458893951035699965e+00 6.769924591139209191e-01 1.560134272407406719e+01
4.454849498327759250e+01 4.671550755027620294e-02 1.134205037040830533e+00 1.427632218051129165e+00 6.777192653819656964e-01 1.554485677726566273e+01
4.484949832775919987e+01 4.702400722402745592e-02 1.137685697595020695e+00 1.395503918290273537e+00 6.784460716500103628e-01 1.547805170832413779e+01
4.515050167224080724e+01 4.750443765136026092e-02 1.141166358149210858e+00 1.363653247429448712e+00 6.791728779180551401e-01 1.539828251409133841e+01
4.545150501672241461e+01 4.812808739559384930e-02 1.144647018703401242e+00 1.333597071208679763e+00 6.798996841860998064e-01 1.530423507161028596e+01
4.575250836120401488e+01 4.885505982126558261e-02 1.148127679257591627e+00 1.306816986302176797e+00 6.806264904541445837e-01 1.519659456790571639e+01
4.605351170568562225e+01 4.964027075803627981e-02 1.151608339811781789e+00 1.284293950070575008e+00 6.813532967221893610e-01 1.507785263636247386e+01
4.635451505016722962e+01 5.040019387699935793e-02 1.155089000365972174e+00 1.266164409917929223e+00 6.820801029902340273e-01 1.495143132182656132e+01
4.665551839464882988e+01 5.102954072940534685e-02 1.158569660920162558e+00 1.251638173373873064e+00 6.828069092582788047e-01 1.482073129337505435e+01
4.695652173913043725e+01 5.148749261502257035e-02 1.162050321474352721e+00 1.239216877855829013e+00 6.835337155263234710e-01 1.468853893279767320e+01
4.725752508361204463e+01 5.182952513244391129e-02 1.165530982028542883e+00 1.227134060838360963e+00 6.842605217943682483e-01 1.455661966824659714e+01
4.755852842809365200e+01 5.211649266185488377e-02 1.169011642582733268e+00 1.213858035207522557e+00 6.849873280624130256e-01 1.442502684296654714e+01
4.785953177257525226e+01 5.232223711404729999e-02 1.172492303136923653e+00 1.198488512811096474e+00 6.857141343304576919e-01 1.429115053136762725e+01
4.816053511705685963e+01 5.236614346507907636e-02 1.175972963691113815e+00 1.180931111427133029e+00 6.864409405985024692e-01 1.414937429419744497e+01
4.846153846153846700e+01 5.220223600119582030e-02 1.179453624245303978e+00 1.161818148620287872e+00 6.871677468665472466e-01 1.399237889343811325e+01
4.876254180602006727e+01 5.182415761526760339e-02 1.182934284799494362e+00 1.142224524925506302e+00 6.878945531345919129e-01 1.381412038998339753e+01
4.906354515050167464e+01 5.120879652741251037e-02 1.186414945353684747e+00 1.123282273184943003e+00 6.886213594026366902e-01 1.361299203837589822e+01
4.936454849498328201e+01 5.033940588143939049e-02 1.189895605907874909e+00 1.105817933469408043e+00 6.893481656706813565e-01 1.339301438014781986e+01
4.966555183946488938e+01 4.931320961494725652e-02 1.193376266462065294e+00 1.090121051607032099e+00 6.900749719387261338e-01 1.316187817629855772e+01
4.996655518394648965e+01 4.835755300941686069e-02 1.196856927016255678e+00 1.075902459779459974e+00 6.908017782067709112e-01 1.292671720513052414e+01
5.026755852842809702e+01 4.765998136345711567e-02 1.200337587570445841e+00 1.062430870540333805e+00 6.915285844748155775e-01 1.269009655608939724e+01
5.056856187290970439e+01 4.717666665268374637e-02 1.203818248124636003e+00 1.048772482911563664e+00 6.922553907428603548e-01 1.244865346727523381e+01
5.086956521739130466e+01 4.664789994244103455e-02 1.207298908678826388e+00 1.034031283535338241e+00 6.929821970109051321e-01 1.219515979408364004e+01
5.117056856187291203e+01 4.581601278884910727e-02 1.210779569233016773e+00 1.017511979382585752e+00 6.937090032789497984e-01 1.192267504217350371e+01
5.147157190635451940e+01 4.462215065186243834e-02 1.214260229787206935e+00 9.987870763478994274e-01 6.944358095469945757e-01 1.162831779001005827e+01
5.177257525083612677e+01 4.321054752417927830e-02 1.217740890341397098e+00 9.777048582998691950e-01 6.951626158150392421e-01 1.131462932987993320e+01
5.207357859531772704e+01 4.177746660334159812e-02 1.221221550895587482e+00 9.543896219457973507e-01 6.958894220830840194e-01 1.098809320120883548e+01
5.237458193979933441e+01 4.042176204562622499e-02 1.224702211449777867e+00 9.292540805616327226e-01 6.966162283511287967e-01 1.065602907060546656e+01
5.267558528428094178e+01 3.911021427745289131e-02 1.228182872003968029e+00 9.029963845835810021e-01 6.973430346191734630e-01 1.032383124580483269e+01
5.297658862876254204e+01 3.775152756526525821e-02 1.231663532558158192e+00 8.765323966630833574e-01 6.980698408872182403e-01 9.994044793614069278e+00
5.327759197324414941e+01 3.629359976348927458e-02 1.235144193112348798e+00 8.508381342083735088e-01 6.987966471552629066e-01 9.667462688328315679e+00
5.357859531772575679e+01 3.476612044829350406e-02 1.238624853666538961e+00 8.267317570485791522e-01 6.995234534233076840e-01 9.345126516833429875e+00
5.387959866220736416e+01 3.324998602315150376e-02 1.242105514220729123e+00 8.046705922582948478e-01 7.002502596913524613e-01 9.029635247628604588e+00
5.418060200668896442e+01 3.181177719869254794e-02 1.245586174774919508e+00 7.846444708916489041e-01 7.009770659593971276e-01 8.724799862537691908e+00
5.448160535117057179e+01 3.045813124989539544e-02 1.249066835329109892e+00 7.662077747761758539e-01 7.017038722274419049e-01 8.433946700036949906e+00
5.478260869565217916e+01 2.913513842234346715e-02 1.252547495883300055e+00 7.486319804270523681e-01 7.024306784954865712e-01 8.158131082247033206e+00
5.508361204013378654e+01 2.776057287695872511e-02 1.256028156437490217e+00 7.311112455787972531e-01 7.031574847635313485e-01 7.895505464439459331e+00
5.538461538461538680e+01 2.626451656415932506e-02 1.259508816991680602e+00 7.129396452260398087e-01 7.038842910315761259e-01 7.642205016454516553e+00
5.568561872909699417e+01 2.461888103204831757e-02 1.262989477545870987e+00 6.936040400462067934e-01 7.046110972996207922e-01 7.394086270636401892e+00
5.598662207357860154e+01 2.284876918467721937e-02 1.266470138100061149e+00 6.727856023142564368e-01 7.053379035676655695e-01 7.148181937977328815e+00
5.628762541806020181e+01 2.102942313295881605e-02 1.269950798654251312e+00 6.503091498891598876e-01 7.060647098357102358e-01 6.903045009746032079e+00
5.658862876254180918e+01 1.926718062362305431e-02 1.273431459208441696e+00 6.260985371567835411e-01 7.067915161037550131e-01 6.657974136886505967e+00
5.688963210702341655e+01 1.765852998824272643e-02 1.276912119762632081e+00 6.001796180633409694e-01 7.075183223717997905e-01 6.411883179288871304e+00
5.719063545150502392e+01 1.624189107966650739e-02 1.280392780316822243e+00 5.727315254891615082e-01 7.082451286398444568e-01 6.162767904167306909e+00
5.749163879598662419e+01 1.497744665389024420e-02 1.283873440871012628e+00 5.441477494771378431e-01 7.089719349078892341e-01 5.908184374663333571e+00
5.779264214046823156e+01 1.377648823290833144e-02 1.287354101425203012e+00 5.150541834569675181e-01 7.096987411759339004e-01 5.646318189555567635e+00
5.809364548494983893e+01 1.256391261749568306e-02 1.290834761979393175e+00 4.862489411269805828e-01 7.104255474439786777e-01 5.376807161764035392e+00
5.839464882943143920e+01 1.132890058828676765e-02 1.294315422533583337e+00 4.585662015628751420e-01 7.111523537120234550e-01 5.100826297601420478e+00
5.869565217391304657e+01 1.012370368147510330e-02 1.297796083087773722e+00 4.327024366562776114e-01 7.118791599800682324e-01 4.820668536972964269e+00
5.899665551839465394e+01 9.012982175446972166e-03 1.301276743641964107e+00 4.090618173461778029e-01 7.126059662481128987e-01 4.539429793858177575e+00
5.929765886287626131e+01 8.022180099904257025e-03 1.304757404196154269e+00 3.876739781334057611e-01 7.133327725161575650e-01 4.261104869400210937e+00
5.959866220735786158e+01 7.133207743173516566e-03 1.308238064750344432e+00 3.682161150180032205e-01 7.140595787842023423e-01 3.990796847738365738e+00
5.989966555183946895e+01 6.324796281389815679e-03 1.311718725304534816e+00 3.501393536786577831e-01 7.147863850522471196e-01 3.734482578605923031e+00
6.020066889632107632e+01 5.607050689877784815e-03 1.315199385858725201e+00 3.328634288085035031e-01 7.155131913202918970e-01 3.498112416924178181e+00
6.050167224080267658e+01 5.009209995140425503e-03 1.318680046412915363e+00 3.159741918704931929e-01 7.162399975883365633e-01 3.286397300590743420e+00
6.080267558528428395e+01 4.535804132983261606e-03 1.322160706967105748e+00 2.993495587436807437e-01 7.169668038563813406e-01 3.101885626011871011e+00
6.110367892976589133e+01 4.143064556619784240e-03 1.325641367521296132e+00 2.831621226738464947e-01 7.176936101244260069e-01 2.944650270652082735e+00
6.140468227424749870e+01 3.763904781341951850e-03 1.329122028075486295e+00 2.677570852180224947e-01 7.184204163924707842e-01 2.812422734094046195e+00
6.170568561872909896e+01 3.355543141173221878e-03 1.332602688629676457e+00 2.534603971394948085e-01 7.191472226605155615e-01 2.700830523929512061e+00
6.200668896321070633e+01 2.920577455206920057e-03 1.336083349183866842e+00 2.404043809517697194e-01 7.198740289285602278e-01 2.603667628960375513e+00
6.230769230769231370e+01 2.486184055377180062e-03 1.339564009738057226e+00 2.284480475159337831e-01 7.206008351966050052e-01 2.513505304414920261e+00
6.260869565217392108e+01 2.073907206389736732e-03 1.343044670292247389e+00 2.172219690964914407e-01 7.213276414646496715e-01 2.422957209813934032e+00
6.290969899665552134e+01 1.693857662776613758e-03 1.346525330846437551e+00 2.062687035646639799e-01 7.220544477326944488e-01 2.326457460478518424e+00
6.321070234113712871e+01 1.358097825639471672e-03 1.350005991400627936e+00 1.952097541196504416e-01 7.227812540007392261e-01 2.221878125136717230e+00
6.351170568561873608e+01 1.086178778611656412e-03 1.353486651954818321e+00 1.838665653408484979e-01 7.235080602687838924e-01 2.111177101083689944e+00
6.381270903010033635e+01 8.932531456066857738e-04 1.356967312509008483e+00 1.722931356906771128e-01 7.242348665368286698e-01 1.999656770870114286e+00
6.411371237458195083e+01 7.750488895600771535e-04 1.360447973063198646e+00 1.607222895826552478e-01 7.249616728048733361e-01 1.894059929092998029e+00
6.441471571906355109e+01 7.057521241899610779e-04 1.363928633617389252e+00 1.494632920026558454e-01 7.256884790729181134e-01 1.800246674126973367e+00
6.471571906354515136e+01 6.517443371072197426e-04 1.367409294171579415e+00 1.388003236242821015e-01 7.264152853409628907e-01 1.721347992742607191e+00
6.501672240802676583e+01 5.913897011998972986e-04 1.370889954725769577e+00 1.289286613666453529e-01 7.271420916090075570e-01 1.657049601213635981e+00
6.531772575250836610e+01 5.247407022053730526e-04 1.374370615279959962e+00 1.199395509988419456e-01 7.278688978770523343e-01 1.604145271116097948e+00
6.561872909698996637e+01 4.644671319102682818e-04 1.377851275834150346e+00 1.118410096821284283e-01 7.285957041450970006e-01 1.557945700916204324e+00
6.591973244147158084e+01 4.185360995572007595e-04 1.381331936388340509e+00 1.045908648406115860e-01 7.293225104131417780e-01 1.513821819639059818e+00
6.622073578595318111e+01 3.835021386655389328e-04 1.384812596942530671e+00 9.812200376987008366e-02 7.300493166811865553e-01 1.468272520693125749e+00
6.652173913043478137e+01 3.521994037468023013e-04 1.388293257496721056e+00 9.235221142370030056e-02 7.307761229492312216e-01 1.419323203058644234e+00
6.682274247491639585e+01 3.220998662507830262e-04 1.391773918050911441e+00 8.718339627662829994e-02 7.315029292172759989e-01 1.366433574363981496e+00
6.712374581939799612e+01 2.939905265852936489e-04 1.395254578605101603e+00 8.250083199569600845e-02 7.322297354853206652e-01 1.310149629617346934e+00
6.742474916387959638e+01 2.665786118734549603e-04 1.398735239159291766e+00 7.818055743520693768e-02 7.329565417533654426e-01 1.251560257800123699e+00
6.772575250836121086e+01 2.367287779084216394e-04 1.402215899713482150e+00 7.410543617663134519e-02 7.336833480214102199e-01 1.191550884084376039e+00
6.802675585284281112e+01 2.041215132408584834e-04 1.405696560267672535e+00 7.018322591687581324e-02 7.344101542894549972e-01 1.130060794286310344e+00
6.832775919732442560e+01 1.726117601338432168e-04 1.409177220821862697e+00 6.635795415045478429e-02 7.351369605574996635e-01 1.065811929497150201e+00
6.862876254180602587e+01 1.468913750659460611e-04 1.412657881376053082e+00 6.260975447161774843e-02 7.358637668255443298e-01 9.968835738035745075e-01
6.892976588628762613e+01 1.292695630499587878e-04 1.416138541930243466e+00 5.894491666996777568e-02 7.365905730935891071e-01 9.219823197012219085e-01
6.923076923076924061e+01 1.190080889556013448e-04 1.419619202484433629e+00 5.538261785078100324e-02 7.373173793616338845e-01 8.417069071364622346e-01
6.953177257525084087e+01 1.128706503313241743e-04 1.423099863038623791e+00 5.194487934453027173e-02 7.380441856296786618e-01 7.590346766892318575e-01
6.983277591973244114e+01 1.061828012277310067e-04 1.426580523592814176e+00 4.865246430660145893e-02 7.387709918977233281e-01 6.787393954404636887e-01
7.013377926421405562e+01 9.505219480501544559e-05 1.430061184147004560e+00 4.552482755505459638e-02 7.394977981657681054e-01 6.060750911450911715e-01
7.043478260869565588e+01 7.892890842342997228e-05 1.433541844701194723e+00 4.257987695480960899e-02 7.402246044338127717e-01 5.453534890900225696e-01
7.073578595317725615e+01 6.092394431156500476e-05 1.437022505255384885e+00 3.983024770171085527e-02 7.409514107018575491e-01 4.989044696956250746e-01
7.103678929765887062e+01 4.499054023959431279e-05 1.440503165809575270e+00 3.727594983753024227e-02 7.416782169699023264e-01 4.666062939446014579e-01
7.133779264214047089e+01 3.276996320001009832e-05 1.443983826363765655e+00 3.489656105383456136e-02 7.424050232379469927e-01 4.459835476951668487e-01
7.163879598662208537e+01 2.335877111310252530e-05 1.447464486917955817e+00 3.264780642825649420e-02 7.431318295059917700e-01 4.328253819037607975e-01
7.193979933110368563e+01 1.549090465939418569e-05 1.450945147472146202e+00 3.046653272933353557e-02 7.438586357740364363e-01 4.222273443671765714e-01
7.224080267558528590e+01 9.022308048271867475e-06 1.454425808026336586e+00 2.828494366251493516e-02 7.445854420420812136e-01 4.098212477579376567e-01
7.254180602006690037e+01 4.433276941436253809e-06 1.457906468580526749e+00 2.605067991274677419e-02 7.453122483101259910e-01 3.928157230777480913e-01
7.284280936454850064e+01 1.797692237539319285e-06 1.461387129134716911e+00 2.374578345504857815e-02 7.460390545781706573e-01 3.704797175148228372e-01
7.314381270903010090e+01 5.950671271111683113e-07 1.464867789688907296e+00 2.139672258293639356e-02 7.467658608462154346e-01 3.439155973889385653e-01
7.344481605351171538e+01 1.599725077350901161e-07 1.468348450243097680e+00 1.907043836070326445e-02 7.474926671142601009e-01 3.152824740739253451e-01
7.374581939799331565e+01 3.484269949888022068e-08 1.471829110797287843e+00 1.685692523565699222e-02 7.482194733823048782e-01 2.868617634257276117e-01
7.404682274247491591e+01 6.141559146624435333e-09 1.475309771351478005e+00 1.484456798807821595e-02 7.489462796503496556e-01 2.603746089438316869e-01
7.434782608695653039e+01 8.756237295369097496e-10 1.478790431905668390e+00 1.309735134236331318e-02 7.496730859183943219e-01 2.367648329530094020e-01
7.464882943143813065e+01 1.009533824025734997e-10 1.482271092459858775e+00 1.164166300031134645e-02 7.503998921864390992e-01 2.163802844972876893e-01
7.494983277591973092e+01 9.411048726580315678e-12 1.485751753014048937e+00 1.046572908530610593e-02 7.511266984544837655e-01 1.992954807507602843e-01
7.525083612040134540e+01 7.093250421590634282e-13 1.489232413568239322e+00 9.529494883177726597e-03 7.518535047225285428e-01 1.855229741368157603e-01
7.555183946488294566e+01 4.322469174221896039e-14 1.492713074122429706e+00 8.779562283798860584e-03 7.525803109905733201e-01 1.750200006144176368e-01
7.585284280936456014e+01 2.129576581681383665e-15 1.496193734676619869e+00 8.163478384147822980e-03 7.533071172586179864e-01 1.675697458064569212e-01
7.615384615384616041e+01 8.482575699598130056e-17 1.499674395230810031e+00 7.639373075574828163e-03 7.540339235266627638e-01 1.626828155723267499e-01
7.645484949832776067e+01 2.731713563804615216e-18 1.503155055785000416e+00 7.179281346844261676e-03 7.547607297947074301e-01 1.596109856560711804e-01
7.675585284280937515e+01 7.112397163630342116e-20 1.506635716339190800e+00 6.766639733504675042e-03 7.554875360627522074e-01 1.574668833589125128e-01
7.705685618729097541e+01 1.497169875426736028e-21 1.510116376893380963e+00 6.390213287440357597e-03 7.562143423307969847e-01 1.553809845043528093e-01
7.735785953177257568e+01 2.548011331453707653e-23 1.513597037447571125e+00 6.037861490661673887e-03 7.569411485988416510e-01 1.526295760731967432e-01
7.765886287625419016e+01 3.505967103088436577e-25 1.517077698001761510e+00 5.693529847769341831e-03 7.576679548668864284e-01 1.487096987881814381e-01
7.795986622073579042e+01 3.900241950357047497e-27 1.520558358555951894e+00 5.339254837328341954e-03 7.583947611349310947e-01 1.433766250481507132e-01
7.826086956521739069e+01 3.507950905129864870e-29 1.524039019110142057e+00 4.961249145112686665e-03 7.591215674029758720e-01 1.366675622488813246e-01
7.856187290969900516e+01 2.550907448385671785e-31 1.527519679664332219e+00 4.556662295782730292e-03 7.598483736710206493e-01 1.289116910584032494e-01
7.886287625418060543e+01 1.499740431255067944e-33 1.531000340218522604e+00 4.136879355673156282e-03 7.605751799390654266e-01 1.206945271178461454e-01
7.916387959866221991e+01 7.128836148093320644e-36 1.534481000772712989e+00 3.724809085710362785e-03 7.613019862071100929e-01 1.127351440534800492e-01
7.946488294314382017e+01 2.739701195616067150e-38 1.537961661326903151e+00 3.346738052507681506e-03 7.620287924751548703e-01 1.056684945846467910e-01
7.976588628762542044e+01 8.512765301681197590e-41 1.541442321881093536e+00 3.022272696345778675e-03 7.627555987431995366e-01 9.979387739732673013e-02
8.006688963210703491e+01 2.138561959349600095e-43 1.544922982435283920e+00 2.757024328633247631e-03 7.634824050112443139e-01 9.491110606978842013e-02
8.036789297658863518e+01 4.343676900693501425e-46 1.548403642989474083e+00 2.541405267173949684e-03 7.642092112792890912e-01 9.036021881092012875e-02
8.066889632107023544e+01 7.133101897167981876e-49 1.551884303543664245e+00 2.355927275889825590e-03 7.649360175473337575e-01 8.528477211935127367e-02
8.096989966555184992e+01 9.470769752790107965e-52 1.555364964097854630e+00 2.180322370498107183e-03 7.656628238153785349e-01 7.900162523228987377e-02
8.127090301003345019e+01 1.016666976780056806e-54 1.558845624652045014e+00 2.002180913282046448e-03 7.663896300834232012e-01 7.128198305760860554e-02
8.157190635451505045e+01 8.823875070785944900e-58 1.562326285206235177e+00 1.821305319979844113e-03 7.671164363514679785e-01 6.239999765289575701e-02
8.187290969899666493e+01 6.191954253894621197e-61 1.565806945760425339e+00 1.648188855525043036e-03 7.678432426195127558e-01 5.295566406332220810e-02
8.217391304347826519e+01 3.513050512321474035e-64 1.569287606314615724e+00 1.497773144116597982e-03 7.685700488875574221e-01 4.361221655195711422e-02
8.247491638795986546e+01 1.611498031548098093e-67 1.572768266868806109e+00 1.381635571383368552e-03 7.692968551556021994e-01 3.490490000857866815e-02
8.277591973244147994e+01 5.976739227317762609e-71 1.576248927422996271e+00 1.302201791989972528e-03 7.700236614236468657e-01 2.718331221508155787e-02
8.307692307692308020e+01 1.792207709471001438e-74 1.579729587977186656e+00 1.251410443834836614e-03 7.707504676916916431e-01 2.064062222077082953e-02
8.337792642140469468e+01 4.345124171835922304e-78 1.583210248531377040e+00 1.214103289823887342e-03 7.714772739597364204e-01 1.534948834543549238e-02
8.367892976588629494e+01 8.517381872120666762e-82 1.586690909085567203e+00 1.174275067331030740e-03 7.722040802277810867e-01 1.126987915393159144e-02
8.397993311036789521e+01 1.349896059201809773e-85 1.590171569639757365e+00 1.121145727412105851e-03 7.729308864958258640e-01 8.251781995789568558e-03
8.428093645484950969e+01 1.729756524522314631e-89 1.593652230193947750e+00 1.052317771946475371e-03 7.736576927638705303e-01 6.067682565435829692e-03
8.458193979933110995e+01 1.792091433155182665e-93 1.597132890748138134e+00 9.728683600897336352e-04 7.743844990319153077e-01 4.476932190759008723e-03
8.488294314381271022e+01 1.501156379271681978e-97 1.600613551302328297e+00 8.912772946362849859e-04 7.751113052999600850e-01 3.289749508343886315e-03
8.518394648829432469e+01 1.016675338057790483e-101 1.604094211856518459e+00 8.145412469365975868e-04 7.758381115680047513e-01 2.396200189383899861e-03
8.548494983277592496e+01 5.567101794707342430e-106 1.607574872410708844e+00 7.449453464308753098e-04 7.765649178360495286e-01 1.751480955377859644e-03
8.578595317725752523e+01 2.464713504183695585e-110 1.611055532964899228e+00 6.797979616351689522e-04 7.772917241040941949e-01 1.336440619645269060e-03
8.608695652173913970e+01 8.822546774422018568e-115 1.614536193519089391e+00 6.137509439164538262e-04 7.780185303721389722e-01 1.121168259440367271e-03
8.638795986622073997e+01 2.553356873923661935e-119 1.618016854073279776e+00 5.421069427932610936e-04 7.787453366401837496e-01 1.049659343214671622e-03
8.668896321070235444e+01 5.974737398634693058e-124 1.621497514627470160e+00 4.633354782641463799e-04 7.794721429082284159e-01 1.047475731463834783e-03
8.698996655518395471e+01 1.130356812725932596e-128 1.624978175181660323e+00 3.797700895726345517e-04 7.801989491762731932e-01 1.042752242060994167e-03
8.729096989966555498e+01 1.729025298893895004e-133 1.628458835735850485e+00 2.965401530065856764e-04 7.809257554443178595e-01 9.872230233083608471e-04
8.759197324414716945e+01 2.138335139879201315e-138 1.631939496290040648e+00 2.195727712129455739e-04 7.816525617123626368e-01 8.667574228333190401e-04
8.789297658862876972e+01 2.138150925765534849e-143 1.635420156844231254e+00 1.536831453443126476e-04 7.823793679804074142e-01 6.976275291463267247e-04
8.819397993311036998e+01 1.728576399696051442e-148 1.638900817398421417e+00 1.014501284983260876e-04 7.831061742484521915e-01 5.122041278055251053e-04
8.849498327759198446e+01 1.129863210951492810e-153 1.642381477952611579e+00 6.305630341585793670e-05 7.838329805164968578e-01 3.423376027620485111e-04
8.879598662207358473e+01 5.971034862160572342e-159 1.645862138506802186e+00 3.685256053739340324e-05 7.845597867845416351e-01 2.081056161018897616e-04
8.909698996655518499e+01 2.551285927700003911e-164 1.649342799060992348e+00 2.022868347190306316e-05 7.852865930525863014e-01 1.150205825846560066e-04
8.939799331103679947e+01 8.813608224866503830e-170 1.652823459615182511e+00 1.041787971225764192e-05 7.860133993206310787e-01 5.779172458840818431e-05
8.969899665551839973e+01 2.461686147368558570e-175 1.656304120169372673e+00 5.029140465270124299e-06 7.867402055886758561e-01 2.639535144897821358e-05
9.000000000000000000e+01 1.111796130970508684e-180 1.659784780723563058e+00 2.273720874447474431e-06 7.874670118567205224e-01 1.095846933534046280e-05
