0.000000000000000000e+00 0.000000000000000000e+00 5.598699238713675808e-01 2.620764381207760063e-06 5.131446568108084527e-01 1.040143012366208771e-05
3.010033444816053727e-01 0.000000000000000000e+00 5.622060105711913502e-01 5.998695131904291601e-06 5.138074209768782596e-01 2.627473703279640309e-05
6.020066889632107454e-01 0.000000000000000000e+00 5.645420972710152308e-01 1.264141935622284263e-05 5.144701851429481776e-01 5.967443301832125085e-05
9.030100334448161181e-01 0.000000000000000000e+00 5.668781839708390002e-01 2.454764039126095551e-05 5.151329493090179845e-01 1.218956479482920507e-04
1.204013377926421491e+00 0.000000000000000000e+00 5.692142706706627697e-01 4.398759159652219501e-05 5.157957134750879025e-01 2.241078319375894843e-04
1.505016722408026864e+00 0.000000000000000000e+00 5.715503573704866502e-01 7.291987871985879653e-05 5.164584776411577094e-01 3.714486008749497028e-04
1.806020066889632236e+00 0.000000000000000000e+00 5.738864440703104197e-01 1.123081829558323920e-04 5.171212418072276273e-01 5.570200450893474878e-04
2.107023411371237387e+00 0.000000000000000000e+00 5.762225307701343002e-01 1.618481203636970090e-04 5.177840059732974343e-01 7.617215829645665199e-04
2.408026755852842982e+00 0.000000000000000000e+00 5.785586174699580697e-01 2.207086367347458093e-04 5.184467701393673522e-01 9.659956577197656782e-04
2.709030100334448576e+00 0.000000000000000000e+00 5.808947041697818392e-01 2.895107606656576165e-04 5.191095343054371591e-01 1.174213210216790712e-03
3.010033444816053727e+00 0.000000000000000000e+00 5.832307908696057197e-01 3.729201776141904457e-04 5.197722984715070771e-01 1.443411326215754192e-03
3.311036789297658878e+00 0.000000000000000000e+00 5.855668775694294892e-01 4.814003891155646314e-04 5.204350626375768840e-01 1.901494934559252569e-03
3.612040133779264472e+00 0.000000000000000000e+00 5.879029642692532587e-01 6.306156622650012540e-04 5.210978268036468020e-01 2.741393088873950688e-03
3.913043478260870067e+00 0.000000000000000000e+00 5.902390509690771392e-01 8.381281260288486485e-04 5.217605909697166089e-01 4.187019584964347084e-03
4.214046822742474774e+00 0.000000000000000000e+00 5.925751376689009087e-01 1.118970218043415085e-03 5.224233551357865268e-01 6.438918568177578843e-03
4.515050167224080369e+00 0.000000000000000000e+00 5.949112243687247892e-01 1.483123541329968084e-03 5.230861193018563338e-01 9.616464674738320687e-03
4.816053511705685963e+00 0.000000000000000000e+00 5.972473110685485587e-01 1.937572196281712707e-03 5.237488834679262517e-01 1.371660987343140993e-02
5.117056856187291558e+00 0.000000000000000000e+00 5.995833977683723282e-01 2.493085552807456414e-03 5.244116476339960586e-01 1.860515977380670927e-02
5.418060200668897153e+00 0.000000000000000000e+00 6.019194844681962087e-01 3.172409832229625658e-03 5.250744118000659766e-01 2.404468260806474217e-02
5.719063545150501859e+00 0.000000000000000000e+00 6.042555711680199781e-01 4.014372917640624504e-03 5.257371759661357835e-01 2.974733778294302855e-02
6.020066889632107454e+00 0.000000000000000000e+00 6.065916578678437476e-01 5.069563877358030865e-03 5.263999401322057015e-01 3.543288475031446810e-02
6.321070234113713049e+00 0.000000000000000000e+00 6.089277445676676281e-01 6.388012663583329115e-03 5.270627042982755084e-01 4.088185053987720974e-02
6.622073578595317755e+00 0.000000000000000000e+00 6.112638312674913976e-01 8.005377615513759038e-03 5.277254684643454263e-01 4.599225410089580884e-02
6.923076923076923350e+00 0.000000000000000000e+00 6.135999179673152781e-01 9.937501830231192448e-03 5.283882326304152333e-01 5.084869091393255658e-02
7.224080267558528945e+00 0.000000000000000000e+00 6.159360046671390476e-01 1.219056022558120261e-02 5.290509967964851512e-01 5.578158684387789223e-02
7.525083612040134540e+00 0.000000000000000000e+00 6.182720913669628171e-01 1.478576013239153199e-02 5.297137609625549581e-01 6.135812638295201626e-02
7.826086956521740134e+00 0.000000000000000000e+00 6.206081780667866976e-01 1.778834175632521344e-02 5.303765251286248761e-01 6.824995395784051733e-02
8.127090301003345729e+00 0.000000000000000000e+00 6.229442647666104671e-01 2.132646439971006350e-02 5.310392892946946830e-01 7.698164864355601378e-02
8.428093645484949548e+00 0.000000000000000000e+00 6.252803514664342366e-01 2.558912931314885272e-02 5.317020534607646010e-01 8.764693382444074810e-02
8.729096989966555142e+00 0.000000000000000000e+00 6.276164381662581171e-01 3.080064199460928048e-02 5.323648176268344079e-01 9.973793745051735826e-02
9.030100334448160737e+00 0.000000000000000000e+00 6.299525248660818866e-01 3.717647942237487652e-02 5.330275817929043258e-01 1.122281919292963254e-01
9.331103678929766332e+00 0.000000000000000000e+00 6.322886115659056561e-01 4.486873369810590040e-02 5.336903459589741328e-01 1.239597267669138303e-01
9.632107023411371927e+00 0.000000000000000000e+00 6.346246982657295366e-01 5.391082179158959709e-02 5.343531101250440507e-01 1.342208304144403008e-01
9.933110367892977521e+00 0.000000000000000000e+00 6.369607849655533061e-01 6.417480094694330561e-02 5.350158742911138576e-01 1.432454465143697120e-01
1.023411371237458312e+01 0.000000000000000000e+00 6.392968716653771866e-01 7.535947887444947868e-02 5.356786384571837756e-01 1.523439349464434933e-01
1.053511705685618871e+01 0.000000000000000000e+00 6.416329583652009561e-01 8.702638131933290722e-02 5.363414026232535825e-01 1.635472144232343605e-01
1.083612040133779431e+01 0.000000000000000000e+00 6.439690450650247255e-01 9.868731884226328299e-02 5.370041667893235005e-01 1.789163569623907213e-01
1.113712374581939812e+01 0.000000000000000000e+00 6.463051317648486060e-01 1.099254205974828091e-01 5.376669309553933074e-01 1.998480312247742363e-01
1.143812709030100372e+01 0.000000000000000000e+00 6.486412184646723755e-01 1.205140472897073683e-01 5.383296951214632253e-01 2.266758644450600491e-01
1.173913043478260931e+01 0.000000000000000000e+00 6.509773051644962560e-01 1.304957221762510222e-01 5.389924592875330323e-01 2.586804578665477528e-01
1.204013377926421491e+01 0.000000000000000000e+00 6.533133918643200255e-01 1.401945192075834401e-01 5.396552234536029502e-01 2.944298717337571758e-01
1.234113712374582050e+01 0.000000000000000000e+00 6.556494785641437950e-01 1.501501319940323764e-01 5.403179876196727571e-01 3.322885950879675421e-01
1.264214046822742610e+01 0.000000000000000000e+00 6.579855652639676755e-01 1.609755779790332519e-01 5.409807517857425641e-01 3.709452601310518904e-01
1.294314381270903169e+01 0.000000000000000000e+00 6.603216519637914450e-01 1.731602486568402932e-01 5.416435159518124820e-01 4.098310767819902667e-01
1.324414715719063551e+01 0.000000000000000000e+00 6.626577386636152145e-01 1.868720234841496075e-01 5.423062801178823999e-01 4.492884546046769789e-01
1.354515050167224111e+01 0.000000000000000000e+00 6.649938253634390950e-01 2.018432053793773606e-01 5.429690442839522069e-01 4.903676639372805957e-01
1.384615384615384670e+01 0.000000000000000000e+00 6.673299120632628645e-01 2.174222166538766210e-01 5.436318084500220138e-01 5.342708889102805170e-01
1.414715719063545230e+01 0.000000000000000000e+00 6.696659987630866340e-01 2.328110631245599582e-01 5.442945726160919317e-01 5.816889780924634490e-01
1.444816053511705789e+01 0.000000000000000000e+00 6.720020854629105145e-01 2.474041261690619053e-01 5.449573367821617387e-01 6.323953116767404570e-01
1.474916387959866348e+01 0.000000000000000000e+00 6.743381721627342840e-01 2.610609489179648857e-01 5.456201009482316566e-01 6.853233941391014827e-01
1.505016722408026908e+01 0.000000000000000000e+00 6.766742588625580535e-01 2.741559775572031676e-01 5.462828651143014635e-01 7.390414032765633134e-01
1.535117056856187467e+01 7.905050333459944707e-323 6.790103455623819340e-01 2.873692795556226365e-01 5.469456292803713815e-01 7.922975079129627174e-01
1.565217391304348027e+01 1.119862639467033600e-311 6.813464322622057034e-01 3.013466796132689418e-01 5.476083934464411884e-01 8.443177831386657894e-01
1.595317725752508409e+01 1.083596474482866332e-300 6.836825189620295840e-01 3.164502683294388996e-01 5.482711576125111064e-01 8.947554345301156342e-01
1.625418060200669146e+01 6.601973467943057120e-290 6.860186056618533534e-01 3.327645847903311638e-01 5.489339217785809133e-01 9.434478655200497776e-01
1.655518394648829528e+01 2.532698302727330205e-279 6.883546923616772339e-01 3.503497916586504890e-01 5.495966859446508312e-01 9.902853389998402811e-01
1.685618729096989910e+01 6.117821446729400962e-269 6.906907790615010034e-01 3.695613530662301693e-01 5.502594501107206382e-01 1.035453663144390246e+00
1.715719063545150647e+01 9.304948802622903411e-259 6.930268657613247729e-01 3.912058795501541231e-01 5.509222142767905561e-01 1.080071554266538447e+00
1.745819397993311028e+01 8.911181223616724909e-249 6.953629524611486534e-01 4.164036133103704018e-01 5.515849784428603630e-01 1.126877574099756529e+00
1.775919732441471766e+01 5.373545933642606649e-239 6.976990391609724229e-01 4.462040049474088055e-01 5.522477426089302810e-01 1.180347632788693923e+00
1.806020066889632147e+01 2.040287805686784561e-229 7.000351258607961924e-01 4.811394349519372837e-01 5.529105067750000879e-01 1.245741510781484207e+00
1.836120401337792885e+01 4.877835467068348491e-220 7.023712125606200729e-01 5.209338097742599594e-01 5.535732709410700059e-01 1.327205843229037008e+00
1.866220735785953266e+01 7.342918080157864447e-211 7.047072992604438424e-01 5.645093547364481434e-01 5.542360351071398128e-01 1.425863069837110864e+00
1.896321070234114003e+01 6.960120479315708289e-202 7.070433859602676119e-01 6.103035758717078041e-01 5.548987992732097307e-01 1.539112100207942868e+00
1.926421404682274385e+01 4.154055130228277465e-193 7.093794726600914924e-01 6.567749631843969871e-01 5.555615634392795377e-01 1.661741178752823567e+00
1.956521739130434767e+01 1.561119961277302210e-184 7.117155593599152619e-01 7.028899281658523845e-01 5.562243276053494556e-01 1.788272708660130217e+00
1.986622073578595504e+01 3.694113033873208247e-176 7.140516460597390314e-01 7.483835748252737341e-01 5.568870917714192625e-01 1.915148416670261478e+00
2.016722408026755886e+01 5.504218303286877445e-168 7.163877327595629119e-01 7.936853688745397761e-01 5.575498559374891805e-01 2.041571840315918873e+00
2.046822742474916623e+01 5.164101559796816133e-160 7.187238194593866814e-01 8.395599274066920525e-01 5.582126201035589874e-01 2.168841210013013221e+00
2.076923076923077005e+01 3.050774728592469739e-152 7.210599061592104508e-01 8.866492911616238315e-01 5.588753842696289054e-01 2.298989910427275074e+00
2.107023411371237742e+01 1.134866958449939922e-144 7.233959928590343313e-01 9.351350712427876077e-01 5.595381484356987123e-01 2.433795239646389774e+00
2.137123745819398124e+01 2.658295043631616600e-137 7.257320795588581008e-01 9.846499040385244816e-01 5.602009126017686302e-01 2.574680582274524898e+00
2.167224080267558861e+01 3.920935993447734503e-130 7.280681662586819813e-01 1.034422163504024272e+00 5.608636767678384372e-01 2.723263055066305949e+00
2.197324414715719243e+01 3.641755360228310049e-123 7.304042529585057508e-01 1.083532672721055024e+00 5.615264409339083551e-01 2.881872441880307889e+00
2.227424749163879625e+01 2.129971501362436587e-116 7.327403396583296313e-01 1.131152835222696496e+00 5.621892050999781620e-01 3.053457407146888958e+00
2.257525083612040362e+01 7.844914337809064675e-110 7.350764263581534008e-01 1.176700542281604811e+00 5.628519692660480800e-01 3.240683650047313513e+00
2.287625418060200744e+01 1.819556879696579170e-103 7.374125130579771703e-01 1.219927255835539182e+00 5.635147334321178869e-01 3.444481396302139231e+00
2.317725752508361481e+01 2.657789028693019628e-97 7.397485997578010508e-01 1.260981632674720965e+00 5.641774975981878049e-01 3.662733692239191097e+00
2.347826086956521863e+01 2.444953992388773235e-91 7.420846864576248203e-01 1.300473246525480242e+00 5.648402617642576118e-01 3.890047867983593033e+00
2.377926421404682600e+01 1.416571080351078765e-85 7.444207731574485898e-01 1.339515020915938548e+00 5.655030259303275297e-01 4.119246195807499511e+00
2.408026755852842982e+01 5.169529785557335979e-80 7.467568598572724703e-01 1.379692984248845677e+00 5.661657900963973367e-01 4.344194971186404963e+00
2.438127090301003363e+01 1.188345700536785069e-74 7.490929465570962398e-01 1.422916602543671694e+00 5.668285542624672546e-01 4.562457635068377648e+00
2.468227424749164101e+01 1.720901111278423452e-69 7.514290332569200093e-01 1.471139194275776774e+00 5.674913184285370615e-01 4.776068841903246209e+00
2.498327759197324482e+01 1.570155933376033551e-64 7.537651199567438898e-01 1.525989545005175696e+00 5.681540825946069795e-01 4.989925808499153348e+00
2.528428093645485220e+01 9.027517232424228259e-60 7.561012066565676593e-01 1.588401720910396886e+00 5.688168467606767864e-01 5.208998764954035465e+00
2.558528428093645601e+01 3.271243914429934632e-55 7.584372933563914287e-01 1.658348237932213864e+00 5.694796109267465933e-01 5.436256247110786255e+00
2.588628762541806339e+01 7.472674328089155558e-51 7.607733800562153093e-01 1.734757759543030797e+00 5.701423750928165113e-01 5.672273452160079721e+00
2.618729096989966720e+01 1.076417238579716263e-46 7.631094667560390787e-01 1.815639567549559130e+00 5.708051392588864292e-01 5.915944982158395149e+00
2.648829431438127102e+01 9.780890788534592339e-43 7.654455534558629592e-01 1.898374744379894397e+00 5.714679034249562362e-01 6.165128364250906934e+00
2.678929765886287839e+01 5.608622523141424116e-39 7.677816401556867287e-01 1.980102256029829588e+00 5.721306675910260431e-01 6.416840794597742814e+00
2.709030100334448221e+01 2.030689831179343790e-35 7.701177268555106092e-01 2.058133084821678338e+00 5.727934317570959610e-01 6.667698432066776704e+00
2.739130434782608958e+01 4.645383552775051066e-32 7.724538135553343787e-01 2.130342028401547960e+00 5.734561959231657680e-01 6.915273604590834289e+00
2.769230769230769340e+01 6.719434390343746513e-29 7.747899002551581482e-01 2.195489387657756808e+00 5.741189600892356859e-01 7.159890819495698722e+00
2.799331103678930077e+01 6.151659847294569341e-26 7.771259869549820287e-01 2.253418301988809880e+00 5.747817242553054928e-01 7.405353460443488522e+00
2.829431438127090459e+01 3.568621838629632331e-23 7.794620736548057982e-01 2.305084531552608507e+00 5.754444884213754108e-01 7.657426014937221304e+00
2.859531772575251196e+01 1.313575493066386512e-20 7.817981603546295677e-01 2.352415181534477373e+00 5.761072525874452177e-01 7.920548057436332279e+00
2.889632107023411578e+01 3.073008858799365273e-18 7.841342470544534482e-01 2.398037832780642642e+00 5.767700167535151357e-01 8.194882265764851681e+00
2.919732441471571960e+01 4.577813164322927147e-16 7.864703337542772177e-01 2.444937329023498584e+00 5.774327809195849426e-01 8.475883954424974220e+00
2.949832775919732697e+01 4.352176627113541013e-14 7.888064204541009872e-01 2.496076962620095152e+00 5.780955450856548605e-01 8.756815650409874863e+00
2.979933110367893079e+01 2.647493250831706598e-12 7.911425071539248677e-01 2.553994392680184689e+00 5.787583092517246675e-01 9.032408302554525648e+00
3.010033444816053816e+01 1.033616224987005980e-10 7.934785938537486372e-01 2.620390358327580937e+00 5.794210734177945854e-01 9.301189601364701076e+00
3.040133779264214198e+01 2.599268215995673033e-09 7.958146805535724067e-01 2.695780540183143170e+00 5.800838375838643923e-01 9.565485569965282764e+00
3.070234113712374935e+01 4.229222800603593594e-08 7.981507672533962872e-01 2.779340091167269211e+00 5.807466017499343103e-01 9.830167847703339845e+00
3.100334448160535317e+01 4.478637066904079642e-07 8.004868539532200566e-01 2.869069764592205196e+00 5.814093659160041172e-01 1.010165786095846130e+01
3.130434782608696054e+01 3.112276746671420963e-06 8.028229406530438261e-01 2.962308961262135831e+00 5.820721300820740352e-01 1.038721698528105364e+01
3.160535117056856436e+01 1.436713130391838255e-05 8.051590273528677066e-01 3.056447183400305523e+00 5.827348942481438421e-01 1.069321510924633145e+01
3.190635451505016817e+01 4.492914103814422668e-05 8.074951140526914761e-01 3.149551199993483319e+00 5.833976584142137600e-01 1.102183943220562412e+01
3.220735785953177555e+01 9.853502629002346667e-05 8.098312007525153566e-01 3.240643379972214078e+00 5.840604225802835670e-01 1.136793328711774897e+01
3.250836120401338292e+01 1.620486322612828300e-04 8.121672874523391261e-01 3.329552085282458052e+00 5.847231867463534849e-01 1.171871956311016127e+01
3.280936454849498318e+01 2.259530163518836971e-04 8.145033741521630066e-01 3.416492354542923771e+00 5.853859509124232918e-01 1.205756143243633716e+01
3.311036789297659055e+01 3.122055053728834849e-04 8.168394608519867761e-01 3.501659767382131694e+00 5.860487150784932098e-01 1.237002587371640772e+01
3.341137123745819792e+01 4.657098868615655997e-04 8.191755475518105456e-01 3.585051312817419067e+00 5.867114792445630167e-01 1.264899161376251868e+01
3.371237458193979819e+01 7.441801696231197969e-04 8.215116342516344261e-01 3.666532214187201877e+00 5.873742434106329346e-01 1.289644498533550987e+01
3.401337792642140556e+01 1.222094963946129473e-03 8.238477209514581956e-01 3.746001772358711346e+00 5.880370075767027416e-01 1.312168949195245560e+01
3.431438127090301293e+01 1.930032259449327185e-03 8.261838076512819651e-01 3.823484574325417551e+00 5.886997717427726595e-01 1.333721957276082826e+01
3.461538461538462030e+01 2.758769220944311783e-03 8.285198943511058456e-01 3.899070502266060778e+00 5.893625359088424664e-01 1.355401536828013143e+01
3.491638795986622057e+01 3.533643629853188209e-03 8.308559810509296151e-01 3.972743324324957914e+00 5.900253000749123844e-01 1.377805299391845395e+01
3.521739130434782794e+01 4.245518317369800787e-03 8.331920677507533846e-01 4.044187119633354754e+00 5.906880642409821913e-01 1.400954449130029467e+01
3.551839464882943531e+01 5.087267975254505976e-03 8.355281544505772651e-01 4.112643790798927057e+00 5.913508284070521093e-01 1.424525090872114319e+01
3.581939799331104268e+01 6.241936957051004431e-03 8.378642411504010346e-01 4.176870626603458980e+00 5.920135925731219162e-01 1.448213800869383583e+01
3.612040133779264295e+01 7.741961536778422387e-03 8.402003278502248040e-01 4.235242336703778143e+00 5.926763567391918341e-01 1.471919941527560383e+01
3.642140468227425032e+01 9.527815581716584867e-03 8.425364145500486845e-01 4.286022716311972403e+00 5.933391209052616411e-01 1.495537360044900055e+01
3.672240802675585769e+01 1.160126907738853221e-02 8.448725012498725651e-01 4.327759332855455554e+00 5.940018850713315590e-01 1.518499609295569819e+01
3.702341137123745796e+01 1.408004045456584703e-02 8.472085879496962235e-01 4.359664544537158903e+00 5.946646492374013659e-01 1.539524968772186497e+01
3.732441471571906533e+01 1.702739029350896008e-02 8.495446746495201040e-01 4.381828897331009109e+00 5.953274134034711729e-01 1.556940591589125589e+01
3.762541806020067270e+01 2.019123017568702841e-02 8.518807613493439845e-01 4.395211927960755993e+00 5.959901775695410908e-01 1.569521591401369776e+01
3.792642140468228007e+01 2.308281663696496247e-02 8.542168480491677540e-01 4.401494489446451830e+00 5.966529417356110088e-01 1.577319799408442869e+01
3.822742474916388034e+01 2.552545671592661852e-02 8.565529347489915235e-01 4.402922526418437066e+00 5.973157059016808157e-01 1.581883562510298269e+01
3.852842809364548771e+01 2.791018752322611818e-02 8.588890214488154040e-01 4.402177066966665109e+00 5.979784700677506226e-01 1.585662856532453802e+01
3.882943143812709508e+01 3.081718344286807354e-02 8.612251081486391735e-01 4.402170385471286806e+00 5.986412342338205406e-01 1.590945509089461751e+01
3.913043478260869534e+01 3.463461241392573609e-02 8.635611948484629430e-01 4.405646171128970501e+00 5.993039983998904585e-01 1.598965577987529407e+01
3.943143812709030271e+01 3.937203238652974002e-02 8.658972815482868235e-01 4.414595759601501079e+00 5.999667625659602654e-01 1.609673300490725012e+01
3.973244147157191009e+01 4.456885316733840557e-02 8.682333682481105930e-01 4.429679522683994009e+00 6.006295267320300724e-01 1.622204101937885312e+01
4.003344481605351746e+01 4.952978924264653249e-02 8.705694549479343625e-01 4.449905549133554850e+00 6.012922908980999903e-01 1.635665475510527500e+01
4.033444816053511772e+01 5.379017112984042781e-02 8.729055416477582430e-01 4.472717384616131220e+00 6.019550550641697972e-01 1.649734008615498482e+01
4.063545150501672509e+01 5.726193659696103555e-02 8.752416283475820125e-01 4.494467827435474128e+00 6.026178192302397152e-01 1.664741875410523519e+01
4.093645484949833246e+01 6.002940215675214852e-02 8.775777150474057819e-01 4.511129608078249476e+00 6.032805833963095221e-01 1.681263595957065249e+01
4.123745819397993273e+01 6.231484532255469888e-02 8.799138017472296625e-01 4.519060567665574624e+00 6.039433475623794401e-01 1.699496515734006863e+01
4.153846153846154010e+01 6.457839786252173031e-02 8.822498884470534319e-01 4.515659983590441406e+00 6.046061117284492470e-01 1.718843621103557950e+01
4.183946488294314747e+01 6.724188303904704567e-02 8.845859751468772014e-01 4.499778368045304511e+00 6.052688758945191649e-01 1.737999617747166425e+01
4.214046822742475484e+01 7.025911324029875116e-02 8.869220618467010819e-01 4.471782122500666645e+00 6.059316400605889719e-01 1.755528235122009661e+01
4.244147157190635511e+01 7.325710023665973902e-02 8.892581485465249624e-01 4.433258729699391942e+00 6.065944042266588898e-01 1.770561480951072397e+01
4.274247491638796248e+01 7.589076517722828652e-02 8.915942352463486209e-01 4.386471210425933798e+00 6.072571683927286967e-01 1.783120243505753777e+01
4.304347826086956985e+01 7.806999726704359766e-02 8.939303219461725014e-01 4.333771944861974035e+00 6.079199325587986147e-01 1.793802985734366473e+01
4.334448160535117722e+01 7.999848092090167118e-02 8.962664086459963819e-01 4.277200260417133748e+00 6.085826967248684216e-01 1.803053519484043932e+01
4.364548494983277749e+01 8.170096528068392094e-02 8.986024953458201514e-01 4.218399561762108618e+00 6.092454608909383396e-01 1.810529993766960644e+01
4.394648829431438486e+01 8.305638743275639557e-02 9.009385820456439209e-01 4.158838841171474954e+00 6.099082250570081465e-01 1.815013330924782409e+01
4.424749163879599223e+01 8.436995013708925573e-02 9.032746687454678014e-01 4.100176193177187400e+00 6.105709892230780644e-01 1.814909557494890180e+01
4.454849498327759250e+01 8.591654708917681460e-02 9.056107554452915709e-01 4.044520792110299467e+00 6.112337533891478714e-01 1.809028608209391464e+01
4.484949832775919987e+01 8.706220829549397855e-02 9.079468421451153404e-01 3.994376991973885627e+00 6.118965175552177893e-01 1.797203086202232925e+01
4.515050167224080724e+01 8.685044329979187128e-02 9.102829288449392209e-01 3.952192629575698835e+00 6.125592817212875962e-01 1.780452041911843608e+01
4.545150501672241461e+01 8.524179261594784507e-02 9.126190155447629904e-01 3.919628882212488730e+00 6.132220458873575142e-01 1.760642145919298684e+01
4.575250836120401488e+01 8.280411028475330448e-02 9.149551022445867599e-01 3.896825338083971246e+00 6.138848100534273211e-01 1.739804645302414343e+01
4.605351170568562225e+01 7.985167520126347507e-02 9.172911889444106404e-01 3.881970447996856421e+00 6.145475742194972391e-01 1.719379904556215521e+01
4.635451505016722962e+01 7.664810468258183296e-02 9.196272756442344098e-01 3.871390510821882902e+00 6.152103383855670460e-01 1.699686297864626994e+01
4.665551839464882988e+01 7.373389729023333006e-02 9.219633623440581793e-01 3.860192293373169825e+00 6.158731025516369639e-01 1.679842364338415095e+01
4.695652173913043725e+01 7.170244047777359075e-02 9.242994490438820598e-01 3.843307972711678566e+00 6.165358667177067709e-01 1.658205465635129627e+01
4.725752508361204463e+01 7.052876053404365242e-02 9.266355357437059403e-01 3.816650510208206004e+00 6.171986308837766888e-01 1.633169135841626485e+01
4.755852842809365200e+01 6.918792528059194979e-02 9.289716224435295988e-01 3.778027682656876607e+00 6.178613950498464957e-01 1.603978137211128541e+01
4.785953177257525226e+01 6.673304659457850174e-02 9.313077091433534793e-01 3.727512557205478139e+00 6.185241592159164137e-01 1.571170658536035702e+01
4.816053511705685963e+01 6.342503580317282452e-02 9.336437958431773598e-01 3.667138729084667759e+00 6.191869233819862206e-01 1.536391874088348253e+01
4.846153846153846700e+01 6.011012555795293422e-02 9.359798825430010183e-01 3.600040810859781004e+00 6.198496875480561386e-01 1.501617082300908024e+01
4.876254180602006727e+01 5.725937280849798666e-02 9.383159692428248988e-01 3.529391870148666843e+00 6.205124517141259455e-01 1.468153097551052788e+01
4.906354515050167464e+01 5.492451973639048829e-02 9.406520559426487793e-01 3.457576887616164996e+00 6.211752158801958634e-01 1.435960544184505316e+01
4.936454849498328201e+01 5.293068493098004174e-02 9.429881426424725488e-01 3.385920608575521573e+00 6.218379800462656704e-01 1.403709609147721338e+01
4.966555183946488938e+01 5.100551807827136130e-02 9.453242293422963183e-01 3.315007803664826280e+00 6.225007442123355883e-01 1.369580491326856908e+01
4.996655518394648965e+01 4.885112090243184241e-02 9.476603160421201988e-01 3.245337044356151779e+00 6.231635083784053952e-01 1.332377519970546054e+01
5.026755852842809702e+01 4.617817381399568627e-02 9.499964027419439683e-01 3.177891686468111487e+00 6.238262725444752022e-01 1.292324182173728175e+01
5.056856187290970439e+01 4.298555175383595578e-02 9.523324894417677378e-01 3.114272812350747710e+00 6.244890367105451201e-01 1.251080475286810589e+01
5.086956521739130466e+01 3.965150958870339304e-02 9.546685761415916183e-01 3.056280558364438349e+00 6.251518008766150380e-01 1.210971278585519073e+01
5.117056856187291203e+01 3.657924681417627777e-02 9.570046628414153878e-01 3.005127560034141609e+00 6.258145650426848450e-01 1.173865420560433037e+01
5.147157190635451940e+01 3.391718670121827983e-02 9.593407495412391572e-01 2.960678551820983717e+00 6.264773292087546519e-01 1.140334063342329962e+01
5.177257525083612677e+01 3.155929316405018531e-02 9.616768362410630377e-01 2.921134990876040671e+00 6.271400933748245698e-01 1.109537282331884533e+01
5.207357859531772704e+01 2.924391858100043248e-02 9.640129229408868072e-01 2.883400695227422705e+00 6.278028575408944878e-01 1.079849272607649979e+01
5.237458193979933441e+01 2.679643559628834548e-02 9.663490096407105767e-01 2.844040158296482268e+00 6.284656217069642947e-01 1.049799465633452833e+01
5.267558528428094178e+01 2.438321387759224967e-02 9.686850963405344572e-01 2.800424842817918147e+00 6.291283858730341016e-01 1.018745927512077998e+01
5.297658862876254204e+01 2.225110531078679232e-02 9.710211830403583377e-01 2.751535329612468939e+00 6.297911500391040196e-01 9.869117655340428286e+00
5.327759197324414941e+01 2.034448479984959923e-02 9.733572697401819962e-01 2.698051522537055824e+00 6.304539142051738265e-01 9.548608623801330353e+00
5.357859531772575679e+01 1.851370425518760951e-02 9.756933564400058767e-01 2.641743369024179167e+00 6.311166783712437445e-01 9.228553205759265410e+00
5.387959866220736416e+01 1.677886748124868266e-02 9.780294431398297572e-01 2.584535452940845968e+00 6.317794425373135514e-01 8.905665677866101859e+00
5.418060200668896442e+01 1.520289756927982808e-02 9.803655298396535267e-01 2.527729192049006368e+00 6.324422067033834693e-01 8.573037742090852120e+00
5.448160535117057179e+01 1.380330157916388224e-02 9.827016165394772962e-01 2.471680553982168682e+00 6.331049708694532763e-01 8.225333559880342094e+00
5.478260869565217916e+01 1.268936279802006933e-02 9.850377032393011767e-01 2.415919166006625041e+00 6.337677350355231942e-01 7.862906578201414476e+00
5.508361204013378654e+01 1.201723404044839107e-02 9.873737899391249462e-01 2.359489088831864478e+00 6.344304992015930011e-01 7.492270783045364979e+00
5.538461538461538680e+01 1.174043274139005728e-02 9.897098766389487157e-01 2.301296738003382192e+00 6.350932633676629191e-01 7.123334468807052566e+00
5.568561872909699417e+01 1.168868626007202316e-02 9.920459633387725962e-01 2.240386653926008886e+00 6.357560275337327260e-01 6.765804565746652344e+00
5.598662207357860154e+01 1.172934256811461115e-02 9.943820500385963657e-01 2.176172030017144099e+00 6.364187916998026440e-01 6.426907055564231364e+00
5.628762541806020181e+01 1.162999819755478753e-02 9.967181367384201351e-01 2.108637219938872320e+00 6.370815558658724509e-01 6.110825428707292062e+00
5.658862876254180918e+01 1.110470920217717337e-02 9.990542234382440157e-01 2.038447561778271133e+00 6.377443200319423688e-01 5.818871514741312367e+00
5.688963210702341655e+01 1.012695559479338987e-02 1.001390310138067896e+00 1.966859063625188364e+00 6.384070841980121758e-01 5.549497469739955058e+00
5.719063545150502392e+01 8.976266070291054333e-03 1.003726396837891555e+00 1.895386293815488621e+00 6.390698483640820937e-01 5.298337089473297290e+00
5.749163879598662419e+01 7.922255409681342245e-03 1.006062483537715435e+00 1.825328286800045108e+00 6.397326125301519006e-01 5.059118226724551803e+00
5.779264214046823156e+01 6.987238288861088477e-03 1.008398570237539094e+00 1.757362916653260720e+00 6.403953766962218186e-01 4.825736134161602742e+00
5.809364548494983893e+01 6.130844313641967309e-03 1.010734656937362974e+00 1.691407927103381503e+00 6.410581408622916255e-01 4.594625695731117787e+00
5.839464882943143920e+01 5.467362908457028270e-03 1.013070743637186855e+00 1.626809696754142776e+00 6.417209050283615435e-01 4.366039503428933877e+00
5.869565217391304657e+01 5.095624966785404324e-03 1.015406830337010735e+00 1.562749881577172761e+00 6.423836691944313504e-01 4.143448741902309607e+00
5.899665551839465394e+01 4.907838100016709629e-03 1.017742917036834394e+00 1.498666485141353810e+00 6.430464333605012683e-01 3.931458664593364905e+00
5.929765886287626131e+01 4.721304164123478649e-03 1.020079003736658274e+00 1.434514693205927394e+00 6.437091975265710753e-01 3.733433852072711279e+00
5.959866220735786158e+01 4.469384300521903226e-03 1.022415090436482155e+00 1.370798547629784370e+00 6.443719616926409932e-01 3.550008237239317133e+00
5.989966555183946895e+01 4.205649261482193209e-03 1.024751177136305813e+00 1.308405577188628488e+00 6.450347258587108001e-01 3.379006731756884374e+00
6.020066889632107632e+01 3.976856655375986954e-03 1.027087263836129694e+00 1.248327915469173988e+00 6.456974900247807181e-01 3.216531200489479492e+00
6.050167224080267658e+01 3.764773713021155477e-03 1.029423350535953574e+00 1.191366132948382006e+00 6.463602541908505250e-01 3.058502064694118783e+00
6.080267558528428395e+01 3.547431351627008088e-03 1.031759437235777455e+00 1.137911110282238125e+00 6.470230183569204430e-01 2.901945893822463596e+00
6.110367892976589133e+01 3.346735210237116332e-03 1.034095523935601113e+00 1.087882407728153256e+00 6.476857825229902499e-01 2.745603195816801012e+00
6.140468227424749870e+01 3.177642936414288612e-03 1.036431610635424994e+00 1.040849184662772320e+00 6.483485466890601678e-01 2.589731582337417404e+00
6.170568561872909896e+01 2.970300214924134850e-03 1.038767697335248652e+00 9.962786788414128569e-01 6.490113108551299748e-01 2.435235296724397092e+00
6.200668896321070633e+01 2.664805439937886593e-03 1.041103784035072533e+00 9.537953255682679599e-01 6.496740750211997817e-01 2.282569246484757564e+00
6.230769230769231370e+01 2.340942972686123422e-03 1.043439870734896413e+00 9.133386459128605139e-01 6.503368391872696996e-01 2.131162811559853321e+00
6.260869565217392108e+01 2.118757479515260590e-03 1.045775957434720294e+00 8.751762715117614722e-01 6.509996033533396176e-01 1.980001827189465713e+00
6.290969899665552134e+01 2.029112131835522984e-03 1.048112044134543952e+00 8.398032038087761553e-01 6.516623675194094245e-01 1.829262128521214947e+00
6.321070234113712871e+01 2.054132229039977268e-03 1.050448130834367833e+00 8.077844141808789846e-01 6.523251316854792314e-01 1.681923821895414006e+00
6.351170568561873608e+01 2.138260915540254620e-03 1.052784217534191713e+00 7.795738022931465450e-01 6.529878958515491494e-01 1.543975294625595129e+00
6.381270903010033635e+01 2.150291502190188227e-03 1.055120304234015371e+00 7.553161451484792233e-01 6.536506600176190673e-01 1.422596780144219863e+00
6.411371237458195083e+01 2.001029809236390226e-03 1.057456390933839252e+00 7.346526068610512716e-01 6.543134241836888743e-01 1.323090951094325396e+00
6.441471571906355109e+01 1.758251391835095791e-03 1.059792477633663133e+00 7.165961377919563002e-01 6.549761883497586812e-01 1.246244809259898556e+00
6.471571906354515136e+01 1.534350014863798206e-03 1.062128564333487013e+00 6.995689796780115710e-01 6.556389525158285991e-01 1.187595300141700561e+00
6.501672240802676583e+01 1.361298441653171218e-03 1.064464651033310671e+00 6.816564989430748955e-01 6.563017166818985171e-01 1.138960837900063305e+00
6.531772575250836610e+01 1.230782529151363061e-03 1.066800737733134552e+00 6.610368821805771011e-01 6.569644808479683240e-01 1.091399406889409951e+00
6.561872909698996637e+01 1.140830920947182893e-03 1.069136824432958210e+00 6.364509647577958340e-01 6.576272450140381309e-01 1.038165232577781705e+00
6.591973244147158084e+01 1.086258494239117616e-03 1.071472911132782091e+00 6.075427541404694320e-01 6.582900091801080489e-01 9.764563631654324949e-01
6.622073578595318111e+01 1.034814029858225487e-03 1.073808997832605971e+00 5.749511585747754117e-01 6.589527733461779668e-01 9.074975076640471316e-01
6.652173913043478137e+01 9.500443847459964959e-04 1.076145084532429852e+00 5.401353822768724111e-01 6.596155375122477738e-01 8.352983137667079339e-01
6.682274247491639585e+01 8.296708770600524224e-04 1.078481171232253510e+00 5.050109237589532896e-01 6.602783016783175807e-01 7.648584822206730971e-01
6.712374581939799612e+01 6.803792570959507017e-04 1.080817257932077391e+00 4.715158823301225377e-01 6.609410658443874986e-01 7.005385330601351379e-01
6.742474916387959638e+01 5.211574717901506322e-04 1.083153344631901049e+00 4.412156816695028128e-01 6.616038300104574166e-01 6.449723517330082645e-01
6.772575250836121086e+01 4.044952277330169559e-04 1.085489431331724930e+00 4.150180899187171923e-01 6.622665941765272235e-01 5.985767589760855323e-01
6.802675585284281112e+01 3.615925332685739286e-04 1.087825518031548810e+00 3.930389750358133094e-01 6.629293583425970304e-01 5.595921341505022406e-01
6.832775919732442560e+01 3.498863142276429738e-04 1.090161604731372691e+00 3.746376180852819537e-01 6.635921225086669484e-01 5.246177697803134921e-01
6.862876254180602587e+01 3.067659328708387039e-04 1.092497691431196571e+00 3.586148960328582325e-01 6.642548866747367553e-01 4.896154553652137253e-01
6.892976588628762613e+01 2.353501285043614502e-04 1.094833778131020230e+00 3.435302851482054942e-01 6.649176508408066733e-01 4.512213906139976305e-01
6.923076923076924061e+01 1.841078376117403885e-04 1.097169864830843888e+00 3.280565903967322394e-01 6.655804150068764802e-01 4.079661857432914096e-01
6.953177257525084087e+01 1.665642488764827766e-04 1.099505951530667769e+00 3.112767845856280746e-01 6.662431791729463981e-01 3.608536624454826702e-01
6.983277591973244114e+01 1.561074481581416478e-04 1.101842038230491649e+00 2.928469661073132557e-01 6.669059433390162051e-01 3.129140257359744881e-01
7.013377926421405562e+01 1.304447066369356653e-04 1.104178124930315530e+00 2.729951078689699662e-01 6.675687075050861230e-01 2.678485861742951890e-01
7.043478260869565588e+01 9.036242271335128784e-05 1.106514211630139410e+00 2.523767765876668845e-01 6.682314716711559299e-01 2.284334785369527276e-01
7.073578595317725615e+01 5.301469113438625063e-05 1.108850298329963069e+00 2.318470134178766406e-01 6.688942358372258479e-01 1.955289047937329716e-01
7.103678929765887062e+01 3.292603866176057025e-05 1.111186385029786949e+00 2.122214190669809153e-01 6.695570000032956548e-01 1.681637786438224258e-01
7.133779264214047089e+01 2.815150572681017640e-05 1.113522471729610608e+00 1.940891131690963556e-01 6.702197641693655727e-01 1.444883237782854102e-01
7.163879598662208537e+01 2.670346038666668808e-05 1.115858558429434488e+00 1.777144322709366675e-01 6.708825283354353797e-01 1.229092221994156631e-01
7.193979933110368563e+01 2.301773471016946990e-05 1.118194645129258369e+00 1.630352872618559545e-01 6.715452925015052976e-01 1.027585825496013516e-01
7.224080267558528590e+01 2.125757826909172629e-05 1.120530731829082249e+00 1.497427484518501495e-01 6.722080566675751045e-01 8.428160128986748878e-02
7.254180602006690037e+01 2.566713281628710594e-05 1.122866818528905908e+00 1.374107515221820452e-01 6.728708208336450225e-01 6.816876643301862659e-02
7.284280936454850064e+01 3.284994843495146923e-05 1.125202905228729788e+00 1.256359212690137950e-01 6.735335849997148294e-01 5.501665629828249998e-02
7.314381270903010090e+01 3.432470641280435620e-05 1.127538991928553447e+00 1.141468074878942002e-01 6.741963491657847474e-01 4.498550166394642974e-02
7.344481605351171538e+01 2.743356112992026926e-05 1.129875078628377327e+00 1.028528959260754799e-01 6.748591133318545543e-01 3.772562451553340690e-02
7.374581939799331565e+01 1.765049650642558203e-05 1.132211165328201208e+00 9.182656664871377550e-02 6.755218774979244722e-01 3.251905648868019805e-02
7.404682274247491591e+01 9.872222072144918575e-06 1.134547252028025088e+00 8.123761097155515754e-02 6.761846416639942792e-01 2.853976495073541966e-02
7.434782608695653039e+01 4.793590780728706841e-06 1.136883338727848969e+00 7.127661381437559729e-02 6.768474058300641971e-01 2.512427460316433644e-02
7.464882943143813065e+01 1.833165253310084715e-06 1.139219425427672627e+00 6.210076983855729316e-02 6.775101699961340040e-01 2.194510099260725891e-02
7.494983277591973092e+01 4.972398136563951404e-07 1.141555512127496286e+00 5.381545745667772052e-02 6.781729341622038110e-01 1.901539204761657983e-02
7.525083612040134540e+01 8.975224544980280171e-08 1.143891598827320166e+00 4.648069220711626565e-02 6.788356983282737289e-01 1.653372814811602740e-02
7.555183946488294566e+01 1.045310064074588300e-08 1.146227685527144047e+00 4.011960543291529652e-02 6.794984624943436469e-01 1.466416850915312590e-02
7.585284280936456014e+01 7.747979379736555265e-10 1.148563772226967927e+00 3.471340065983644085e-02 6.801612266604134538e-01 1.337893262531856219e-02
7.615384615384616041e+01 3.632978810006012180e-11 1.150899858926791808e+00 3.018636121462307115e-02 6.808239908264832607e-01 1.244442960947911986e-02
7.645484949832776067e+01 1.074802404957815848e-12 1.153235945626615466e+00 2.639920244010731873e-02 6.814867549925531787e-01 1.153858989042587380e-02
7.675585284280937515e+01 2.003951874189161637e-14 1.155572032326439347e+00 2.316721371753607817e-02 6.821495191586230966e-01 1.041247513285911176e-02
7.705685618729097541e+01 2.353532833749022294e-16 1.157908119026263005e+00 2.030268244940805836e-02 6.828122833246929035e-01 8.997291247092691069e-03
7.735785953177257568e+01 1.740730434444893842e-18 1.160244205726086886e+00 1.766263182139188662e-02 6.834750474907627105e-01 7.406625214327895723e-03
7.765886287625419016e+01 8.107348294211573265e-21 1.162580292425910766e+00 1.517744640885176563e-02 6.841378116568326284e-01 5.852167101787874269e-03
7.795986622073579042e+01 2.377626285766977422e-23 1.164916379125734647e+00 1.284742118174375496e-02 6.848005758229025464e-01 4.534546013325982221e-03
7.826086956521739069e+01 4.390536808940289995e-26 1.167252465825558305e+00 1.071354682432610131e-02 6.854633399889723533e-01 3.569570984546939409e-03
7.856187290969900516e+01 5.105018398433689826e-29 1.169588552525382186e+00 8.821845899601353513e-03 6.861261041550421602e-01 2.975608517292261355e-03
7.886287625418060543e+01 3.737498887725024089e-32 1.171924639225205844e+00 7.199426090929064714e-03 6.867888683211120782e-01 2.707970279193945388e-03
7.916387959866221991e+01 1.722932264895703572e-35 1.174260725925029725e+00 5.848584745823598614e-03 6.874516324871819961e-01 2.704815031377887004e-03
7.946488294314382017e+01 5.001017784553832646e-39 1.176596812624853605e+00 4.753208244090976684e-03 6.881143966532518030e-01 2.913273871819820841e-03
7.976588628762542044e+01 9.140112078359694529e-43 1.178932899324677486e+00 3.887569815823687259e-03 6.887771608193216100e-01 3.285503578169332670e-03
8.006688963210703491e+01 1.051834740439786267e-46 1.181268986024501366e+00 3.221619156104339743e-03 6.894399249853915279e-01 3.756989105754005021e-03
8.036789297658863518e+01 7.621603319323261154e-51 1.183605072724325025e+00 2.722969218366227875e-03 6.901026891514613348e-01 4.231158212829117665e-03
8.066889632107023544e+01 3.477346765955218368e-55 1.185941159424148683e+00 2.358391096342993525e-03 6.907654533175312528e-01 4.589706705360204961e-03
8.096989966555184992e+01 9.989700905420197642e-60 1.188277246123972564e+00 2.096083199376119234e-03 6.914282174836010597e-01 4.729762034759983289e-03
8.127090301003345019e+01 1.807006820221495638e-64 1.190613332823796444e+00 1.907597923953325983e-03 6.920909816496709777e-01 4.607987188470491838e-03
8.157190635451505045e+01 2.058116331884699430e-69 1.192949419523620325e+00 1.768032541994683619e-03 6.927537458157407846e-01 4.262430103422634384e-03
8.187290969899666493e+01 1.475988136362211064e-74 1.195285506223444205e+00 1.654802914387558648e-03 6.934165099818107025e-01 3.794063267509691778e-03
8.217391304347826519e+01 6.664976690939777622e-80 1.197621592923267864e+00 1.546847684471986751e-03 6.940792741478805095e-01 3.315949002143045617e-03
8.247491638795986546e+01 1.895034947126123932e-85 1.199957679623091744e+00 1.425870399897377887e-03 6.947420383139504274e-01 2.900388980126226111e-03
8.277591973244147994e+01 3.392646670479549617e-91 1.202293766322915403e+00 1.279518077140403545e-03 6.954048024800202343e-01 2.555676060049810825e-03
8.307692307692308020e+01 3.824396050866683009e-97 1.204629853022739283e+00 1.104686143024016581e-03 6.960675666460901523e-01 2.242788024842039350e-03
8.337792642140469468e+01 2.714500401656218724e-103 1.206965939722563164e+00 9.086846200461839822e-04 6.967303308121599592e-01 1.915414382268468448e-03
8.367892976588629494e+01 1.213164741097927705e-109 1.209302026422387044e+00 7.070545919295612852e-04 6.973930949782298772e-01 1.554584953320608566e-03
8.397993311036789521e+01 3.413913156746354088e-116 1.211638113122210925e+00 5.186655133526854155e-04 6.980558591442996841e-01 1.178624129627592158e-03
8.428093645484950969e+01 6.049061210969338090e-123 1.213974199822034583e+00 3.601721388413038172e-04 6.987186233103696020e-01 8.294651430623472751e-04
8.458193979933110995e+01 6.748796134241399055e-130 1.216310286521858242e+00 2.420711733236227681e-04 6.993813874764394090e-01 5.508577586666072671e-04
8.488294314381271022e+01 4.740972755624307872e-137 1.218646373221682122e+00 1.674665656720042862e-04 7.000441516425093269e-01 3.740765384030386655e-04
8.518394648829432469e+01 2.097062770286582195e-144 1.220982459921506003e+00 1.331030003286232805e-04 7.007069158085791338e-01 3.161275339793930147e-04
8.548494983277592496e+01 5.840610178245224313e-152 1.223318546621329883e+00 1.313283699874823835e-04 7.013696799746490518e-01 3.842380384918688886e-04
8.578595317725752523e+01 1.024254385089645910e-159 1.225654633321153764e+00 1.518505435693724877e-04 7.020324441407188587e-01 5.765961693121792603e-04
8.608695652173913970e+01 1.130993901594223921e-167 1.227990720020977422e+00 1.830382176327980455e-04 7.026952083067887767e-01 8.745811907329702510e-04
8.638795986622073997e+01 7.863493183240827557e-176 1.230326806720801303e+00 2.132264223089309430e-04 7.033579724728585836e-01 1.231798108619799664e-03
8.668896321070235444e+01 3.442497125736649741e-184 1.232662893420624961e+00 2.324561522795695406e-04 7.040207366389283905e-01 1.572312666974280465e-03
8.698996655518395471e+01 9.489306584485481168e-193 1.234998980120448842e+00 2.344296236037987007e-04 7.046835008049983085e-01 1.807618426207721011e-03
8.729096989966555498e+01 1.647017411544466168e-201 1.237335066820272722e+00 2.178448368245153592e-04 7.053462649710682264e-01 1.868851211558207734e-03
8.759197324414716945e+01 1.799967745029293885e-210 1.239671153520096603e+00 1.862841629425737071e-04 7.060090291371380333e-01 1.736910644939282898e-03
8.789297658862876972e+01 1.238608554943047900e-219 1.242007240219920261e+00 1.465242879040283715e-04 7.066717933032078403e-01 1.451022159698616906e-03
8.819397993311036998e+01 5.366686769560253344e-229 1.244343326919744142e+00 1.059950905561035677e-04 7.073345574692777582e-01 1.089567787608127208e-03
8.849498327759198446e+01 1.464135399971142414e-238 1.246679413619567800e+00 7.051533755726963721e-05 7.079973216353476761e-01 7.353863658307433935e-04
8.879598662207358473e+01 2.515121990615136566e-248 1.249015500319391681e+00 4.314160123288212365e-05 7.086600858014174831e-01 4.461258296775383303e-04
8.909698996655518499e+01 2.720443357828638422e-258 1.251351587019215561e+00 2.427288968824810274e-05 7.093228499674872900e-01 2.432649176584663123e-04
8.939799331103679947e+01 1.852776960748461206e-268 1.253687673719039442e+00 1.255909940941596563e-05 7.099856141335572079e-01 1.192289924237873187e-04
8.969899665551839973e+01 7.945283819442181487e-279 1.256023760418863322e+00 5.975951394453458784e-06 7.106483782996271259e-01 5.252481539423477843e-05
9.000000000000000000e+01 4.290703508356270039e-289 1.258359847118686980e+00 2.614972187019677384e-06 7.113111424656969328e-01 2.079828197497959321e-05
