0.000000000000000000e+00 0.000000000000000000e+00 4.279349198542228283e-01 9.156698495100474284e-07 4.343633486411441758e-01 4.665911157879035762e-06
3.010033444816053727e-01 0.000000000000000000e+00 4.340682152568351437e-01 2.101057437061324512e-06 4.359480780732087335e-01 1.368257272857450713e-05
6.020066889632107454e-01 0.000000000000000000e+00 4.402015106594474592e-01 4.429945093248771592e-06 4.375328075052732912e-01 3.464732635646149719e-05
9.030100334448161181e-01 0.000000000000000000e+00 4.463348060620597191e-01 8.583127050483580118e-06 4.391175369373378490e-01 7.576055324926562052e-05
1.204013377926421491e+00 0.000000000000000000e+00 4.524681014646720345e-01 1.528388513433791784e-05 4.407022663694024067e-01 1.430510133613981116e-04
1.505016722408026864e+00 0.000000000000000000e+00 4.586013968672843499e-01 2.501953785653835891e-05 4.422869958014669645e-01 2.332513244644792035e-04
1.806020066889632236e+00 0.000000000000000000e+00 4.647346922698966654e-01 3.767314180557037516e-05 4.438717252335315222e-01 3.284609294139488340e-04
2.107023411371237387e+00 0.000000000000000000e+00 4.708679876725089253e-01 5.224304465396932535e-05 4.454564546655960244e-01 3.995976694956055635e-04
2.408026755852842982e+00 0.000000000000000000e+00 4.770012830751212407e-01 6.689934273717086297e-05 4.470411840976605822e-01 4.205452407184546429e-04
2.709030100334448576e+00 0.000000000000000000e+00 4.831345784777335561e-01 7.955420940683811980e-05 4.486259135297251399e-01 3.847388285368010994e-04
3.010033444816053727e+00 0.000000000000000000e+00 4.892678738803458716e-01 8.888567865732957974e-05 4.502106429617896977e-01 3.113932949275631436e-04
3.311036789297658878e+00 0.000000000000000000e+00 4.954011692829581870e-01 9.545992847067196385e-05 4.517953723938542554e-01 2.362794604074835059e-04
3.612040133779264472e+00 0.000000000000000000e+00 5.015344646855705024e-01 1.024396991191807188e-04 4.533801018259188131e-01 1.941440847126877278e-04
3.913043478260870067e+00 1.215500301898634748e-319 5.076677600881827068e-01 1.154944165452657576e-04 4.549648312579833709e-01 2.037249078112201748e-04
4.214046822742474774e+00 3.678875274286373110e-307 5.138010554907950223e-01 1.419279965255721831e-04 4.565495606900479286e-01 2.608088014491842673e-04
4.515050167224080369e+00 6.215058465825919795e-295 5.199343508934073377e-01 1.895344275669221803e-04 4.581342901221124864e-01 3.397145050528076475e-04
4.816053511705685963e+00 5.860800679681096250e-283 5.260676462960196531e-01 2.660250571745478398e-04 4.597190195541770441e-01 4.032860399821069138e-04
5.117056856187291558e+00 3.084965160574615288e-271 5.322009416986319685e-01 3.798224804635225204e-04 4.613037489862416018e-01 4.198120953358034182e-04
5.418060200668897153e+00 9.064109736104312920e-260 5.383342371012442840e-01 5.424875437280615156e-04 4.628884784183061596e-01 3.789517130936341472e-04
5.719063545150501859e+00 1.486557199502207881e-248 5.444675325038565994e-01 7.721718438576304641e-04 4.644732078503707173e-01 2.957139173147277237e-04
6.020066889632107454e+00 1.360879503968161128e-237 5.506008279064689148e-01 1.096684027929248654e-03 4.660579372824352751e-01 1.993246870945581610e-04
6.321070234113713049e+00 6.954073888436847885e-227 5.567341233090812302e-01 1.554554243624758046e-03 4.676426667144997773e-01 1.160266051325283047e-04
6.622073578595317755e+00 1.983537919180466416e-216 5.628674187116935457e-01 2.193100899135042373e-03 4.692273961465643350e-01 5.832572864898065852e-05
6.923076923076923350e+00 3.158081201881649751e-206 5.690007141143057501e-01 3.063535206961407690e-03 4.708121255786288928e-01 2.534177008444751767e-05
7.224080267558528945e+00 2.806646115475083260e-196 5.751340095169180655e-01 4.213797999520079579e-03 4.723968550106934505e-01 9.641801950872829586e-06
7.525083612040134540e+00 1.392302489832171873e-186 5.812673049195303809e-01 5.679806974044907149e-03 4.739815844427580083e-01 3.829383758396230025e-06
7.826086956521740134e+00 3.855326128921561921e-177 5.874006003221426964e-01 7.475851608648565079e-03 4.755663138748225660e-01 4.101322951881159850e-06
8.127090301003345729e+00 5.958956600785393085e-168 5.935338957247550118e-01 9.586111642820064130e-03 4.771510433068871238e-01 1.220276152561326917e-05
8.428093645484949548e+00 5.141157421449739669e-159 5.996671911273673272e-01 1.196145321175097302e-02 4.787357727389516815e-01 3.843555795725762670e-05
8.729096989966555142e+00 2.475900346509306750e-150 6.058004865299795316e-01 1.452639521416722312e-02 4.803205021710162392e-01 1.063776908509457878e-04
9.030100334448160737e+00 6.655596703822413086e-142 6.119337819325918471e-01 1.719773209166543942e-02 4.819052316030807970e-01 2.552820886771774308e-04
9.331103678929766332e+00 9.986709435974297439e-134 6.180670773352041625e-01 1.990914617070343659e-02 4.834899610351453547e-01 5.311658700899570072e-04
9.632107023411371927e+00 8.364488903290275017e-126 6.242003727378164779e-01 2.263012891168697527e-02 4.850746904672098569e-01 9.594514704351639681e-04
9.933110367892977521e+00 3.910551262481618056e-118 6.303336681404287933e-01 2.536868514230881944e-02 4.866594198992744147e-01 1.507571344627948659e-03
1.023411371237458312e+01 1.020512047716408343e-110 6.364669635430411088e-01 2.815681565311536211e-02 4.882441493313389724e-01 2.067435223649743102e-03
1.053511705685618871e+01 1.486551186511644329e-103 6.426002589456534242e-01 3.102935048450015249e-02 4.898288787634035302e-01 2.488582974252233175e-03
1.083612040133779431e+01 1.208712959356569463e-96 6.487335543482657396e-01 3.401095095193106682e-02 4.914136081954680879e-01 2.656111471421306568e-03
1.113712374581939812e+01 5.485902288131483537e-90 6.548668497508780550e-01 3.711889455037219870e-02 4.929983376275326457e-01 2.560504616792786022e-03
1.143812709030100372e+01 1.389807132792640393e-83 6.610001451534903705e-01 4.037606962146744055e-02 4.945830670595972034e-01 2.303259690040919579e-03
1.173913043478260931e+01 1.965362129681548943e-77 6.671334405561026859e-01 4.382010707584284986e-02 4.961677964916617611e-01 2.035260933159262643e-03
1.204013377926421491e+01 1.551358642614245659e-71 6.732667359587148903e-01 4.749742785390976413e-02 4.977525259237263189e-01 1.880049078220288276e-03
1.234113712374582050e+01 6.835391820892831573e-66 6.794000313613272057e-01 5.144248799395370608e-02 4.993372553557908766e-01 1.894568257322776488e-03
1.264214046822742610e+01 1.681110258024840898e-60 6.855333267639395212e-01 5.565367788400927412e-02 5.009219847878554344e-01 2.074613725534252360e-03
1.294314381270903169e+01 2.307865850023476411e-55 6.916666221665518366e-01 6.008060894950329606e-02 5.025067142199199921e-01 2.377812559600609756e-03
1.324414715719063551e+01 1.768505856673274488e-50 6.977999175691641520e-01 6.463168278970339575e-02 5.040914436519845498e-01 2.745517977370726288e-03
1.354515050167224111e+01 7.564566111067312212e-46 7.039332129717763564e-01 6.920015189252880228e-02 5.056761730840491076e-01 3.130454176519590574e-03
1.384615384615384670e+01 1.806105528650536828e-41 7.100665083743886719e-01 7.369734231123133139e-02 5.072609025161136653e-01 3.534949015717106773e-03
1.414715719063545230e+01 2.407042731115067622e-37 7.161998037770009873e-01 7.807813918582970358e-02 5.088456319481782231e-01 4.034387186369025637e-03
1.444816053511705789e+01 1.790630828071095095e-33 7.223330991796133027e-01 8.234824564805881542e-02 5.104303613802427808e-01 4.749556917061172924e-03
1.474916387959866348e+01 7.435495122161449428e-30 7.284663945822256181e-01 8.655295110554256377e-02 5.120150908123073386e-01 5.768913750103712296e-03
1.505016722408026908e+01 1.723436584922046902e-26 7.345996899848379336e-01 9.075697911177649235e-02 5.135998202443718963e-01 7.072223376426741218e-03
1.535117056856187467e+01 2.229781468830229011e-23 7.407329853874502490e-01 9.502778289593856453e-02 5.151845496764364540e-01 8.515826758155323889e-03
1.565217391304348027e+01 1.610315139588612476e-20 7.468662807900625644e-01 9.942868600728549389e-02 5.167692791085010118e-01 9.898499154844333375e-03
1.595317725752508409e+01 6.491439827717552014e-18 7.529995761926748798e-01 1.040185955550340935e-01 5.183540085405654585e-01 1.107161975401110658e-02
1.625418060200669146e+01 1.460672344933292640e-15 7.591328715952871953e-01 1.088493784304189332e-01 5.199387379726300162e-01 1.202800071680440973e-02
1.655518394648829528e+01 1.834620808463847302e-13 7.652661669978995107e-01 1.139544358053019846e-01 5.215234674046945740e-01 1.291899205287609306e-02
1.685618729096989910e+01 1.286240494979445555e-11 7.713994624005118261e-01 1.193302858237934860e-01 5.231081968367591317e-01 1.399434315129035114e-02
1.715719063545150647e+01 5.033655039022265069e-10 7.775327578031241416e-01 1.249210462363751217e-01 5.246929262688236895e-01 1.549603358747821992e-02
1.745819397993311028e+01 1.099626832411093263e-08 7.836660532057363460e-01 1.306180344452301245e-01 5.262776557008882472e-01 1.755014841230967057e-02
1.775919732441471766e+01 1.341171792278308954e-07 7.897993486083486614e-01 1.362809463688902656e-01 5.278623851329528049e-01 2.010701700544837572e-02
1.806020066889632147e+01 9.141002144954359185e-07 7.959326440109609768e-01 1.417753590039769196e-01 5.294471145650173627e-01 2.297727443283602983e-02
1.836120401337792885e+01 3.498227576493805703e-06 8.020659394135732922e-01 1.470101616930211130e-01 5.310318439970819204e-01 2.596394745452266714e-02
1.866220735785953266e+01 7.715082563967405225e-06 8.081992348161854967e-01 1.519561815127127846e-01 5.326165734291464782e-01 2.900020040462179122e-02
1.896321070234114003e+01 1.123374804725608689e-05 8.143325302187978121e-01 1.566376573018745666e-01 5.342013028612110359e-01 3.215635949908087626e-02
1.926421404682274385e+01 1.701295350794558312e-05 8.204658256214101275e-01 1.611057749128924632e-01 5.357860322932755937e-01 3.547015826167323332e-02
1.956521739130434767e+01 3.665318642148622887e-05 8.265991210240224429e-01 1.654151400376624725e-01 5.373707617253401514e-01 3.873976923885746881e-02
1.986622073578595504e+01 7.923587399245471212e-05 8.327324164266347584e-01 1.696194997256223747e-01 5.389554911574047091e-01 4.150900815126629811e-02
2.016722408026755886e+01 1.425995039204519239e-04 8.388657118292470738e-01 1.737848992576754292e-01 5.405402205894692669e-01 4.332103379022386042e-02
2.046822742474916623e+01 2.181961388293326694e-04 8.449990072318593892e-01 1.780019719952612989e-01 5.421249500215338246e-01 4.404509805927938476e-02
2.076923076923077005e+01 3.060988024103410078e-04 8.511323026344717046e-01 1.823791252939118424e-01 5.437096794535983824e-01 4.400252304167012740e-02
2.107023411371237742e+01 4.182690781553131975e-04 8.572655980370840201e-01 1.870157160222000181e-01 5.452944088856629401e-01 4.383527841273160419e-02
2.137123745819398124e+01 5.816142612089150038e-04 8.633988934396963355e-01 1.919739379698995885e-01 5.468791383177274978e-01 4.428965584359632890e-02
2.167224080267558861e+01 8.623875610405443669e-04 8.695321888423086509e-01 1.972725031313468935e-01 5.484638677497920556e-01 4.604569919491574570e-02
2.197324414715719243e+01 1.329703337315506911e-03 8.756654842449209664e-01 2.029097613206601869e-01 5.500485971818566133e-01 4.954524273787678373e-02
2.227424749163879625e+01 2.019092896601514496e-03 8.817987796475332818e-01 2.089009631377372334e-01 5.516333266139211711e-01 5.478402211896541557e-02
2.257525083612040362e+01 3.023012070908837664e-03 8.879320750501454862e-01 2.153019767784024596e-01 5.532180560459857288e-01 6.121869033274679461e-02
2.287625418060200744e+01 4.473506032702169455e-03 8.940653704527578016e-01 2.221986207829658722e-01 5.548027854780501755e-01 6.796228030870356263e-02
2.317725752508361481e+01 6.372163757851210739e-03 9.001986658553701171e-01 2.296607616364618742e-01 5.563875149101147333e-01 7.419711691796231079e-02
2.347826086956521863e+01 8.683619162233606817e-03 9.063319612579824325e-01 2.376799534709442552e-01 5.579722443421792910e-01 7.952601855109804607e-02
2.377926421404682600e+01 1.148032899438192547e-02 9.124652566605946369e-01 2.461189577617290403e-01 5.595569737742438488e-01 8.406488657503673190e-02
2.408026755852842982e+01 1.482737891432558096e-02 9.185985520632069523e-01 2.546992057298317902e-01 5.611417032063084065e-01 8.831481576056775251e-02
2.438127090301003363e+01 1.884730426395186606e-02 9.247318474658192677e-01 2.630404656063931035e-01 5.627264326383729642e-01 9.296668864523889575e-02
2.468227424749164101e+01 2.371906966213515114e-02 9.308651428684315832e-01 2.707480763944178914e-01 5.643111620704375220e-01 9.873957037941945292e-02
2.498327759197324482e+01 2.949446566693320060e-02 9.369984382710438986e-01 2.775213465360577558e-01 5.658958915025020797e-01 1.062599092380416971e-01
2.528428093645485220e+01 3.618347630659835001e-02 9.431317336736562140e-01 2.832416214943022648e-01 5.674806209345666375e-01 1.159215352148686984e-01
2.558528428093645601e+01 4.376148976583033035e-02 9.492650290762685295e-01 2.880019179318147882e-01 5.690653503666311952e-01 1.276569869574802896e-01
2.588628762541806339e+01 5.194044192366314983e-02 9.553983244788808449e-01 2.920655445278687590e-01 5.706500797986957529e-01 1.406723053916260346e-01
2.618729096989966720e+01 6.021025915639597464e-02 9.615316198814931603e-01 2.957764125751963791e-01 5.722348092307603107e-01 1.534181565690414806e-01
2.648829431438127102e+01 6.814692112146837621e-02 9.676649152841054757e-01 2.994661528511415316e-01 5.738195386628248684e-01 1.641156464850552499e-01
2.678929765886287839e+01 7.559273273775234114e-02 9.737982106867177912e-01 3.033971803838929615e-01 5.754042680948894262e-01 1.717887055275425512e-01
2.709030100334448221e+01 8.242229930244288072e-02 9.799315060893299956e-01 3.077516516365059740e-01 5.769889975269539839e-01 1.772060307976663918e-01
2.739130434782608958e+01 8.842511213615297794e-02 9.860648014919423110e-01 3.126459571867318266e-01 5.785737269590185416e-01 1.829791030607335611e-01
2.769230769230769340e+01 9.345284122482401534e-02 9.921980968945546264e-01 3.181401314058101559e-01 5.801584563910830994e-01 1.925548148143617633e-01
2.799331103678930077e+01 9.761501099993198649e-02 9.983313922971669419e-01 3.242258248887593397e-01 5.817431858231476571e-01 2.085811956925525679e-01
2.829431438127090459e+01 1.013449372964973505e-01 1.004464687699779368e+00 3.308021917550398872e-01 5.833279152552122149e-01 2.315189326382426638e-01
2.859531772575251196e+01 1.046748283448729056e-01 1.010597983102391684e+00 3.376671107024084018e-01 5.849126446872767726e-01 2.592453903552000005e-01
2.889632107023411578e+01 1.072483108793219897e-01 1.016731278505003999e+00 3.445492958484078216e-01 5.864973741193413304e-01 2.879526563168285369e-01
2.919732441471571960e+01 1.091048447575414526e-01 1.022864573907616315e+00 3.511855383981696832e-01 5.880821035514058881e-01 3.140240736128047661e-01
2.949832775919732697e+01 1.099692570829083477e-01 1.028997869310228630e+00 3.574183577629304609e-01 5.896668329834704458e-01 3.359174194559875204e-01
2.979933110367893079e+01 1.086483824990159691e-01 1.035131164712840723e+00 3.632696650825554818e-01 5.912515624155350036e-01 3.548646033916180165e-01
3.010033444816053816e+01 1.048639509524622593e-01 1.041264460115453039e+00 3.689491581358995131e-01 5.928362918475995613e-01 3.739018644672595371e-01
3.040133779264214198e+01 1.002737727543667884e-01 1.047397755518065354e+00 3.747841107455216481e-01 5.944210212796641191e-01 3.959877760674754832e-01
3.070234113712374935e+01 9.612717589110646166e-02 1.053531050920677670e+00 3.810973391910512653e-01 5.960057507117286768e-01 4.226005460559954519e-01
3.100334448160535317e+01 9.155712288557787959e-02 1.059664346323289985e+00 3.880902104226351956e-01 5.975904801437932345e-01 4.536334451851010696e-01
3.130434782608696054e+01 8.561537796132176470e-02 1.065797641725902301e+00 3.957883571099838349e-01 5.991752095758577923e-01 4.882938210533137036e-01
3.160535117056856436e+01 7.920152184189759026e-02 1.071930937128514616e+00 4.040760271444815421e-01 6.007599390079223500e-01 5.260934488299247036e-01
3.190635451505016817e+01 7.358307873441946589e-02 1.078064232531126931e+00 4.127975671247161027e-01 6.023446684399867967e-01 5.671890040147671286e-01
3.220735785953177555e+01 6.889504350421635226e-02 1.084197527933739025e+00 4.218689752815302230e-01 6.039293978720513545e-01 6.119109692091847519e-01
3.250836120401338292e+01 6.478731461401521230e-02 1.090330823336351340e+00 4.313394996173701701e-01 6.055141273041159122e-01 6.599108953814041278e-01
3.280936454849498318e+01 6.088083399269456769e-02 1.096464118738963656e+00 4.413734733155378898e-01 6.070988567361804700e-01 7.096922934781255687e-01
3.311036789297659055e+01 5.695624288711370609e-02 1.102597414141575971e+00 4.521666816591148330e-01 6.086835861682450277e-01 7.590899444610808011e-01
3.341137123745819792e+01 5.331016904444794979e-02 1.108730709544188286e+00 4.638436406090691855e-01 6.102683156003095855e-01 8.065008491682459368e-01
3.371237458193979819e+01 5.019145314890194332e-02 1.114864004946800602e+00 4.763862380598677948e-01 6.118530450323741432e-01 8.519181442150173256e-01
3.401337792642140556e+01 4.736483121315341466e-02 1.120997300349412917e+00 4.896228291850072689e-01 6.134377744644387009e-01 8.968639919957063222e-01
3.431438127090301293e+01 4.441735888575610441e-02 1.127130595752025233e+00 5.032769180965958045e-01 6.150225038965032587e-01 9.432524966429611801e-01
3.461538461538462030e+01 4.132889429507619061e-02 1.133263891154637548e+00 5.170535954440788062e-01 6.166072333285678164e-01 9.921642975110203100e-01
3.491638795986622057e+01 3.865088681738012427e-02 1.139397186557249864e+00 5.307361806426007522e-01 6.181919627606323742e-01 1.043529615103163444e+00
3.521739130434782794e+01 3.669131290785913879e-02 1.145530481959862179e+00 5.442686951011250773e-01 6.197766921926969319e-01 1.096815813418062335e+00
3.551839464882943531e+01 3.502103965789925971e-02 1.151663777362474494e+00 5.578027701154937290e-01 6.213614216247614896e-01 1.151926665529739546e+00
3.581939799331104268e+01 3.308707494871430954e-02 1.157797072765086810e+00 5.716893095933247571e-01 6.229461510568260474e-01 1.209470860837726036e+00
3.612040133779264295e+01 3.097010619341260262e-02 1.163930368167699125e+00 5.864033877285210750e-01 6.245308804888906051e-01 1.270305498095751551e+00
3.642140468227425032e+01 2.914816207302017154e-02 1.170063663570311441e+00 6.024118436524310560e-01 6.261156099209551629e-01 1.335027771650188821e+00
3.672240802675585769e+01 2.752277325604558095e-02 1.176196958972923756e+00 6.200214089042271892e-01 6.277003393530197206e-01 1.404102139156319096e+00
3.702341137123745796e+01 2.556548522494289655e-02 1.182330254375536072e+00 6.392638954571386867e-01 6.292850687850842784e-01 1.478523254093293327e+00
3.732441471571906533e+01 2.313716327078168752e-02 1.188463549778148387e+00 6.598672353702665916e-01 6.308697982171488361e-01 1.560139729741210068e+00
3.762541806020067270e+01 2.065460714594970562e-02 1.194596845180760702e+00 6.813251139355396280e-01 6.324545276492132828e-01 1.650944983930534571e+00
3.792642140468228007e+01 1.846428012479263067e-02 1.200730140583373018e+00 7.030317529897939233e-01 6.340392570812778406e-01 1.751731151236431971e+00
3.822742474916388034e+01 1.642955291442554921e-02 1.206863435985985333e+00 7.244202726098892819e-01 6.356239865133423983e-01 1.861282231887664285e+00
3.852842809364548771e+01 1.464360920360528381e-02 1.212996731388597649e+00 7.450511718462307087e-01 6.372087159454069560e-01 1.976787994292877215e+00
3.882943143812709508e+01 1.345395764574029707e-02 1.219130026791209964e+00 7.646350590980918183e-01 6.387934453774715138e-01 2.094995864210998704e+00
3.913043478260869534e+01 1.268965070629636191e-02 1.225263322193822280e+00 7.830133522710057692e-01 6.403781748095360715e-01 2.213144974454874792e+00
3.943143812709030271e+01 1.211356655138520581e-02 1.231396617596434595e+00 8.001360212437754749e-01 6.419629042416006293e-01 2.329277964608024387e+00
3.973244147157191009e+01 1.176163240584606438e-02 1.237529912999046910e+00 8.160620042865631696e-01 6.435476336736651870e-01 2.442267561315686564e+00
4.003344481605351746e+01 1.137429291584391745e-02 1.243663208401659004e+00 8.309826384534844124e-01 6.451323631057297447e-01 2.552042621478193052e+00
4.033444816053511772e+01 1.075691297075585980e-02 1.249796503804271319e+00 8.452509525208969920e-01 6.467170925377943025e-01 2.659969818053431023e+00
4.063545150501672509e+01 1.021517330764972614e-02 1.255929799206883635e+00 8.593960740983027646e-01 6.483018219698588602e-01 2.768746554389682757e+00
4.093645484949833246e+01 9.988510442516487786e-03 1.262063094609495950e+00 8.741064553434285678e-01 6.498865514019234180e-01 2.881407257264599675e+00
4.123745819397993273e+01 9.902168182688292700e-03 1.268196390012108266e+00 8.901723923176820819e-01 6.514712808339879757e-01 3.000157616970700492e+00
4.153846153846154010e+01 9.765622051683681484e-03 1.274329685414720581e+00 9.083868400612867822e-01 6.530560102660525335e-01 3.126229960355763726e+00
4.183946488294314747e+01 9.627838656387785812e-03 1.280462980817332896e+00 9.294133247214849680e-01 6.546407396981170912e-01 3.260748025356619895e+00
4.214046822742475484e+01 9.512742231968933024e-03 1.286596276219945212e+00 9.536377068787846856e-01 6.562254691301816489e-01 3.405147848575796665e+00
4.244147157190635511e+01 9.353250005965735303e-03 1.292729571622557305e+00 9.810267067189208934e-01 6.578101985622462067e-01 3.560165784613096296e+00
4.274247491638796248e+01 9.196715782577125770e-03 1.298862867025169621e+00 1.011026620471818793e+00 6.593949279943107644e-01 3.724275145936143172e+00
4.304347826086956985e+01 9.098908569420834438e-03 1.304996162427781936e+00 1.042552170593896044e+00 6.609796574263753222e-01 3.893218321595660392e+00
4.334448160535117722e+01 8.943406495848231497e-03 1.311129457830394252e+00 1.074121714767869662e+00 6.625643868584398799e-01 4.061137894048086672e+00
4.364548494983277749e+01 8.653150657381163471e-03 1.317262753233006567e+00 1.104163640879149977e+00 6.641491162905044376e-01 4.222525426738133802e+00
4.394648829431438486e+01 8.317335937180578287e-03 1.323396048635618882e+00 1.131440676451730853e+00 6.657338457225689954e-01 4.374136811454581775e+00
4.424749163879599223e+01 8.010847364775875931e-03 1.329529344038231198e+00 1.155448147527920355e+00 6.673185751546335531e-01 4.516423385849789085e+00
4.454849498327759250e+01 7.763556574458869812e-03 1.335662639440843513e+00 1.176604007001059937e+00 6.689033045866981109e-01 4.653960541963273023e+00
4.484949832775919987e+01 7.539627085948675395e-03 1.341795934843455829e+00 1.196110620887712805e+00 6.704880340187626686e-01 4.794354347923459159e+00
4.515050167224080724e+01 7.241275344986620142e-03 1.347929230246068144e+00 1.215515760900736320e+00 6.720727634508272264e-01 4.945801025092794845e+00
4.545150501672241461e+01 6.881263690334450504e-03 1.354062525648680460e+00 1.236153312503257107e+00 6.736574928828917841e-01 5.114143330051707181e+00
4.575250836120401488e+01 6.498894378425110543e-03 1.360195821051292775e+00 1.258708286930480424e+00 6.752422223149563418e-01 5.300233248511010409e+00
4.605351170568562225e+01 6.096207348701924295e-03 1.366329116453905090e+00 1.283082362862079773e+00 6.768269517470208996e-01 5.498411660495639453e+00
4.635451505016722962e+01 5.704755900768883684e-03 1.372462411856517406e+00 1.308576130597867815e+00 6.784116811790854573e-01 5.697362012899159112e+00
4.665551839464882988e+01 5.356675071690998602e-03 1.378595707259129721e+00 1.334251581332774217e+00 6.799964106111500151e-01 5.884060791878088281e+00
4.695652173913043725e+01 5.070788646275514559e-03 1.384729002661742037e+00 1.359282473558436344e+00 6.815811400432145728e-01 6.049267415678377446e+00
4.725752508361204463e+01 4.821639103872943193e-03 1.390862298064354352e+00 1.383159231093106900e+00 6.831658694752790195e-01 6.191237470106974783e+00
4.755852842809365200e+01 4.579226529099391513e-03 1.396995593466966668e+00 1.405729018721999291e+00 6.847505989073436883e-01 6.315569739433511742e+00
4.785953177257525226e+01 4.350247139980113233e-03 1.403128888869578983e+00 1.427135680179058230e+00 6.863353283394082460e-01 6.432091531693240327e+00
4.816053511705685963e+01 4.157648145176428937e-03 1.409262184272191298e+00 1.447736011145441370e+00 6.879200577714728038e-01 6.551199107477744477e+00
4.846153846153846700e+01 3.971474756514549800e-03 1.415395479674803614e+00 1.468030652698254057e+00 6.895047872035372505e-01 6.681230321647849024e+00
4.876254180602006727e+01 3.718854323518675994e-03 1.421528775077415929e+00 1.488608432283437422e+00 6.910895166356018082e-01 6.827082315235226240e+00
4.906354515050167464e+01 3.437379148254008417e-03 1.427662070480028245e+00 1.510086513789576701e+00 6.926742460676663660e-01 6.989784117722526169e+00
4.936454849498328201e+01 3.276078738494933584e-03 1.433795365882640338e+00 1.533026617202700725e+00 6.942589754997309237e-01 7.166807642238540943e+00
4.966555183946488938e+01 3.309086257836004429e-03 1.439928661285252653e+00 1.557810435282303896e+00 6.958437049317954814e-01 7.352966215533945693e+00
4.996655518394648965e+01 3.407396855270046227e-03 1.446061956687864969e+00 1.584475641464101914e+00 6.974284343638600392e-01 7.541702448945754256e+00
5.026755852842809702e+01 3.426140079703442892e-03 1.452195252090477284e+00 1.612556333501484529e+00 6.990131637959245969e-01 7.726402721811973962e+00
5.056856187290970439e+01 3.429121237484362723e-03 1.458328547493089600e+00 1.641014778164046284e+00 7.005978932279891547e-01 7.901309638493103193e+00
5.086956521739130466e+01 3.476528518160576942e-03 1.464461842895701915e+00 1.668349306396862408e+00 7.021826226600537124e-01 8.062101354913554729e+00
5.117056856187291203e+01 3.457695883532086682e-03 1.470595138298314231e+00 1.692896635068328992e+00 7.037673520921182702e-01 8.206791746576646673e+00
5.147157190635451940e+01 3.367308022947222094e-03 1.476728433700926546e+00 1.713251219046698859e+00 7.053520815241828279e-01 8.336846864229073617e+00
5.177257525083612677e+01 3.310449345538527075e-03 1.482861729103538861e+00 1.728661883444290170e+00 7.069368109562473856e-01 8.456659533587073341e+00
5.207357859531772704e+01 3.212000075375644973e-03 1.488995024506151177e+00 1.739271249971916511e+00 7.085215403883118324e-01 8.569779031812572612e+00
5.237458193979933441e+01 3.000537478925323614e-03 1.495128319908763492e+00 1.746120447014116284e+00 7.101062698203763901e-01 8.673834659692483129e+00
5.267558528428094178e+01 2.777822996839507310e-03 1.501261615311375808e+00 1.750912673036392198e+00 7.116909992524409478e-01 8.759053654677863676e+00
5.297658862876254204e+01 2.607770940125002292e-03 1.507394910713988123e+00 1.755592731093520209e+00 7.132757286845055056e-01 8.813034021637617954e+00
5.327759197324414941e+01 2.463768564324421255e-03 1.513528206116600439e+00 1.761852203993063526e+00 7.148604581165700633e-01 8.828535057408625875e+00
5.357859531772575679e+01 2.308048989348367597e-03 1.519661501519212754e+00 1.770700629110670610e+00 7.164451875486346211e-01 8.808091825910064898e+00
5.387959866220736416e+01 2.147628408007378267e-03 1.525794796921825069e+00 1.782226488925470198e+00 7.180299169806991788e-01 8.762508715162232065e+00
5.418060200668896442e+01 2.039025693736207234e-03 1.531928092324437163e+00 1.795599151119324333e+00 7.196146464127637365e-01 8.705618372378328473e+00
5.448160535117057179e+01 1.986994783599350511e-03 1.538061387727049478e+00 1.809271356583258106e+00 7.211993758448282943e-01 8.649357536131622837e+00
5.478260869565217916e+01 1.928272486685081314e-03 1.544194683129661794e+00 1.821293367900718607e+00 7.227841052768928520e-01 8.600927893922650114e+00
5.508361204013378654e+01 1.826842178766491590e-03 1.550327978532274109e+00 1.829669344360202565e+00 7.243688347089574098e-01 8.561614908536101964e+00
5.538461538461538680e+01 1.701894717542734451e-03 1.556461273934886425e+00 1.832730761017299814e+00 7.259535641410219675e-01 8.526861080936223303e+00
5.568561872909699417e+01 1.597796064057061156e-03 1.562594569337498740e+00 1.829504124482310035e+00 7.275382935730865253e-01 8.487928400187492173e+00
5.598662207357860154e+01 1.545314615621989473e-03 1.568727864740111055e+00 1.819997029858660520e+00 7.291230230051510830e-01 8.435324935595835072e+00
5.628762541806020181e+01 1.493278932354183451e-03 1.574861160142723371e+00 1.805277941882928117e+00 7.307077524372156407e-01 8.363248087838568878e+00
5.658862876254180918e+01 1.391638489563492989e-03 1.580994455545335686e+00 1.787254674113825548e+00 7.322924818692801985e-01 8.273185394117087199e+00
5.688963210702341655e+01 1.300689169751742666e-03 1.587127750947948002e+00 1.768174152475836314e+00 7.338772113013447562e-01 8.174210509641101297e+00
5.719063545150502392e+01 1.288289964965289285e-03 1.593261046350560317e+00 1.750002899449827121e+00 7.354619407334093140e-01 8.078718191564133733e+00
5.749163879598662419e+01 1.304860046511405105e-03 1.599394341753172633e+00 1.733913425627963356e+00 7.370466701654738717e-01 7.995517436418799306e+00
5.779264214046823156e+01 1.250390027310321417e-03 1.605527637155784948e+00 1.720053914736566103e+00 7.386313995975384294e-01 7.924756958364338466e+00
5.809364548494983893e+01 1.124965270571323932e-03 1.611660932558397263e+00 1.707647935836831943e+00 7.402161290296029872e-01 7.858182067095357937e+00
5.839464882943143920e+01 1.024160527738390402e-03 1.617794227961009579e+00 1.695334492821525263e+00 7.418008584616675449e-01 7.784236950272313216e+00
5.869565217391304657e+01 9.967726893066297233e-04 1.623927523363621894e+00 1.681588540501938400e+00 7.433855878937321027e-01 7.694143311294053156e+00
5.899665551839465394e+01 1.015198268029269060e-03 1.630060818766234210e+00 1.665081377776772786e+00 7.449703173257966604e-01 7.585051760353779038e+00
5.929765886287626131e+01 1.055449560654094735e-03 1.636194114168846303e+00 1.644913140556715225e+00 7.465550467578612182e-01 7.459092927057915823e+00
5.959866220735786158e+01 1.099774418017267046e-03 1.642327409571458618e+00 1.620713742460066831e+00 7.481397761899257759e-01 7.320029099445371834e+00
5.989966555183946895e+01 1.116059031252752748e-03 1.648460704974070934e+00 1.592628869134984804e+00 7.497245056219903336e-01 7.170187698859075809e+00
6.020066889632107632e+01 1.088548723636000894e-03 1.654594000376683249e+00 1.561201472424985193e+00 7.513092350540548914e-01 7.009320250965529908e+00
6.050167224080267658e+01 1.026761482227432631e-03 1.660727295779295565e+00 1.527167937347273963e+00 7.528939644861194491e-01 6.835396547666129585e+00
6.080267558528428395e+01 9.564565579779309547e-04 1.666860591181907880e+00 1.491224709789688685e+00 7.544786939181840069e-01 6.646531193234893387e+00
6.110367892976589133e+01 8.947214985368985183e-04 1.672993886584520196e+00 1.453853187152687854e+00 7.560634233502485646e-01 6.443199851263592848e+00
6.140468227424749870e+01 8.412643115585505390e-04 1.679127181987132511e+00 1.415276216168662948e+00 7.576481527823131223e-01 6.229687170578027455e+00
6.170568561872909896e+01 8.124957264587498104e-04 1.685260477389744826e+00 1.375554688148995730e+00 7.592328822143776801e-01 6.013483672916175138e+00
6.200668896321070633e+01 8.139134391587238022e-04 1.691393772792357142e+00 1.334758706456947275e+00 7.608176116464422378e-01 5.802387619607026537e+00
6.230769230769231370e+01 8.123495173512466656e-04 1.697527068194969457e+00 1.293114045210120633e+00 7.624023410785067956e-01 5.601173461991732161e+00
6.260869565217392108e+01 7.902320319799447127e-04 1.703660363597581773e+00 1.251048043417097633e+00 7.639870705105713533e-01 5.410435167831471936e+00
6.290969899665552134e+01 7.710259473591195897e-04 1.709793659000194088e+00 1.209116667816931612e+00 7.655717999426359111e-01 5.228158738651818460e+00
6.321070234113712871e+01 7.610119819423217472e-04 1.715926954402806404e+00 1.167848675889652243e+00 7.671565293747004688e-01 5.051865152403630432e+00
6.351170568561873608e+01 7.353575899667885978e-04 1.722060249805418719e+00 1.127570982951891843e+00 7.687412588067650265e-01 4.879070899527733651e+00
6.381270903010033635e+01 7.118404931362551803e-04 1.728193545208031034e+00 1.088281775952333774e+00 7.703259882388294733e-01 4.706366939852814291e+00
6.411371237458195083e+01 7.193331271172337914e-04 1.734326840610643350e+00 1.049623779966750714e+00 7.719107176708940310e-01 4.529312547180103010e+00
6.441471571906355109e+01 7.205272850193190134e-04 1.740460136013255443e+00 1.010981896604540742e+00 7.734954471029585887e-01 4.344288742193837649e+00
6.471571906354515136e+01 6.727963766131703650e-04 1.746593431415867759e+00 9.716851947253772881e-01 7.750801765350231465e-01 4.150975088731083673e+00
6.501672240802676583e+01 5.816022068175052528e-04 1.752726726818480074e+00 9.312426453957551864e-01 7.766649059670877042e-01 3.953238014387220556e+00
6.531772575250836610e+01 4.970418303801096577e-04 1.758860022221092390e+00 8.895135995442154941e-01 7.782496353991522620e-01 3.757646954480915902e+00
6.561872909698996637e+01 4.669258958977049595e-04 1.764993317623704705e+00 8.467368706003556289e-01 7.798343648312168197e-01 3.570635687969454519e+00
6.591973244147158084e+01 4.793777521574644194e-04 1.771126613026317020e+00 8.034150777409242439e-01 7.814190942632813774e-01 3.395837411428124675e+00
6.622073578595318111e+01 4.894277328475969127e-04 1.777259908428929336e+00 7.601310947444719357e-01 7.830038236953459352e-01 3.232603853384741210e+00
6.652173913043478137e+01 4.768967711277043706e-04 1.783393203831541651e+00 7.174045893350988745e-01 7.845885531274104929e-01 3.076129757232999751e+00
6.682274247491639585e+01 4.488038761653737659e-04 1.789526499234153967e+00 6.756544856335932048e-01 7.861732825594750507e-01 2.919157115210357922e+00
6.712374581939799612e+01 4.138221701854077547e-04 1.795659794636766282e+00 6.352492258928342794e-01 7.877580119915396084e-01 2.754706743542067571e+00
6.742474916387959638e+01 3.841938069229395582e-04 1.801793090039378598e+00 5.965649903157329570e-01 7.893427414236040551e-01 2.578822751824613402e+00
6.772575250836121086e+01 3.756577636736076393e-04 1.807926385441990913e+00 5.599772507936696675e-01 7.909274708556686129e-01 2.392274633677346607e+00
6.802675585284281112e+01 3.744279990208247092e-04 1.814059680844603228e+00 5.257731133045968619e-01 7.925122002877331706e-01 2.200599157613951196e+00
6.832775919732442560e+01 3.515594787121115498e-04 1.820192976247215544e+00 4.940379045527999446e-01 7.940969297197977284e-01 2.012525080740528605e+00
6.862876254180602587e+01 3.142101588371622699e-04 1.826326271649827859e+00 4.645902687223127936e-01 7.956816591518622861e-01 1.837386483280844418e+00
6.892976588628762613e+01 3.004738227663154675e-04 1.832459567052440175e+00 4.370084488115633103e-01 7.972663885839268438e-01 1.682387989644948956e+00
6.923076923076924061e+01 3.432643544968049833e-04 1.838592862455052490e+00 4.107385918819059234e-01 7.988511180159914016e-01 1.550567341418469969e+00
6.953177257525084087e+01 4.273124461227775588e-04 1.844726157857664584e+00 3.852410273301830612e-01 8.004358474480559593e-01 1.440155039488763444e+00
6.983277591973244114e+01 4.789783327933845591e-04 1.850859453260276899e+00 3.601251441720720869e-01 8.020205768801205171e-01 1.345696461988102222e+00
7.013377926421405562e+01 4.503022541357527787e-04 1.856992748662889214e+00 3.352360669085451828e-01 8.036053063121850748e-01 1.260585873200456453e+00
7.043478260869565588e+01 3.871724061017430257e-04 1.863126044065501530e+00 3.106722353818193727e-01 8.051900357442496325e-01 1.179809217459628412e+00
7.073578595317725615e+01 3.509639349107381619e-04 1.869259339468113845e+00 2.867298589219481886e-01 8.067747651763141903e-01 1.101465308221763584e+00
7.103678929765887062e+01 3.487456200604759147e-04 1.875392634870726161e+00 2.637922081531061669e-01 8.083594946083787480e-01 1.026426761660501841e+00
7.133779264214047089e+01 3.661366267121654323e-04 1.881525930273338476e+00 2.422047162210462790e-01 8.099442240404433058e-01 9.566998948093666799e-01
7.163879598662208537e+01 3.779600788057639366e-04 1.887659225675950792e+00 2.221855076072597746e-01 8.115289534725078635e-01 8.936771882991757510e-01
7.193979933110368563e+01 3.604435444779558362e-04 1.893792521078563107e+00 2.038030528255913576e-01 8.131136829045724213e-01 8.372345917402945759e-01
7.224080267558528590e+01 3.263267063424103893e-04 1.899925816481175422e+00 1.870151646754097952e-01 8.146984123366369790e-01 7.859188223887902947e-01
7.254180602006690037e+01 2.946191132481445650e-04 1.906059111883787738e+00 1.717312206226360993e-01 8.162831417687015367e-01 7.378170926928816487e-01
7.284280936454850064e+01 2.634503440421865380e-04 1.912192407286400053e+00 1.578548196261491676e-01 8.178678712007660945e-01 6.913971251956003705e-01
7.314381270903010090e+01 2.405551287610045881e-04 1.918325702689012369e+00 1.452878934416692580e-01 8.194526006328306522e-01 6.457586661153972285e-01
7.344481605351171538e+01 2.376769343379823150e-04 1.924458998091624684e+00 1.339087176318430328e-01 8.210373300648952100e-01 6.002711189355663945e-01
7.374581939799331565e+01 2.442919603888296025e-04 1.930592293494237000e+00 1.235517009988024301e-01 8.226220594969597677e-01 5.541293446315459503e-01
7.404682274247491591e+01 2.433027778782408611e-04 1.936725588896849315e+00 1.140092859713825874e-01 8.242067889290243254e-01 5.064501615134284762e-01
7.434782608695653039e+01 2.346141883754871251e-04 1.942858884299461630e+00 1.050576402663885300e-01 8.257915183610888832e-01 4.569808398993835397e-01
7.464882943143813065e+01 2.099651104376122884e-04 1.948992179702073724e+00 9.649444528294996715e-02 8.273762477931534409e-01 4.067652494458061652e-01
7.494983277591973092e+01 1.539160654060897594e-04 1.955125475104686039e+00 8.817503575572296914e-02 8.289609772252179987e-01 3.579916977144896872e-01
7.525083612040134540e+01 9.149189636597818251e-05 1.961258770507298355e+00 8.003685837898319444e-02 8.305457066572825564e-01 3.129620826108583942e-01
7.555183946488294566e+01 5.618501557769981354e-05 1.967392065909910670e+00 7.210501010656672483e-02 8.321304360893471141e-01 2.729700653935240307e-01
7.585284280936456014e+01 4.633878680861832185e-05 1.973525361312522985e+00 6.447408977047247580e-02 8.337151655214116719e-01 2.379597599796468010e-01
7.615384615384616041e+01 5.009003292894942638e-05 1.979658656715135301e+00 5.726856152915251602e-02 8.352998949534762296e-01 2.071079249185698301e-01
7.645484949832776067e+01 6.332801436652347462e-05 1.985791952117747616e+00 5.059502017426684151e-02 8.368846243855407874e-01 1.797167351227639542e-01
7.675585284280937515e+01 7.880389634708888922e-05 1.991925247520359932e+00 4.450696832007027676e-02 8.384693538176053451e-01 1.556879796614307754e-01
7.705685618729097541e+01 9.613227482917298991e-05 1.998058542922972247e+00 3.899775347193210756e-02 8.400540832496699029e-01 1.353243592423093167e-01
7.735785953177257568e+01 1.197365418960259564e-04 2.004191838325584563e+00 3.402156385861166560e-02 8.416388126817344606e-01 1.187679464019657655e-01
7.765886287625419016e+01 1.348870648202973074e-04 2.010325133728196878e+00 2.952686570282291381e-02 8.432235421137990183e-01 1.056047292448731995e-01
7.795986622073579042e+01 1.285668955566861705e-04 2.016458429130809193e+00 2.548223018367137827e-02 8.448082715458635761e-01 9.493929222295161008e-02
7.826086956521739069e+01 1.112610892586713812e-04 2.022591724533421509e+00 2.188263521211354298e-02 8.463930009779281338e-01 8.582049696500189395e-02
7.856187290969900516e+01 9.444017724874035388e-05 2.028725019936033824e+00 1.873735074447549845e-02 8.479777304099926916e-01 7.764766168520730039e-02
7.886287625418060543e+01 8.448074085306063886e-05 2.034858315338646140e+00 1.604940065309382741e-02 8.495624598420572493e-01 7.027726998245989454e-02
7.916387959866221991e+01 8.641503034477061970e-05 2.040991610741258455e+00 1.379786784378407745e-02 8.511471892741216960e-01 6.383460453195763384e-02
7.946488294314382017e+01 9.138710913698730042e-05 2.047124906143870771e+00 1.193038775962071939e-02 8.527319187061862538e-01 5.844103900079253983e-02
7.976588628762542044e+01 8.802392835592069578e-05 2.053258201546483086e+00 1.036803109188961028e-02 8.543166481382508115e-01 5.405265319261130796e-02
8.006688963210703491e+01 8.381287967630226339e-05 2.059391496949094957e+00 9.020453872267899728e-03 8.559013775703153692e-01 5.044166127658505222e-02
8.036789297658863518e+01 9.069501906774245963e-05 2.065524792351707717e+00 7.805938374448024783e-03 8.574861070023799270e-01 4.723358052040772803e-02
8.066889632107023544e+01 1.120915022458589917e-04 2.071658087754319588e+00 6.669121709496612579e-03 8.590708364344444847e-01 4.395318268669213407e-02
8.096989966555184992e+01 1.392251753093661003e-04 2.077791383156932348e+00 5.589863503360789285e-03 8.606555658665090425e-01 4.012954148340706906e-02
8.127090301003345019e+01 1.554604675659559834e-04 2.083924678559544219e+00 4.580242710669294240e-03 8.622402952985736002e-01 3.548677579694665962e-02
8.157190635451505045e+01 1.596538911846658558e-04 2.090057973962156979e+00 3.671645227457906967e-03 8.638250247306381580e-01 3.011267770228850255e-02
8.187290969899666493e+01 1.575941891452666921e-04 2.096191269364768850e+00 2.897690358656526428e-03 8.654097541627027157e-01 2.444943924841892421e-02
8.217391304347826519e+01 1.436641150455593950e-04 2.102324564767381609e+00 2.279509939286014295e-03 8.669944835947672734e-01 1.908451749776121989e-02
8.247491638795986546e+01 1.246891493167794659e-04 2.108457860169993481e+00 1.817802684210586064e-03 8.685792130268318312e-01 1.448816047347916032e-02
8.277591973244147994e+01 1.174300595445233297e-04 2.114591155572606240e+00 1.492792253116965702e-03 8.701639424588963889e-01 1.086492814542993311e-02
8.307692307692308020e+01 1.192516485233156571e-04 2.120724450975218112e+00 1.270442729450336605e-03 8.717486718909608356e-01 8.168179706386941366e-03
8.337792642140469468e+01 1.181421823764231758e-04 2.126857746377830871e+00 1.111853375625298764e-03 8.733334013230253934e-01 6.212321774408355833e-03
8.367892976588629494e+01 1.153586184983029095e-04 2.132991041780442742e+00 9.825961451306413057e-04 8.749181307550899511e-01 4.793313571406825936e-03
8.397993311036789521e+01 1.131643233844379374e-04 2.139124337183055502e+00 8.594352321659789063e-04 8.765028601871545089e-01 3.765299916816212088e-03
8.428093645484950969e+01 1.021195166988887287e-04 2.145257632585667373e+00 7.329807139786917534e-04 8.780875896192190666e-01 3.063013255711209866e-03
8.458193979933110995e+01 8.580044127801427693e-05 2.151390927988280133e+00 6.061037590329044350e-04 8.796723190512836243e-01 2.683079371106292504e-03
8.488294314381271022e+01 8.207933795119916841e-05 2.157524223390892004e+00 4.891313622580414520e-04 8.812570484833481821e-01 2.643456970021139992e-03
8.518394648829432469e+01 9.145100562154090070e-05 2.163657518793504320e+00 3.936691275935316888e-04 8.828417779154127398e-01 2.934385203415667415e-03
8.548494983277592496e+01 9.912924333937412865e-05 2.169790814196116635e+00 3.271385493601871534e-04 8.844265073474772976e-01 3.471025329436324552e-03
8.578595317725752523e+01 9.508635219308933951e-05 2.175924109598728950e+00 2.896929615280030286e-04 8.860112367795418553e-01 4.071254232893496000e-03
8.608695652173913970e+01 8.346272550260855935e-05 2.182057405001341266e+00 2.742468706678232284e-04 8.875959662116064131e-01 4.493658666766130357e-03
8.638795986622073997e+01 7.759913506468740763e-05 2.188190700403953581e+00 2.692346863108685193e-04 8.891806956436709708e-01 4.540309976603840517e-03
8.668896321070235444e+01 8.105421335238363893e-05 2.194323995806565897e+00 2.627816152401082797e-04 8.907654250757355285e-01 4.162174872482498830e-03
8.698996655518395471e+01 8.609331913452877101e-05 2.200457291209178212e+00 2.465527801709066448e-04 8.923501545078000863e-01 3.478751922874466929e-03
8.729096989966555498e+01 8.507425069195418050e-05 2.206590586611790528e+00 2.178262389365286415e-04 8.939348839398646440e-01 2.690859486437016841e-03
8.759197324414716945e+01 7.501950053733367541e-05 2.212723882014402843e+00 1.792157155656329628e-04 8.955196133719292018e-01 1.962888141167641251e-03
8.789297658862876972e+01 6.386871172893780855e-05 2.218857177417015158e+00 1.365405759088943215e-04 8.971043428039937595e-01 1.366970364194946891e-03
8.819397993311036998e+01 6.670310076895970644e-05 2.224990472819627474e+00 9.606015233933565690e-05 8.986890722360583172e-01 9.058280311599806438e-04
8.849498327759198446e+01 8.073602040094459960e-05 2.231123768222239789e+00 6.231567739036401822e-05 9.002738016681228750e-01 5.609557881097827553e-04
8.879598662207358473e+01 8.800618776836194562e-05 2.237257063624852105e+00 3.724690042985220293e-05 9.018585311001874327e-01 3.171125162344534958e-04
8.909698996655518499e+01 8.596753307720013805e-05 2.243390359027464420e+00 2.050346530861465731e-05 9.034432605322519905e-01 1.603265821205334405e-04
8.939799331103679947e+01 7.796348181519644946e-05 2.249523654430076736e+00 1.039158616213779887e-05 9.050279899643165482e-01 7.145651090830156102e-05
8.969899665551839973e+01 6.434667873929142520e-05 2.255656949832689051e+00 4.847978136271925839e-06 9.066127193963811060e-01 2.782396096508175443e-05
9.000000000000000000e+01 5.672654119250125301e-05 2.261790245235301366e+00 2.081556299342931116e-06 9.081974488284456637e-01 9.415983658867445536e-06
