0.000000000000000000e+00 0.000000000000000000e+00 1.732832578749895269e+00 1.984012412642247172e-06 1.707642841786105592e+00 1.998558119360822513e-06
3.010033444816053727e-01 0.000000000000000000e+00 1.735798072008991166e+00 6.435537413976876878e-06 1.710287617156932116e+00 5.799005127235537360e-06
6.020066889632107454e-01 0.000000000000000000e+00 1.738763565268086841e+00 1.747210990663742883e-05 1.712932392527758418e+00 1.457463191441781394e-05
9.030100334448161181e-01 0.000000000000000000e+00 1.741729058527182739e+00 3.970740941918830802e-05 1.715577167898584943e+00 3.172847698355534657e-05
1.204013377926421491e+00 0.000000000000000000e+00 1.744694551786278636e+00 7.556150845805174843e-05 1.718221943269411467e+00 5.982861523479785767e-05
1.505016722408026864e+00 0.000000000000000000e+00 1.747660045045374311e+00 1.205160598021906207e-04 1.720866718640237991e+00 9.771902893086360895e-05
1.806020066889632236e+00 0.000000000000000000e+00 1.750625538304470208e+00 1.615614341447611639e-04 1.723511494011064293e+00 1.382514582104940853e-04
2.107023411371237387e+00 0.000000000000000000e+00 1.753591031563566105e+00 1.835742274051134449e-04 1.726156269381890818e+00 1.694424316855170124e-04
2.408026755852842982e+00 0.000000000000000000e+00 1.756556524822661780e+00 1.810104021846922913e-04 1.728801044752717342e+00 1.799740766171104510e-04
2.709030100334448576e+00 0.000000000000000000e+00 1.759522018081757677e+00 1.642372968077544738e-04 1.731445820123543866e+00 1.659421426493359517e-04
3.010033444816053727e+00 0.000000000000000000e+00 1.762487511340853352e+00 1.524093235346963724e-04 1.734090595494370168e+00 1.337383235375477991e-04
3.311036789297658878e+00 0.000000000000000000e+00 1.765453004599949249e+00 1.576550260200342522e-04 1.736735370865196693e+00 9.684172283893275593e-05
3.612040133779264472e+00 0.000000000000000000e+00 1.768418497859045146e+00 1.746686534563532389e-04 1.739380146236023217e+00 6.934838697752615533e-05
3.913043478260870067e+00 0.000000000000000000e+00 1.771383991118140822e+00 1.853318443069528344e-04 1.742024921606849741e+00 6.081637849783696977e-05
4.214046822742474774e+00 0.000000000000000000e+00 1.774349484377236719e+00 1.742102242446730428e-04 1.744669696977676043e+00 7.424089778880528794e-05
4.515050167224080369e+00 0.000000000000000000e+00 1.777314977636332616e+00 1.412011857388863808e-04 1.747314472348502568e+00 1.059779449093167851e-04
4.816053511705685963e+00 0.000000000000000000e+00 1.780280470895428291e+00 1.018062077418249300e-04 1.749959247719329092e+00 1.468286238909030216e-04
5.117056856187291558e+00 0.000000000000000000e+00 1.783245964154524188e+00 7.859968637867139913e-05 1.752604023090155616e+00 1.854780608121118720e-04
5.418060200668897153e+00 0.000000000000000000e+00 1.786211457413620085e+00 9.389116261505605016e-05 1.755248798460981918e+00 2.147206599798627568e-04
5.719063545150501859e+00 0.000000000000000000e+00 1.789176950672715760e+00 1.662312880849574749e-04 1.757893573831808443e+00 2.370706397400345255e-04
6.020066889632107454e+00 0.000000000000000000e+00 1.792142443931811657e+00 3.043086614469024459e-04 1.760538349202634967e+00 2.644944753703398180e-04
6.321070234113713049e+00 0.000000000000000000e+00 1.795107937190907554e+00 4.967586235556964739e-04 1.763183124573461491e+00 3.110729394692350646e-04
6.622073578595317755e+00 0.000000000000000000e+00 1.798073430450003229e+00 7.112670905308297051e-04 1.765827899944287793e+00 3.840333628342130741e-04
6.923076923076923350e+00 0.000000000000000000e+00 1.801038923709099127e+00 9.159417031721454883e-04 1.768472675315114317e+00 4.802504871811864428e-04
7.224080267558528945e+00 0.000000000000000000e+00 1.804004416968195024e+00 1.108228188097469839e-03 1.771117450685940842e+00 5.898930182901732750e-04
7.525083612040134540e+00 0.000000000000000000e+00 1.806969910227290699e+00 1.314736678657804593e-03 1.773762226056767366e+00 7.028894367256222986e-04
7.826086956521740134e+00 0.000000000000000000e+00 1.809935403486386596e+00 1.552729429002373644e-03 1.776407001427593668e+00 8.139717329963037668e-04
8.127090301003345729e+00 0.000000000000000000e+00 1.812900896745482271e+00 1.797835080662229515e-03 1.779051776798420192e+00 9.261384246329054052e-04
8.428093645484949548e+00 0.000000000000000000e+00 1.815866390004578168e+00 2.004175610883603218e-03 1.781696552169246717e+00 1.053260230078545715e-03
8.729096989966555142e+00 0.000000000000000000e+00 1.818831883263674065e+00 2.156435700946629681e-03 1.784341327540073241e+00 1.219445660308668628e-03
9.030100334448160737e+00 0.000000000000000000e+00 1.821797376522769740e+00 2.288019091284569824e-03 1.786986102910899543e+00 1.452556819249732102e-03
9.331103678929766332e+00 0.000000000000000000e+00 1.824762869781865637e+00 2.443080286416458077e-03 1.789630878281726067e+00 1.774291060684799739e-03
9.632107023411371927e+00 0.000000000000000000e+00 1.827728363040961534e+00 2.632661453948273618e-03 1.792275653652552592e+00 2.192176470260437902e-03
9.933110367892977521e+00 0.000000000000000000e+00 1.830693856300057210e+00 2.837160299634534661e-03 1.794920429023378894e+00 2.694863709893698545e-03
1.023411371237458312e+01 0.000000000000000000e+00 1.833659349559153107e+00 3.043331137961733431e-03 1.797565204394205418e+00 3.248240433987484733e-03
1.053511705685618871e+01 0.000000000000000000e+00 1.836624842818249004e+00 3.263934155821259994e-03 1.800209979765031942e+00 3.793732842424122828e-03
1.083612040133779431e+01 0.000000000000000000e+00 1.839590336077344679e+00 3.517255471931157729e-03 1.802854755135858467e+00 4.256307829078397054e-03
1.113712374581939812e+01 0.000000000000000000e+00 1.842555829336440576e+00 3.794580211532997370e-03 1.805499530506684769e+00 4.567441614384680493e-03
1.143812709030100372e+01 0.000000000000000000e+00 1.845521322595536251e+00 4.054558462727685803e-03 1.808144305877511293e+00 4.697676040084682557e-03
1.173913043478260931e+01 0.000000000000000000e+00 1.848486815854632148e+00 4.253588155172217077e-03 1.810789081248337817e+00 4.683538864976388369e-03
1.204013377926421491e+01 0.000000000000000000e+00 1.851452309113728045e+00 4.389819713049971164e-03 1.813433856619164342e+00 4.630773496101785007e-03
1.234113712374582050e+01 0.000000000000000000e+00 1.854417802372823720e+00 4.527041699895877243e-03 1.816078631989990644e+00 4.682598096576643873e-03
1.264214046822742610e+01 0.000000000000000000e+00 1.857383295631919617e+00 4.773719720507045572e-03 1.818723407360817168e+00 4.960449194419684800e-03
1.294314381270903169e+01 0.000000000000000000e+00 1.860348788891015515e+00 5.220775233006091400e-03 1.821368182731643692e+00 5.507930717526407505e-03
1.324414715719063551e+01 0.000000000000000000e+00 1.863314282150111190e+00 5.876752800118315197e-03 1.824012958102470217e+00 6.274880399561841120e-03
1.354515050167224111e+01 0.000000000000000000e+00 1.866279775409207087e+00 6.647480990843144394e-03 1.826657733473296519e+00 7.153967471474959559e-03
1.384615384615384670e+01 0.000000000000000000e+00 1.869245268668302984e+00 7.372740330491113665e-03 1.829302508844123043e+00 8.043761018062917448e-03
1.414715719063545230e+01 0.000000000000000000e+00 1.872210761927398659e+00 7.891452090877057804e-03 1.831947284214949567e+00 8.893650731304551110e-03
1.444816053511705789e+01 0.000000000000000000e+00 1.875176255186494556e+00 8.105752143770303744e-03 1.834592059585776092e+00 9.704649466896718424e-03
1.474916387959866348e+01 0.000000000000000000e+00 1.878141748445590453e+00 8.035221228443365296e-03 1.837236834956602394e+00 1.050052073902937345e-02
1.505016722408026908e+01 0.000000000000000000e+00 1.881107241704686128e+00 7.843875548284072810e-03 1.839881610327428918e+00 1.130994623698700421e-02
1.535117056856187467e+01 0.000000000000000000e+00 1.884072734963782025e+00 7.799163311499861945e-03 1.842526385698255442e+00 1.218542953744848785e-02
1.565217391304348027e+01 0.000000000000000000e+00 1.887038228222877922e+00 8.150506281355347077e-03 1.845171161069081966e+00 1.323738911143344452e-02
1.595317725752508409e+01 0.000000000000000000e+00 1.890003721481973598e+00 8.992164714998794953e-03 1.847815936439908269e+00 1.462698215574126208e-02
1.625418060200669146e+01 0.000000000000000000e+00 1.892969214741069495e+00 1.021192255747662390e-02 1.850460711810734793e+00 1.648135028182754619e-02
1.655518394648829528e+01 0.000000000000000000e+00 1.895934708000165170e+00 1.156725904010490538e-02 1.853105487181561317e+00 1.876740101434324834e-02
1.685618729096989910e+01 0.000000000000000000e+00 1.898900201259261067e+00 1.283123251792676195e-02 1.855750262552387841e+00 2.122600126267390822e-02
1.715719063545150647e+01 0.000000000000000000e+00 1.901865694518356964e+00 1.391011351936808152e-02 1.858395037923214144e+00 2.345304640526872306e-02
1.745819397993311028e+01 0.000000000000000000e+00 1.904831187777452639e+00 1.487257080697245229e-02 1.861039813294040668e+00 2.510379036484850640e-02
1.775919732441471766e+01 0.000000000000000000e+00 1.907796681036548536e+00 1.588918683091137055e-02 1.863684588664867192e+00 2.608133288330162503e-02
1.806020066889632147e+01 0.000000000000000000e+00 1.910762174295644433e+00 1.712815634419048022e-02 1.866329364035693494e+00 2.656830164159329835e-02
1.836120401337792885e+01 0.000000000000000000e+00 1.913727667554740108e+00 1.868016141347263182e-02 1.868974139406520019e+00 2.688543909185733480e-02
1.866220735785953266e+01 0.000000000000000000e+00 1.916693160813836005e+00 2.056049342791135132e-02 1.871618914777346543e+00 2.729382573472890691e-02
1.896321070234114003e+01 0.000000000000000000e+00 1.919658654072931903e+00 2.276282200241372747e-02 1.874263690148173067e+00 2.788325189728619105e-02
1.926421404682274385e+01 0.000000000000000000e+00 1.922624147332027578e+00 2.529436891502248944e-02 1.876908465518999591e+00 2.860951332641784722e-02
1.956521739130434767e+01 0.000000000000000000e+00 1.925589640591123475e+00 2.815393467762602672e-02 1.879553240889825894e+00 2.943732499079873902e-02
1.986622073578595504e+01 0.000000000000000000e+00 1.928555133850219150e+00 3.127811707725235840e-02 1.882198016260652418e+00 3.047658619501182956e-02
2.016722408026755886e+01 0.000000000000000000e+00 1.931520627109315047e+00 3.452007821933504583e-02 1.884842791631478942e+00 3.199984155768805655e-02
2.046822742474916623e+01 0.000000000000000000e+00 1.934486120368410944e+00 3.771459692161154009e-02 1.887487567002305244e+00 3.430994049497743115e-02
2.076923076923077005e+01 0.000000000000000000e+00 1.937451613627506841e+00 4.080938688187202984e-02 1.890132342373131769e+00 3.754790011814079786e-02
2.107023411371237742e+01 0.000000000000000000e+00 1.940417106886602516e+00 4.394947848887195002e-02 1.892777117743958293e+00 4.159427721453382715e-02
2.137123745819398124e+01 0.000000000000000000e+00 1.943382600145698413e+00 4.740975506346039453e-02 1.895421893114784817e+00 4.615474629027012388e-02
2.167224080267558861e+01 0.000000000000000000e+00 1.946348093404794088e+00 5.141799486612213393e-02 1.898066668485611341e+00 5.097129401122419551e-02
2.197324414715719243e+01 0.000000000000000000e+00 1.949313586663889986e+00 5.603843126578867545e-02 1.900711443856437644e+00 5.598756264189466703e-02
2.227424749163879625e+01 0.000000000000000000e+00 1.952279079922985883e+00 6.122677192614969788e-02 1.903356219227264168e+00 6.132775468075513103e-02
2.257525083612040362e+01 0.000000000000000000e+00 1.955244573182081558e+00 6.697648884140154635e-02 1.906000994598090692e+00 6.711105332988842598e-02
2.287625418060200744e+01 0.000000000000000000e+00 1.958210066441177455e+00 7.336565637466747891e-02 1.908645769968916994e+00 7.327099709742818101e-02
2.317725752508361481e+01 0.000000000000000000e+00 1.961175559700273352e+00 8.041398232405787272e-02 1.911290545339743518e+00 7.953797178119619005e-02
2.347826086956521863e+01 0.000000000000000000e+00 1.964141052959369027e+00 8.788305110109720375e-02 1.913935320710570043e+00 8.559512938668401016e-02
2.377926421404682600e+01 0.000000000000000000e+00 1.967106546218464924e+00 9.526339949037244959e-02 1.916580096081396567e+00 9.128892794133711130e-02
2.408026755852842982e+01 0.000000000000000000e+00 1.970072039477560821e+00 1.020455110526593268e-01 1.919224871452222869e+00 9.676403398401275946e-02
2.438127090301003363e+01 0.000000000000000000e+00 1.973037532736656496e+00 1.081044390266079208e-01 1.921869646823049393e+00 1.024581339979486888e-01
2.468227424749164101e+01 0.000000000000000000e+00 1.976003025995752393e+00 1.139126757164338477e-01 1.924514422193875918e+00 1.089550978049121238e-01
2.498327759197324482e+01 0.000000000000000000e+00 1.978968519254848069e+00 1.204187617998279947e-01 1.927159197564702442e+00 1.167377641833747259e-01
2.528428093645485220e+01 0.000000000000000000e+00 1.981934012513943966e+00 1.286585656731083771e-01 1.929803972935528744e+00 1.259318451211010603e-01
2.558528428093645601e+01 0.000000000000000000e+00 1.984899505773039863e+00 1.393608174590266757e-01 1.932448748306355268e+00 1.361804245472748864e-01
2.588628762541806339e+01 0.000000000000000000e+00 1.987864999032135760e+00 1.528284152459115364e-01 1.935093523677181793e+00 1.467655915626021046e-01
2.618729096989966720e+01 0.000000000000000000e+00 1.990830492291231435e+00 1.691071983860662764e-01 1.937738299048008317e+00 1.569620705410720296e-01
2.648829431438127102e+01 0.000000000000000000e+00 1.993795985550327332e+00 1.881189832560722641e-01 1.940383074418834619e+00 1.664481114262291450e-01
2.678929765886287839e+01 0.000000000000000000e+00 1.996761478809423007e+00 2.095081426183421913e-01 1.943027849789661143e+00 1.755420983366687282e-01
2.709030100334448221e+01 0.000000000000000000e+00 1.999726972068518904e+00 2.324029366338256630e-01 1.945672625160487668e+00 1.851162689778264037e-01
2.739130434782608958e+01 0.000000000000000000e+00 2.002692465327614801e+00 2.554940898381965475e-01 1.948317400531314192e+00 1.962013036366206942e-01
2.769230769230769340e+01 0.000000000000000000e+00 2.005657958586710699e+00 2.775163549100809757e-01 1.950962175902140494e+00 2.094746095992826296e-01
2.799331103678930077e+01 0.000000000000000000e+00 2.008623451845806152e+00 2.978456970402835191e-01 1.953606951272967018e+00 2.249430211238181154e-01
2.829431438127090459e+01 0.000000000000000000e+00 2.011588945104902049e+00 3.168586847607498536e-01 1.956251726643793543e+00 2.420502405304437721e-01
2.859531772575251196e+01 0.000000000000000000e+00 2.014554438363997946e+00 3.358155683140897074e-01 1.958896502014619845e+00 2.601216898320821147e-01
2.889632107023411578e+01 0.000000000000000000e+00 2.017519931623093843e+00 3.562539642399734086e-01 1.961541277385446369e+00 2.787600002462419790e-01
2.919732441471571960e+01 0.000000000000000000e+00 2.020485424882189740e+00 3.792712304862010941e-01 1.964186052756272893e+00 2.978776454954966679e-01
2.949832775919732697e+01 0.000000000000000000e+00 2.023450918141285637e+00 4.052884715601812182e-01 1.966830828127099418e+00 3.174650948203562861e-01
2.979933110367893079e+01 0.000000000000000000e+00 2.026416411400381090e+00 4.344706651326450397e-01 1.969475603497925942e+00 3.374565472993585336e-01
3.010033444816053816e+01 0.000000000000000000e+00 2.029381904659476987e+00 4.672437733267059135e-01 1.972120378868752244e+00 3.578458302777340339e-01
3.040133779264214198e+01 0.000000000000000000e+00 2.032347397918572884e+00 5.042093424545958102e-01 1.974765154239578768e+00 3.788327552558901634e-01
3.070234113712374935e+01 0.000000000000000000e+00 2.035312891177668781e+00 5.454787594881252977e-01 1.977409929610405293e+00 4.007629285060594904e-01
3.100334448160535317e+01 0.000000000000000000e+00 2.038278384436764679e+00 5.902128573726846961e-01 1.980054704981231595e+00 4.239444948036480421e-01
3.130434782608696054e+01 0.000000000000000000e+00 2.041243877695860576e+00 6.370113477142570479e-01 1.982699480352058119e+00 4.485950917341668398e-01
3.160535117056856436e+01 0.000000000000000000e+00 2.044209370954956029e+00 6.848332927355199606e-01 1.985344255722884643e+00 4.749703867777591015e-01
3.190635451505016817e+01 0.000000000000000000e+00 2.047174864214051926e+00 7.334941753315932234e-01 1.987989031093711167e+00 5.034622910449116917e-01
3.220735785953177555e+01 0.000000000000000000e+00 2.050140357473147823e+00 7.833378519952705066e-01 1.990633806464537692e+00 5.344673507590634864e-01
3.250836120401338292e+01 0.000000000000000000e+00 2.053105850732243720e+00 8.346878160203210495e-01 1.993278581835363994e+00 5.680736817514235870e-01
3.280936454849498318e+01 0.000000000000000000e+00 2.056071343991339617e+00 8.876937062477501250e-01 1.995923357206190518e+00 6.038429730507550719e-01
3.311036789297659055e+01 0.000000000000000000e+00 2.059036837250435070e+00 9.423064570374245497e-01 1.998568132577017042e+00 6.409695624863247509e-01
3.341137123745819792e+01 0.000000000000000000e+00 2.062002330509530967e+00 9.979367149149415139e-01 2.001212907947843345e+00 6.788139176029114319e-01
3.371237458193979819e+01 0.000000000000000000e+00 2.064967823768626864e+00 1.053246153268398766e+00 2.003857683318670091e+00 7.174065404106441113e-01
3.401337792642140556e+01 0.000000000000000000e+00 2.067933317027722762e+00 1.106845892694221511e+00 2.006502458689496393e+00 7.574266506277650413e-01
3.431438127090301293e+01 0.000000000000000000e+00 2.070898810286818659e+00 1.158596973940120511e+00 2.009147234060322695e+00 7.996316218204203574e-01
3.461538461538462030e+01 0.000000000000000000e+00 2.073864303545914112e+00 1.210252271051831530e+00 2.011792009431149442e+00 8.443420716012316474e-01
3.491638795986622057e+01 0.000000000000000000e+00 2.076829796805010009e+00 1.264760477819419249e+00 2.014436784801975744e+00 8.915961292467682320e-01
3.521739130434782794e+01 0.000000000000000000e+00 2.079795290064105906e+00 1.324874258793536042e+00 2.017081560172802046e+00 9.418018642226030357e-01
3.551839464882943531e+01 0.000000000000000000e+00 2.082760783323201803e+00 1.392227758395905957e+00 2.019726335543628792e+00 9.959935483526259903e-01
3.581939799331104268e+01 0.000000000000000000e+00 2.085726276582297700e+00 1.467453985536727679e+00 2.022371110914455095e+00 1.055100573334095904e+00
3.612040133779264295e+01 0.000000000000000000e+00 2.088691769841393597e+00 1.550924928136646619e+00 2.025015886285281397e+00 1.118772183595391878e+00
3.642140468227425032e+01 0.000000000000000000e+00 2.091657263100489494e+00 1.643136816160248870e+00 2.027660661656108143e+00 1.184979206184934020e+00
3.672240802675585769e+01 0.000000000000000000e+00 2.094622756359584947e+00 1.744094250867500584e+00 2.030305437026934445e+00 1.250968220602050263e+00
3.702341137123745796e+01 0.000000000000000000e+00 2.097588249618680845e+00 1.852101939281512566e+00 2.032950212397761192e+00 1.314832199419192493e+00
3.732441471571906533e+01 0.000000000000000000e+00 2.100553742877776742e+00 1.963250799576257144e+00 2.035594987768587494e+00 1.376413235001360702e+00
3.762541806020067270e+01 0.000000000000000000e+00 2.103519236136872639e+00 2.072570056880718603e+00 2.038239763139413796e+00 1.436982162432071997e+00
3.792642140468228007e+01 0.000000000000000000e+00 2.106484729395968536e+00 2.176341833771210155e+00 2.040884538510240542e+00 1.498249910386734163e+00
3.822742474916388034e+01 0.000000000000000000e+00 2.109450222655063989e+00 2.273855906896007806e+00 2.043529313881066845e+00 1.561627655960347916e+00
3.852842809364548771e+01 0.000000000000000000e+00 2.112415715914159886e+00 2.367267809435936954e+00 2.046174089251893591e+00 1.628128845300779615e+00
3.882943143812709508e+01 0.000000000000000000e+00 2.115381209173255783e+00 2.459869011762168434e+00 2.048818864622719893e+00 1.698627287092985050e+00
3.913043478260869534e+01 0.000000000000000000e+00 2.118346702432351680e+00 2.554382491843390390e+00 2.051463639993546195e+00 1.773992191704613530e+00
3.943143812709030271e+01 3.266952927623936457e-315 2.121312195691447577e+00 2.652651445116641860e+00 2.054108415364372942e+00 1.854912581982834929e+00
3.973244147157191009e+01 3.744435713700999164e-303 2.124277688950543030e+00 2.756401471099010347e+00 2.056753190735199244e+00 1.941586865159269371e+00
4.003344481605351746e+01 2.469385085432780008e-291 2.127243182209638928e+00 2.867291241661843237e+00 2.059397966106025546e+00 2.033567186071028488e+00
4.033444816053511772e+01 9.370228952244912610e-280 2.130208675468734825e+00 2.985296941069525811e+00 2.062042741476852292e+00 2.129912689423181238e+00
4.063545150501672509e+01 2.045834623143708375e-268 2.133174168727830722e+00 3.107068563972326558e+00 2.064687516847678594e+00 2.229577575370582654e+00
4.093645484949833246e+01 2.570098603847299071e-257 2.136139661986926619e+00 3.226757547767938661e+00 2.067332292218504897e+00 2.331750301053534979e+00
4.123745819397993273e+01 1.857753067255990989e-246 2.139105155246022516e+00 3.339311884001746389e+00 2.069977067589331643e+00 2.435806434008690680e+00
4.153846153846154010e+01 7.726541261733608106e-236 2.142070648505118413e+00 3.443409431283785072e+00 2.072621842960157945e+00 2.540823456930318081e+00
4.183946488294314747e+01 1.849018298881015881e-225 2.145036141764213866e+00 3.541540277633233647e+00 2.075266618330984691e+00 2.645104843310057241e+00
4.214046822742475484e+01 2.545987282886675742e-215 2.148001635023309763e+00 3.637582330919045592e+00 2.077911393701810994e+00 2.746302398351254670e+00
4.244147157190635511e+01 2.017112825206804149e-205 2.150967128282405660e+00 3.734140162478817526e+00 2.080556169072637296e+00 2.842192261549543630e+00
4.274247491638796248e+01 9.195240470922054174e-196 2.153932621541501558e+00 3.831251358826461839e+00 2.083200944443464042e+00 2.931517057280241811e+00
4.304347826086956985e+01 2.411875753622618073e-186 2.156898114800597455e+00 3.926471368347745017e+00 2.085845719814290344e+00 3.014346167880166405e+00
4.334448160535117722e+01 3.640036276385712974e-177 2.159863608059692908e+00 4.016000121957023161e+00 2.088490495185117091e+00 3.091991581515608267e+00
4.364548494983277749e+01 3.160934028852245207e-168 2.162829101318788805e+00 4.096847847612509419e+00 2.091135270555943393e+00 3.166776562674237905e+00
4.394648829431438486e+01 1.579370754204760994e-159 2.165794594577884702e+00 4.169235137246020351e+00 2.093780045926769695e+00 3.241618005770838362e+00
4.424749163879599223e+01 4.540583759849972380e-151 2.168760087836980599e+00 4.237191883788558933e+00 2.096424821297595997e+00 3.319184417377081697e+00
4.454849498327759250e+01 7.511008112557161753e-143 2.171725581096076496e+00 4.306061734941311947e+00 2.099069596668422744e+00 3.400876435574708978e+00
4.484949832775919987e+01 7.148973882767235904e-135 2.174691074355171949e+00 4.378213932883540771e+00 2.101714372039249046e+00 3.486412875612910245e+00
4.515050167224080724e+01 3.915147511963025504e-127 2.177656567614267846e+00 4.450010851632664632e+00 2.104359147410075792e+00 3.574382447508201555e+00
4.545150501672241461e+01 1.233705465755763948e-119 2.180622060873363743e+00 4.512502765787040460e+00 2.107003922780902094e+00 3.662985641397616732e+00
4.575250836120401488e+01 2.236834166608639794e-112 2.183587554132459640e+00 4.556048589003736993e+00 2.109648698151728397e+00 3.749886981283365728e+00
4.605351170568562225e+01 2.333538801215440868e-105 2.186553047391555538e+00 4.576188025898471068e+00 2.112293473522555143e+00 3.831397970992543645e+00
4.635451505016722962e+01 1.400732499745893785e-98 2.189518540650651435e+00 4.576593495697775182e+00 2.114938248893381445e+00 3.902630819633074566e+00
4.665551839464882988e+01 4.837871445363390019e-92 2.192484033909747332e+00 4.566966161986088402e+00 2.117583024264208191e+00 3.959670543181135649e+00
4.695652173913043725e+01 9.614182957958172266e-86 2.195449527168842785e+00 4.557805046831052032e+00 2.120227799635034494e+00 4.002432902222251343e+00
4.725752508361204463e+01 1.099333294824956915e-79 2.198415020427938682e+00 4.555770170237371630e+00 2.122872575005860796e+00 4.035491824599439781e+00
4.755852842809365200e+01 7.232781093148460800e-74 2.201380513687034579e+00 4.561978334889713160e+00 2.125517350376687542e+00 4.065741569931913268e+00
4.785953177257525226e+01 2.738042609200903077e-68 2.204346006946130476e+00 4.573637903617459699e+00 2.128162125747513844e+00 4.098755268659958872e+00
4.816053511705685963e+01 5.963950464608510224e-63 2.207311500205226373e+00 4.587720634965427813e+00 2.130806901118340146e+00 4.136762280128988500e+00
4.846153846153846700e+01 7.474580126716003621e-58 2.210276993464321826e+00 4.603651086526769021e+00 2.133451676489166893e+00 4.179248641613375170e+00
4.876254180602006727e+01 5.390121261912324548e-53 2.213242486723417723e+00 4.622552202319758941e+00 2.136096451859993195e+00 4.224690599246110345e+00
4.906354515050167464e+01 2.236501802347669589e-48 2.216207979982513621e+00 4.644240927590633561e+00 2.138741227230819497e+00 4.271528990022561700e+00
4.936454849498328201e+01 5.339480488315055460e-44 2.219173473241609518e+00 4.665608017902136417e+00 2.141386002601646243e+00 4.318043021221561695e+00
4.966555183946488938e+01 7.334793691635862029e-40 2.222138966500705415e+00 4.681933930941530875e+00 2.144030777972472546e+00 4.362123864199440426e+00
4.996655518394648965e+01 5.797439146450718302e-36 2.225104459759800868e+00 4.689257254824534371e+00 2.146675553343299292e+00 4.401758743907785210e+00
5.026755852842809702e+01 2.636601183703854431e-32 2.228069953018896765e+00 4.685555965633819930e+00 2.149320328714125594e+00 4.435960725701030505e+00
5.056856187290970439e+01 6.899440234596601185e-29 2.231035446277992662e+00 4.670552237889713076e+00 2.151965104084951896e+00 4.465279012670164249e+00
5.086956521739130466e+01 1.038836407048783684e-25 2.234000939537088559e+00 4.645036132373267179e+00 2.154609879455778643e+00 4.491420710569754782e+00
5.117056856187291203e+01 9.000164238999940934e-23 2.236966432796184456e+00 4.609986203901351054e+00 2.157254654826604945e+00 4.516302789972702847e+00
5.147157190635451940e+01 4.486806317653729000e-20 2.239931926055279909e+00 4.565444310535329286e+00 2.159899430197431691e+00 4.541178865114028795e+00
5.177257525083612677e+01 1.287178024010323184e-17 2.242897419314376251e+00 4.510041163946944209e+00 2.162544205568257993e+00 4.566193669310183445e+00
5.207357859531772704e+01 2.125319225653572574e-15 2.245862912573471704e+00 4.442367082531039735e+00 2.165188980939084296e+00 4.590344578260159736e+00
5.237458193979933441e+01 2.020474362097036286e-13 2.248828405832567601e+00 4.363370592641127921e+00 2.167833756309911042e+00 4.611788918239859925e+00
5.267558528428094178e+01 1.106856902707239662e-11 2.251793899091663498e+00 4.277012277234747195e+00 2.170478531680737344e+00 4.628548455066387568e+00
5.297658862876254204e+01 3.500890005408134964e-10 2.254759392350759395e+00 4.188047021222475408e+00 2.173123307051563646e+00 4.639534432622031801e+00
5.327759197324414941e+01 6.421539199756764944e-09 2.257724885609855292e+00 4.099422803945740768e+00 2.175768082422390393e+00 4.645396298720544159e+00
5.357859531772575679e+01 6.899354481170451575e-08 2.260690378868950745e+00 4.012128933731252900e+00 2.178412857793216695e+00 4.648397689013163969e+00
5.387959866220736416e+01 4.435772289147240174e-07 2.263655872128046642e+00 3.926836442086083956e+00 2.181057633164042997e+00 4.650911454518300125e+00
5.418060200668896442e+01 1.777106226315745749e-06 2.266621365387142539e+00 3.844553708537195913e+00 2.183702408534869743e+00 4.653268502928077588e+00
5.448160535117057179e+01 4.704855234199188771e-06 2.269586858646238436e+00 3.765521084486604053e+00 2.186347183905696046e+00 4.652655799465741815e+00
5.478260869565217916e+01 8.633189882660459672e-06 2.272552351905334334e+00 3.688170892091902520e+00 2.188991959276522792e+00 4.644280171425098303e+00
5.508361204013378654e+01 1.096160876590529922e-05 2.275517845164429787e+00 3.609598183717678932e+00 2.191636734647349094e+00 4.624171544173414361e+00
5.538461538461538680e+01 9.512295255173339162e-06 2.278483338423525684e+00 3.527001092586838915e+00 2.194281510018175396e+00 4.591574363702760841e+00
5.568561872909699417e+01 7.096614520320492811e-06 2.281448831682621581e+00 3.438815562489203170e+00 2.196926285389002143e+00 4.549345317578831427e+00
5.598662207357860154e+01 9.056216593443561669e-06 2.284414324941717478e+00 3.344866603187496956e+00 2.199571060759828445e+00 4.502450607799007187e+00
5.628762541806020181e+01 1.613527425420207867e-05 2.287379818200813375e+00 3.245592384736967873e+00 2.202215836130654747e+00 4.455737892913019138e+00
5.658862876254180918e+01 2.403712362157260087e-05 2.290345311459908828e+00 3.141056973367538419e+00 2.204860611501481493e+00 4.412083917855403215e+00
5.688963210702341655e+01 2.831787347847466296e-05 2.293310804719005169e+00 3.030839973935444576e+00 2.207505386872307795e+00 4.371586446646273494e+00
5.719063545150502392e+01 2.958417903495974633e-05 2.296276297978100622e+00 2.915236664426018809e+00 2.210150162243134098e+00 4.332092245770950534e+00
5.749163879598662419e+01 3.156848864183343722e-05 2.299241791237196519e+00 2.796742243313562248e+00 2.212794937613960844e+00 4.290681761591653931e+00
5.779264214046823156e+01 3.459404210378370394e-05 2.302207284496292417e+00 2.680045589773400128e+00 2.215439712984787146e+00 4.244976594475254217e+00
5.809364548494983893e+01 3.929248545459322064e-05 2.305172777755388314e+00 2.569861023000605371e+00 2.218084488355613892e+00 4.193303646250039485e+00
5.839464882943143920e+01 4.739186905969312017e-05 2.308138271014484211e+00 2.468073668674990007e+00 2.220729263726440195e+00 4.134044315538067949e+00
5.869565217391304657e+01 5.579883940210859526e-05 2.311103764273579664e+00 2.372576327809548413e+00 2.223374039097266497e+00 4.065515112760703431e+00
5.899665551839465394e+01 5.797606531008062840e-05 2.314069257532675561e+00 2.278747138843187248e+00 2.226018814468093243e+00 3.987061838932104418e+00
5.929765886287626131e+01 5.237823614800968123e-05 2.317034750791771458e+00 2.182404542086000099e+00 2.228663589838919545e+00 3.900301076733186267e+00
5.959866220735786158e+01 4.524273044540150961e-05 2.320000244050867355e+00 2.082283736017589870e+00 2.231308365209746292e+00 3.808778450994699583e+00
5.989966555183946895e+01 4.482954583953012396e-05 2.322965737309963252e+00 1.980566646441753287e+00 2.233953140580572594e+00 3.715818928988770420e+00
6.020066889632107632e+01 5.675086520477990842e-05 2.325931230569058705e+00 1.881043320424105714e+00 2.236597915951398896e+00 3.622424718110502262e+00
6.050167224080267658e+01 7.742126398714494525e-05 2.328896723828154602e+00 1.786061382505543804e+00 2.239242691322225198e+00 3.527230867943344172e+00
6.080267558528428395e+01 9.828855450295538435e-05 2.331862217087250500e+00 1.694710772342918226e+00 2.241887466693051945e+00 3.428485124663029904e+00
6.110367892976589133e+01 1.191781071286276543e-04 2.334827710346346397e+00 1.603902893520630757e+00 2.244532242063878247e+00 3.326090171631773451e+00
6.140468227424749870e+01 1.402812254585547873e-04 2.337793203605442294e+00 1.511290989371640636e+00 2.247177017434704993e+00 3.221938385769186564e+00
6.170568561872909896e+01 1.549054766886016996e-04 2.340758696864537747e+00 1.417232244257246254e+00 2.249821792805531295e+00 3.118560726674719952e+00
6.200668896321070633e+01 1.676088101978817104e-04 2.343724190123634088e+00 1.324219193811526640e+00 2.252466568176357598e+00 3.017506463788774074e+00
6.230769230769231370e+01 1.934590939394698018e-04 2.346689683382729541e+00 1.234829496055086295e+00 2.255111343547184344e+00 2.918761166749722413e+00
6.260869565217392108e+01 2.394913012141648722e-04 2.349655176641825438e+00 1.150320223850217483e+00 2.257756118918010646e+00 2.821413952014178772e+00
6.290969899665552134e+01 3.027175812292354586e-04 2.352620669900921335e+00 1.070834442381645379e+00 2.260400894288837392e+00 2.724815285680236343e+00
6.321070234113712871e+01 3.758249447395353802e-04 2.355586163160017232e+00 9.964906166527818243e-01 2.263045669659663695e+00 2.629246881863678276e+00
6.351170568561873608e+01 4.445780933584471102e-04 2.358551656419113129e+00 9.280277189243392177e-01 2.265690445030489997e+00 2.535606171460485836e+00
6.381270903010033635e+01 5.016960561213161876e-04 2.361517149678208582e+00 8.663712418497712120e-01 2.268335220401316743e+00 2.444402193880546914e+00
6.411371237458195083e+01 5.639137795989806199e-04 2.364482642937304480e+00 8.116375305839563792e-01 2.270979995772143045e+00 2.354937766064003846e+00
6.441471571906355109e+01 6.380210147441826634e-04 2.367448136196400377e+00 7.626596015094742054e-01 2.273624771142969792e+00 2.265408782757004413e+00
6.471571906354515136e+01 7.137573802183613293e-04 2.370413629455496274e+00 7.175368701431793506e-01 2.276269546513796094e+00 2.173822923783232941e+00
6.501672240802676583e+01 7.944158309919982248e-04 2.373379122714592171e+00 6.745739770920174960e-01 2.278914321884622396e+00 2.078951296825428674e+00
6.531772575250836610e+01 8.791087080052584516e-04 2.376344615973687624e+00 6.326474509074012653e-01 2.281559097255448698e+00 1.980721095312542923e+00
6.561872909698996637e+01 9.498251649736989344e-04 2.379310109232783521e+00 5.909538181542057789e-01 2.284203872626275444e+00 1.880183245454895014e+00
6.591973244147158084e+01 1.012633349607532356e-03 2.382275602491879418e+00 5.489598669759863103e-01 2.286848647997101747e+00 1.779466938731860681e+00
6.622073578595318111e+01 1.111107262500476501e-03 2.385241095750975315e+00 5.069332377181213767e-01 2.289493423367928493e+00 1.681702127602526131e+00
6.652173913043478137e+01 1.277683074286936138e-03 2.388206589010071212e+00 4.663131360261367209e-01 2.292138198738754795e+00 1.590468058636990145e+00
6.682274247491639585e+01 1.495161879077397957e-03 2.391172082269166665e+00 4.290376441852699618e-01 2.294782974109581097e+00 1.508583439047190167e+00
6.712374581939799612e+01 1.706536031703926194e-03 2.394137575528262563e+00 3.961163544926562530e-01 2.297427749480407844e+00 1.436793640998433652e+00
6.742474916387959638e+01 1.871358584401827327e-03 2.397103068787358460e+00 3.667754570470968534e-01 2.300072524851234146e+00 1.373288458128343104e+00
6.772575250836121086e+01 2.014948536912913781e-03 2.400068562046454357e+00 3.390650144549181011e-01 2.302717300222060892e+00 1.314453055541095594e+00
6.802675585284281112e+01 2.173031883569563182e-03 2.403034055305550254e+00 3.113747756792665244e-01 2.305362075592887194e+00 1.256286718216196530e+00
6.832775919732442560e+01 2.346834014427635635e-03 2.405999548564646151e+00 2.834990400956737822e-01 2.308006850963713497e+00 1.195572823823252362e+00
6.862876254180602587e+01 2.570812936150320468e-03 2.408965041823742048e+00 2.565018718583766955e-01 2.310651626334539799e+00 1.130465103352204848e+00
6.892976588628762613e+01 2.887035829116749251e-03 2.411930535082837501e+00 2.317997752247800969e-01 2.313296401705366545e+00 1.060781174818795192e+00
6.923076923076924061e+01 3.233602018292341083e-03 2.414896028341933398e+00 2.103464654282994339e-01 2.315941177076192847e+00 9.881179403222533075e-01
6.953177257525084087e+01 3.548954315960820872e-03 2.417861521601029295e+00 1.923480067305128050e-01 2.318585952447019594e+00 9.153754750583213973e-01
6.983277591973244114e+01 3.892970539722610725e-03 2.420827014860125193e+00 1.773218907848321535e-01 2.321230727817845896e+00 8.454647181522387811e-01
7.013377926421405562e+01 4.302744694970574851e-03 2.423792508119221090e+00 1.642296444956054258e-01 2.323875503188672198e+00 7.798832971385230017e-01
7.043478260869565588e+01 4.734224718977393664e-03 2.426758001378316543e+00 1.517312684747795515e-01 2.326520278559498944e+00 7.182834632360449723e-01
7.073578595317725615e+01 5.212985388233718452e-03 2.429723494637412440e+00 1.386948108190845519e-01 2.329165053930325247e+00 6.594043720825122357e-01
7.103678929765887062e+01 5.809743742686369027e-03 2.432688987896508337e+00 1.247393036514566900e-01 2.331809829301151993e+00 6.025509017682553203e-01
7.133779264214047089e+01 6.483947246319891888e-03 2.435654481155604234e+00 1.103513324293215053e-01 2.334454604671978295e+00 5.484009266128402338e-01
7.163879598662208537e+01 7.160375093736735461e-03 2.438619974414700131e+00 9.646100622656450518e-02 2.337099380042804597e+00 4.985783080564373249e-01
7.193979933110368563e+01 7.860462484298041258e-03 2.441585467673795584e+00 8.387836329661571555e-02 2.339744155413631344e+00 4.544079107590070499e-01
7.224080267558528590e+01 8.664010834624941843e-03 2.444550960932891481e+00 7.299849666035314322e-02 2.342388930784457646e+00 4.158103586184159206e-01
7.254180602006690037e+01 9.649136852839457906e-03 2.447516454191987378e+00 6.379008542649260149e-02 2.345033706155284392e+00 3.811530219542166864e-01
7.284280936454850064e+01 1.076072177132332032e-02 2.450481947451083276e+00 5.590769326550196205e-02 2.347678481526110694e+00 3.481964804291100557e-01
7.314381270903010090e+01 1.183702434808907300e-02 2.453447440710179173e+00 4.890177618689704048e-02 2.350323256896936996e+00 3.154695007527211770e-01
7.344481605351171538e+01 1.283948592198454371e-02 2.456412933969275070e+00 4.250765620658241567e-02 2.352968032267763299e+00 2.830636796075564621e-01
7.374581939799331565e+01 1.374597824749238840e-02 2.459378427228370967e+00 3.680966756969183268e-02 2.355612807638590045e+00 2.523088925545928785e-01
7.404682274247491591e+01 1.449566770987020629e-02 2.462343920487466420e+00 3.209385352391681129e-02 2.358257583009416347e+00 2.246968541657509422e-01
7.434782608695653039e+01 1.523978206125483660e-02 2.465309413746562317e+00 2.850887843531664523e-02 2.360902358380243093e+00 2.009324266326554531e-01
7.464882943143813065e+01 1.622082729495988307e-02 2.468274907005658214e+00 2.585627289822216290e-02 2.363547133751069396e+00 1.807025735353385842e-01
7.494983277591973092e+01 1.752712126117762087e-02 2.471240400264754111e+00 2.368376540034458980e-02 2.366191909121895698e+00 1.630739148328599897e-01
7.525083612040134540e+01 1.915076940340542863e-02 2.474205893523850008e+00 2.156408392160431148e-02 2.368836684492722444e+00 1.470433623338412710e-01
7.555183946488294566e+01 2.095908796090896128e-02 2.477171386782945461e+00 1.931326231461320472e-02 2.371481459863548746e+00 1.318869594705003034e-01
7.585284280936456014e+01 2.269821546493861267e-02 2.480136880042041359e+00 1.701161108763931534e-02 2.374126235234375493e+00 1.172661578300195073e-01
7.615384615384616041e+01 2.428267140355960113e-02 2.483102373301137256e+00 1.487651710906747783e-02 2.376771010605201795e+00 1.032068002309350224e-01
7.645484949832776067e+01 2.585692149871870668e-02 2.486067866560233153e+00 1.311050011765942103e-02 2.379415785976028097e+00 9.001839269189462756e-02
7.675585284280937515e+01 2.750041724236260143e-02 2.489033359819329050e+00 1.180005628777424168e-02 2.382060561346854843e+00 7.813822371240308762e-02
7.705685618729097541e+01 2.919717707971777182e-02 2.491998853078424503e+00 1.088996859597895009e-02 2.384705336717681146e+00 6.790085962265503261e-02
7.735785953177257568e+01 3.099529126394509268e-02 2.494964346337520400e+00 1.023667990168250670e-02 2.387350112088507448e+00 5.933153671807036428e-02
7.765886287625419016e+01 3.280355147291019735e-02 2.497929839596616297e+00 9.700381272217149103e-03 2.389994887459334194e+00 5.211385220424576137e-02
7.795986622073579042e+01 3.441870154799935716e-02 2.500895332855712194e+00 9.198639531097419289e-03 2.392639662830160496e+00 4.578492895507381422e-02
7.826086956521739069e+01 3.598002637175303636e-02 2.503860826114808091e+00 8.691200429335214570e-03 2.395284438200986799e+00 4.002265317642673265e-02
7.856187290969900516e+01 3.765818746897931640e-02 2.506826319373903544e+00 8.149917262107659807e-03 2.397929213571813545e+00 3.479873968304391524e-02
7.886287625418060543e+01 3.927083544458618430e-02 2.509791812632999886e+00 7.566447904874809213e-03 2.400573988942639847e+00 3.028701348211317382e-02
7.916387959866221991e+01 4.084166089381636305e-02 2.512757305892095339e+00 6.968099957581088376e-03 2.403218764313466593e+00 2.662717334746077941e-02
7.946488294314382017e+01 4.280684051623372122e-02 2.515722799151191236e+00 6.387184643950689390e-03 2.405863539684292896e+00 2.374648294204599955e-02
7.976588628762542044e+01 4.520566004200213955e-02 2.518688292410287133e+00 5.808152785042520160e-03 2.408508315055119198e+00 2.136471557331543272e-02
8.006688963210703491e+01 4.749273098582316305e-02 2.521653785669383030e+00 5.169537415924984648e-03 2.411153090425945944e+00 1.915403784923993755e-02
8.036789297658863518e+01 4.951375770264990206e-02 2.524619278928478927e+00 4.429850475274406570e-03 2.413797865796772246e+00 1.692547597171469020e-02
8.066889632107023544e+01 5.162899083681628948e-02 2.527584772187574380e+00 3.618586863040506273e-03 2.416442641167598993e+00 1.471299708197964899e-02
8.096989966555184992e+01 5.406097825015530184e-02 2.530550265446670277e+00 2.816720625231392255e-03 2.419087416538425295e+00 1.270290762523301406e-02
8.127090301003345019e+01 5.672565816864950233e-02 2.533515758705766174e+00 2.102077518148406932e-03 2.421732191909251597e+00 1.106451057205369917e-02
8.157190635451505045e+01 5.924620862641547664e-02 2.536481251964862071e+00 1.521537887037195972e-03 2.424376967280077899e+00 9.811996069501028109e-03
8.187290969899666493e+01 6.134848713210427906e-02 2.539446745223957969e+00 1.098171519716410315e-03 2.427021742650904645e+00 8.802347203421451854e-03
8.217391304347826519e+01 6.334051365581788717e-02 2.542412238483053422e+00 8.406445673252834145e-04 2.429666518021730948e+00 7.856636523016031701e-03
8.247491638795986546e+01 6.553093466862051908e-02 2.545377731742149319e+00 7.388748496822386720e-04 2.432311293392557694e+00 6.887190231827869033e-03
8.277591973244147994e+01 6.774704260185784865e-02 2.548343225001245216e+00 7.587598405046331413e-04 2.434956068763383996e+00 5.924265743850057678e-03
8.307692307692308020e+01 6.988677801713578941e-02 2.551308718260341113e+00 8.492131609463690004e-04 2.437600844134210298e+00 5.044444613401773310e-03
8.337792642140469468e+01 7.191068343020168285e-02 2.554274211519437010e+00 9.580377356548294959e-04 2.440245619505037045e+00 4.288708402322442305e-03
8.367892976588629494e+01 7.356149461633323949e-02 2.557239704778532463e+00 1.044626426508612821e-03 2.442890394875863347e+00 3.641935539885660707e-03
8.397993311036789521e+01 7.494978861155833505e-02 2.560205198037628804e+00 1.084204700245173332e-03 2.445535170246690093e+00 3.068534362687595166e-03
8.428093645484950969e+01 7.660252616854268393e-02 2.563170691296724257e+00 1.068506237670826262e-03 2.448179945617516395e+00 2.551734629542843583e-03
8.458193979933110995e+01 7.855314282256858904e-02 2.566136184555820154e+00 1.005576206330112063e-03 2.450824720988342698e+00 2.099811344896176761e-03
8.488294314381271022e+01 8.030562271036575939e-02 2.569101677814916052e+00 9.126783459155886997e-04 2.453469496359169444e+00 1.724539859275001389e-03
8.518394648829432469e+01 8.168662718748369300e-02 2.572067171074011949e+00 8.022633744923918491e-04 2.456114271729995746e+00 1.420674147296785905e-03
8.548494983277592496e+01 8.305605190402409743e-02 2.575032664333107846e+00 6.754563531491830251e-04 2.458759047100822492e+00 1.167612276435688089e-03
8.578595317725752523e+01 8.466093028007666554e-02 2.577998157592203299e+00 5.321139721877872703e-04 2.461403822471648795e+00 9.494794772863174911e-04
8.608695652173913970e+01 8.645535830468413507e-02 2.580963650851299196e+00 3.847441879558370528e-04 2.464048597842475097e+00 7.708921730896109133e-04
8.638795986622073997e+01 8.851657388024018747e-02 2.583929144110395093e+00 2.584444426784554506e-04 2.466693373213301399e+00 6.501387214534883963e-04
8.668896321070235444e+01 9.068364306857727708e-02 2.586894637369490990e+00 1.766583679209875147e-04 2.469338148584128145e+00 5.951240464111655359e-04
8.698996655518395471e+01 9.228121596550474537e-02 2.589860130628586887e+00 1.466187003493235358e-04 2.471982923954954448e+00 5.856724713558775870e-04
8.729096989966555498e+01 9.298937641116987451e-02 2.592825623887682340e+00 1.550215976929112825e-04 2.474627699325781194e+00 5.798964196674107324e-04
8.759197324414716945e+01 9.313930591475447218e-02 2.595791117146778237e+00 1.751261693735362771e-04 2.477272474696607496e+00 5.394731002581950327e-04
8.789297658862876972e+01 9.316141391335834576e-02 2.598756610405874135e+00 1.809501315905945480e-04 2.479917250067433798e+00 4.522167756631059244e-04
8.819397993311036998e+01 9.337096646482057061e-02 2.601722103664970032e+00 1.606572947894036659e-04 2.482562025438260545e+00 3.348202182584058650e-04
8.849498327759198446e+01 9.383572098801222505e-02 2.604687596924065929e+00 1.202664481466437401e-04 2.485206800809086847e+00 2.171059101037721461e-04
8.879598662207358473e+01 9.433559472449007388e-02 2.607653090183161382e+00 7.550534847496572399e-05 2.487851576179913593e+00 1.228658011892009986e-04
8.909698996655518499e+01 9.463403317323028363e-02 2.610618583442257723e+00 3.969701821474540910e-05 2.490496351550739895e+00 6.060282310146444855e-05
8.939799331103679947e+01 9.457633098016592077e-02 2.613584076701353176e+00 1.747052027199235522e-05 2.493141126921566197e+00 2.603805438708762770e-05
8.969899665551839973e+01 9.417392876234595422e-02 2.616549569960449073e+00 6.435335682990215058e-06 2.495785902292392500e+00 9.742130495594518503e-06
9.000000000000000000e+01 9.390817835316089823e-02 2.619515063219544970e+00 1.983991128868366301e-06 2.498430677663219246e+00 3.173517937300452683e-06
