0.000000000000000000e+00 1.877053457878765652e-01 1.056954301670021135e-04 6.593816204602137576e-01 2.216226088652857584e-05 2.210569041432355775e+01
3.010033444816053727e-01 1.870613181225336819e-01 1.072412397547180957e-02 6.599590130399691779e-01 8.962484783612784198e-04 2.195758533471307317e+01
6.020066889632107454e-01 1.850822943396685794e-01 2.134255252077661702e-02 6.616401329024358402e-01 1.770334695836028264e-03 2.155648890336905410e+01
9.030100334448161181e-01 1.830576287156307491e-01 3.196098106608142447e-02 6.643412432522038946e-01 2.644420913310778325e-03 2.097664827484561911e+01
1.204013377926421491e+00 1.804934137119118265e-01 4.257940961138623193e-02 6.679268262377884291e-01 3.518507130785527952e-03 2.031216459892995729e+01
1.505016722408026864e+00 1.740472127368599686e-01 5.319783815669103938e-02 6.722164075541086081e-01 4.392593348260277579e-03 1.964891237619290010e+01
1.806020066889632236e+00 1.671262860555464413e-01 6.381626670199584683e-02 6.769959571760358896e-01 5.266679565735028073e-03 1.904500175527002170e+01
2.107023411371237387e+00 1.619278596227007594e-01 7.443469524730064735e-02 6.820341788095966029e-01 6.140765783209777701e-03 1.852495133807737204e+01
2.408026755852842982e+00 1.534977322196246496e-01 8.505312379260546174e-02 6.871026441771251880e-01 7.014852000684527328e-03 1.808565368892241310e+01
2.709030100334448576e+00 1.424028129352773453e-01 9.567155233791027613e-02 6.919972695619631686e-01 7.888938218159276955e-03 1.770827516306053440e+01
3.010033444816053727e+00 1.306541546027129574e-01 1.062899808832150766e-01 6.965576256843707403e-01 8.763024435634026582e-03 1.737020221151185595e+01
3.311036789297658878e+00 1.197559792389661371e-01 1.169084094285198772e-01 7.006804492807037210e-01 9.637110653108776209e-03 1.705332421431647560e+01
3.612040133779264472e+00 1.115051271660823379e-01 1.275268379738246916e-01 7.043246295565793735e-01 1.051119687058352757e-02 1.674740393136908168e+01
3.913043478260870067e+00 1.032014013399309704e-01 1.381452665191295059e-01 7.075066737369850589e-01 1.138528308805827720e-02 1.644918811417185367e+01
4.214046822742474774e+00 9.366139961890992960e-02 1.487636950644342926e-01 7.102877349160711118e-01 1.225936930553302683e-02 1.615917332603804013e+01
4.515050167224080369e+00 8.567776108535571367e-02 1.593821236097391070e-01 7.127551213405743935e-01 1.313345552300777645e-02 1.587842034778721256e+01
4.816053511705685963e+00 7.927346684412560351e-02 1.700005521550439214e-01 7.150022924427174020e-01 1.400754174048252608e-02 1.560718954593426488e+01
5.117056856187291558e+00 7.321378345293527712e-02 1.806189807003487358e-01 7.171114181966059542e-01 1.488162795795727571e-02 1.534560806319393933e+01
5.418060200668897153e+00 6.759860597016993655e-02 1.912374092456535501e-01 7.191416763727213057e-01 1.575571417543202707e-02 1.509506789932769522e+01
5.719063545150501859e+00 6.186980945684129179e-02 2.018558377909583368e-01 7.211248948485744492e-01 1.662980039290677670e-02 1.485873322216213843e+01
6.020066889632107454e+00 5.679574695160233277e-02 2.124742663362631512e-01 7.230683666085754302e-01 1.750388661038152632e-02 1.464056351314298610e+01
6.321070234113713049e+00 5.289504407917818007e-02 2.230926948815679656e-01 7.249631231578345103e-01 1.837797282785627595e-02 1.444357379562954335e+01
6.622073578595317755e+00 4.884656717433652484e-02 2.337111234268727522e-01 7.267949709829397698e-01 1.925205904533102558e-02 1.426845940154828618e+01
6.923076923076923350e+00 4.429366882271418976e-02 2.443295519721775666e-01 7.285553110859515069e-01 2.012614526280577520e-02 1.411310611223227163e+01
7.224080267558528945e+00 4.074760183261455504e-02 2.549479805174823532e-01 7.302491288303972761e-01 2.100023148028052483e-02 1.397280610342229679e+01
7.525083612040134540e+00 3.846652969414268014e-02 2.655664090627871676e-01 7.318983905046707594e-01 2.187431769775527446e-02 1.384093640547618520e+01
7.826086956521740134e+00 3.597967153868079915e-02 2.761848376080919820e-01 7.335401892027468840e-01 2.274840391523002409e-02 1.371015676525655458e+01
8.127090301003345729e+00 3.306182077059793833e-02 2.868032661533967964e-01 7.352201223732023339e-01 2.362249013270477371e-02 1.357411481631273098e+01
8.428093645484949548e+00 3.082920795549333806e-02 2.974216946987016108e-01 7.369823649613360672e-01 2.449657635017952334e-02 1.342910006626206254e+01
8.729096989966555142e+00 2.860136881271738846e-02 3.080401232440064252e-01 7.388585745387475923e-01 2.537066256765427297e-02 1.327475525126001443e+01
9.030100334448160737e+00 2.617564077971825873e-02 3.186585517893112396e-01 7.408580208294405223e-01 2.624474878512902259e-02 1.311340410872793427e+01
9.331103678929766332e+00 2.388058886688274041e-02 3.292769803346160540e-01 7.429611173758080556e-01 2.711883500260377222e-02 1.294846614908004412e+01
9.632107023411371927e+00 2.165358253868175653e-02 3.398954088799208684e-01 7.451178652863041929e-01 2.799292122007852185e-02 1.278294438319300497e+01
9.933110367892977521e+00 2.004319064034184097e-02 3.505138374252256828e-01 7.472517051290651358e-01 2.886700743755327148e-02 1.261868390240692506e+01
1.023411371237458312e+01 1.919302755621127982e-02 3.611322659705304972e-01 7.492681102780263114e-01 2.974109365502802110e-02 1.245643469484488897e+01
1.053511705685618871e+01 1.881212777560639995e-02 3.717506945158353115e-01 7.510662017685495462e-01 3.061517987250277073e-02 1.229637811225405208e+01
1.083612040133779431e+01 1.826580292745035375e-02 3.823691230611401259e-01 7.525509818642562854e-01 3.148926608997752036e-02 1.213884419698251804e+01
1.113712374581939812e+01 1.740770517995657643e-02 3.929875516064448293e-01 7.536436606495102719e-01 3.236335230745226998e-02 1.198506437167402261e+01
1.143812709030100372e+01 1.654469214549554590e-02 4.036059801517496437e-01 7.542880411923447159e-01 3.323743852492701961e-02 1.183765800325313222e+01
1.173913043478260931e+01 1.521154626611840449e-02 4.142244086970544581e-01 7.544519236725216738e-01 3.411152474240176924e-02 1.170035723836949160e+01
1.204013377926421491e+01 1.377886511458627575e-02 4.248428372423592725e-01 7.541237327682079883e-01 3.498561095987651887e-02 1.157670289766749860e+01
1.234113712374582050e+01 1.294758855079078050e-02 4.354612657876640869e-01 7.533057349222980204e-01 3.585969717735126849e-02 1.146816260643946173e+01
1.264214046822742610e+01 1.221029120778504423e-02 4.460796943329689013e-01 7.520059817517384948e-01 3.673378339482601812e-02 1.137275422516385248e+01
1.294314381270903169e+01 1.122795109221883317e-02 4.566981228782737157e-01 7.502312934706700798e-01 3.760786961230076775e-02 1.128511328699143412e+01
1.324414715719063551e+01 1.013853421437749952e-02 4.673165514235785301e-01 7.479831525144065019e-01 3.848195582977551737e-02 1.119799416254006097e+01
1.354515050167224111e+01 9.247710892557527151e-03 4.779349799688833444e-01 7.452574586395231959e-01 3.935604204725026700e-02 1.110422369736746795e+01
1.384615384615384670e+01 8.504379405145236215e-03 4.885534085141881588e-01 7.420479753601866291e-01 4.023012826472501663e-02 1.099800529948024419e+01
1.414715719063545230e+01 7.693944899581662937e-03 4.991718370594929732e-01 7.383522880016896162e-01 4.110421448219976626e-02 1.087527638513776651e+01
1.444816053511705789e+01 7.122091307949722679e-03 5.097902656047977876e-01 7.341784592353679528e-01 4.197830069967452282e-02 1.073372444418555816e+01
1.474916387959866348e+01 6.467907561095421164e-03 5.204086941501026020e-01 7.295504501751075566e-01 4.285238691714927245e-02 1.057316398661017054e+01
1.505016722408026908e+01 5.767340435742586251e-03 5.310271226954074164e-01 7.245107643644225215e-01 4.372647313462402208e-02 1.039621394939904597e+01
1.535117056856187467e+01 5.261003734900492231e-03 5.416455512407122308e-01 7.191195246925315976e-01 4.460055935209877170e-02 1.020843718035270520e+01
1.565217391304348027e+01 4.944096812478446755e-03 5.522639797860170452e-01 7.134500851504689267e-01 4.547464556957352133e-02 1.001718042289498989e+01
1.595317725752508409e+01 4.664401049834201313e-03 5.628824083313218596e-01 7.075820749136459975e-01 4.634873178704827096e-02 9.829299965217234814e+00
1.625418060200669146e+01 4.144177194450433810e-03 5.735008368766266740e-01 7.015932887030874587e-01 4.722281800452302059e-02 9.648933837465774488e+00
1.655518394648829528e+01 3.625532817179012712e-03 5.841192654219314884e-01 6.955519852235245715e-01 4.809690422199777021e-02 9.476609607000398228e+00
1.685618729096989910e+01 3.231040941983951906e-03 5.947376939672361917e-01 6.895109477148165800e-01 4.897099043947251984e-02 9.310133988073461708e+00
1.715719063545150647e+01 2.784239075854154106e-03 6.053561225125410061e-01 6.835041926980651716e-01 4.984507665694726947e-02 9.146569800034864528e+00
1.745819397993311028e+01 2.591496011121064997e-03 6.159745510578458205e-01 6.775466237747065357e-01 5.071916287442201909e-02 8.984010746744719000e+00
1.775919732441471766e+01 2.477967129540997477e-03 6.265929796031506349e-01 6.716363563982146179e-01 5.159324909189676872e-02 8.822171382312056664e+00
1.806020066889632147e+01 2.329616119155491528e-03 6.372114081484554493e-01 6.657589938720928080e-01 5.246733530937151835e-02 8.661712442309532634e+00
1.836120401337792885e+01 2.285377433692593885e-03 6.478298366937602637e-01 6.598928733942626135e-01 5.334142152684626798e-02 8.503060100385249953e+00
1.866220735785953266e+01 2.066455140921701853e-03 6.584482652390650781e-01 6.540142371797138532e-01 5.421550774432101760e-02 8.345700243037187605e+00
1.896321070234114003e+01 1.748157655568980144e-03 6.690666937843698925e-01 6.481013992970804383e-01 5.508959396179576723e-02 8.188426295372764230e+00
1.926421404682274385e+01 1.584553719519438434e-03 6.796851223296747069e-01 6.421372396081954648e-01 5.596368017927051686e-02 8.030196695108028138e+00
1.956521739130434767e+01 1.487963169989606725e-03 6.903035508749795213e-01 6.361097213375969117e-01 5.683776639674526648e-02 7.870780535621522134e+00
1.986622073578595504e+01 1.321528148685327921e-03 7.009219794202843357e-01 6.300105514003734308e-01 5.771185261422001611e-02 7.710644448045695931e+00
2.016722408026755886e+01 1.241377182401103441e-03 7.115404079655891501e-01 6.238325240389996917e-01 5.858593883169476574e-02 7.550301800239938466e+00
2.046822742474916623e+01 1.049361570984718448e-03 7.221588365108939644e-01 6.175664340664599461e-01 5.946002504916951537e-02 7.389856159929990120e+00
2.076923076923077005e+01 7.613472255464957599e-04 7.327772650561987788e-01 6.111986308362626907e-01 6.033411126664426499e-02 7.229213104212129259e+00
2.107023411371237742e+01 6.555343021494375658e-04 7.433956936015035932e-01 6.047102303961033876e-01 6.120819748411901462e-02 7.068697284360829336e+00
2.137123745819398124e+01 5.437467180813643436e-04 7.540141221468084076e-01 5.980786704605629556e-01 6.208228370159376425e-02 6.909395789071602678e+00
2.167224080267558861e+01 4.490329291018349436e-04 7.646325506921132220e-01 5.912817073314431404e-01 6.295636991906851387e-02 6.752884069942642675e+00
2.197324414715719243e+01 4.191430341618026406e-04 7.752509792374179254e-01 5.843032262796494791e-01 6.383045613654327044e-02 6.600663654196379682e+00
2.227424749163879625e+01 3.878677208083840277e-04 7.858694077827227398e-01 5.771395520765539855e-01 6.470454235401801313e-02 6.453884591128989712e+00
2.257525083612040362e+01 3.553555457319403934e-04 7.964878363280275542e-01 5.698045212210703925e-01 6.557862857149276969e-02 6.313492252964357121e+00
2.287625418060200744e+01 3.056717452922480364e-04 8.071062648733323686e-01 5.623315932478051282e-01 6.645271478896751238e-02 6.180354226517461136e+00
2.317725752508361481e+01 2.192920579784626346e-04 8.177246934186371830e-01 5.547718091141240482e-01 6.732680100644226895e-02 6.054876880423747387e+00
2.347826086956521863e+01 1.726431357796952065e-04 8.283431219639419973e-01 5.471873688164369254e-01 6.820088722391701164e-02 5.936201710329116921e+00
2.377926421404682600e+01 1.635112768134932973e-04 8.389615505092468117e-01 5.396417635199101115e-01 6.907497344139176820e-02 5.821677849904821400e+00
2.408026755852842982e+01 1.338831116939487732e-04 8.495799790545516261e-01 5.321884310744532387e-01 6.994905965886651089e-02 5.707283301984746871e+00
2.438127090301003363e+01 9.821346618905569159e-05 8.601984075998564405e-01 5.248604872940244581e-01 7.082314587634126746e-02 5.588975822175881625e+00
2.468227424749164101e+01 9.717006426703131904e-05 8.708168361451612549e-01 5.176640154755954848e-01 7.169723209381601015e-02 5.464210663144713820e+00
2.498327759197324482e+01 9.884455248505454982e-05 8.814352646904660693e-01 5.105766617203792990e-01 7.257131831129076671e-02 5.332729405151239277e+00
2.528428093645485220e+01 8.115108783161786995e-05 8.920536932357708837e-01 5.035520731061657873e-01 7.344540452876550940e-02 5.196287121941096210e+00
2.558528428093645601e+01 5.463727245317632456e-05 9.026721217810756981e-01 4.965293594006887634e-01 7.431949074624026597e-02 5.057709138349585132e+00
2.588628762541806339e+01 3.353940547258038254e-05 9.132905503263805125e-01 4.894456196648527824e-01 7.519357696371500865e-02 4.919939397644346180e+00
2.618729096989966720e+01 3.669508621387670901e-05 9.239089788716853269e-01 4.822489361457046875e-01 7.606766318118976522e-02 4.785436629687114696e+00
2.648829431438127102e+01 5.997693369985568237e-05 9.345274074169900302e-01 4.749092258687911960e-01 7.694174939866450791e-02 4.655813405611319844e+00
2.678929765886287839e+01 6.747488752800514795e-05 9.451458359622948446e-01 4.674249061474615718e-01 7.781583561613926447e-02 4.531485792200880880e+00
2.709030100334448221e+01 4.020642320031679161e-05 9.557642645075996590e-01 4.598242864880673908e-01 7.868992183361400716e-02 4.411368111526746461e+00
2.739130434782608958e+01 3.147582209484688824e-05 9.663826930529044734e-01 4.521616921062502348e-01 7.956400805108876373e-02 4.292932136769409546e+00
2.769230769230769340e+01 3.010684602951053672e-05 9.770011215982092878e-01 4.445093083326550620e-01 8.043809426856350642e-02 4.172887407425198703e+00
2.799331103678930077e+01 2.599028702050007293e-05 9.876195501435141022e-01 4.369464296108213630e-01 8.131218048603826298e-02 4.048356340594823521e+00
2.829431438127090459e+01 4.497668852661331889e-05 9.982379786888189166e-01 4.295481098688321842e-01 8.218626670351300567e-02 3.918058387846066637e+00
2.859531772575251196e+01 6.069859252027335890e-05 1.008856407234123731e+00 4.223751383345434873e-01 8.306035292098776224e-02 3.782970966312518613e+00
2.889632107023411578e+01 3.921084823441358855e-05 1.019474835779428545e+00 4.154668704037297600e-01 8.393443913846251880e-02 3.646204059305986789e+00
2.919732441471571960e+01 2.063890040191727565e-05 1.030093264324733360e+00 4.088378342951394240e-01 8.480852535593726149e-02 3.512199240398515165e+00
2.949832775919732697e+01 2.358352087191155529e-05 1.040711692870038174e+00 4.024783365640830501e-01 8.568261157341201806e-02 3.385614972801494815e+00
2.979933110367893079e+01 3.967666391850973906e-05 1.051330121415342989e+00 3.963586252514522124e-01 8.655669779088676075e-02 3.270278918921596389e+00
3.010033444816053816e+01 4.403922024267812913e-05 1.061948549960647803e+00 3.904356401406839927e-01 8.743078400836151731e-02 3.168426118268897973e+00
3.040133779264214198e+01 2.670737695854880105e-05 1.072566978505952617e+00 3.846610551985140680e-01 8.830487022583626000e-02 3.080267095362666740e+00
3.070234113712374935e+01 1.453726002653320319e-05 1.083185407051257432e+00 3.789892321486814097e-01 8.917895644331101657e-02 3.003886222559715158e+00
3.100334448160535317e+01 1.084809264442265626e-05 1.093803835596562246e+00 3.733838533098746693e-01 9.005304266078575925e-02 2.935536761685417328e+00
3.130434782608696054e+01 8.197154743441377749e-06 1.104422264141867061e+00 3.678223497792894592e-01 9.092712887826051582e-02 2.870409338261259435e+00
3.160535117056856436e+01 6.568873487975737884e-06 1.115040692687171875e+00 3.622977210623662958e-01 9.180121509573525851e-02 2.803785184174336198e+00
3.190635451505016817e+01 2.548786194995435825e-06 1.125659121232476689e+00 3.568178626345379634e-01 9.267530131321001508e-02 2.732223074212651870e+00
3.220735785953177555e+01 3.322837665548906064e-07 1.136277549777781504e+00 3.514029727027578320e-01 9.354938753068475776e-02 2.654289992581222002e+00
3.250836120401338292e+01 1.378427206489334995e-08 1.146895978323086318e+00 3.460818981691728413e-01 9.442347374815951433e-02 2.570492216596325097e+00
3.280936454849498318e+01 1.807924160024513002e-10 1.157514406868391132e+00 3.408883350250633271e-01 9.529755996563425702e-02 2.482455543504008322e+00
3.311036789297659055e+01 7.491621708229383950e-13 1.168132835413695947e+00 3.358576122369920092e-01 9.617164618310901358e-02 2.391816345199997418e+00
3.341137123745819792e+01 9.806930423078419747e-16 1.178751263959000761e+00 3.310244249196294675e-01 9.704573240058375627e-02 2.299451137283178959e+00
3.371237458193979819e+01 4.055529512774406796e-19 1.189369692504305354e+00 3.264214663827152973e-01 9.791981861805851284e-02 2.205456321517394347e+00
3.401337792642140556e+01 5.298082772851947879e-23 1.199988121049610168e+00 3.220785851191040883e-01 9.879390483553325553e-02 2.109805370952826387e+00
3.431438127090301293e+01 2.186485251463883944e-27 1.210606549594914982e+00 3.180219762803715433e-01 9.966799105300801209e-02 2.013176557116394427e+00
3.461538461538462030e+01 2.850565329009144048e-32 1.221224978140219797e+00 3.142730445200117018e-01 1.005420772704827548e-01 1.917363739438174175e+00
3.491638795986622057e+01 1.174010759866819399e-37 1.231843406685524611e+00 3.108468870748495871e-01 1.014161634879575113e-01 1.825000891601674891e+00
3.521739130434782794e+01 1.527459796389402781e-43 1.242461835230829426e+00 3.077507068701209048e-01 1.022902497054322540e-01 1.738792821102028041e+00
3.551839464882943531e+01 6.278040764760924519e-50 1.253080263776134240e+00 3.049827149760895306e-01 1.031643359229070106e-01 1.660711729944067239e+00
3.581939799331104268e+01 8.151454462512768781e-57 1.263698692321439054e+00 3.025320993816927317e-01 1.040384221403817533e-01 1.591548171541940837e+00
3.612040133779264295e+01 3.343510676758315727e-64 1.274317120866743869e+00 3.003803926290727899e-01 1.049125083578565099e-01 1.530925334880229194e+00
3.642140468227425032e+01 4.332384109233505356e-72 1.284935549412048683e+00 2.985041405529038627e-01 1.057865945753312525e-01 1.477634997865146405e+00
3.672240802675585769e+01 1.773404582285491372e-80 1.295553977957353498e+00 2.968783148590389831e-01 1.066606807928060091e-01 1.430066152388667744e+00
3.702341137123745796e+01 2.293217939923917960e-89 1.306172406502658312e+00 2.954796024217276607e-01 1.075347670102807518e-01 1.386549832366881896e+00
3.732441471571906533e+01 9.367840057402710577e-99 1.316790835047963126e+00 2.942886762688446955e-01 1.084088532277555084e-01 1.345550254332277484e+00
3.762541806020067270e+01 1.208899605737215401e-108 1.327409263593267941e+00 2.932908398208181056e-01 1.092829394452302511e-01 1.305733445311510366e+00
3.792642140468228007e+01 4.928305676424480767e-119 1.338027692138572755e+00 2.924749528098818940e-01 1.101570256627050076e-01 1.266005478939175699e+00
3.822742474916388034e+01 6.346900211203805585e-130 1.348646120683877569e+00 2.918311197854366879e-01 1.110311118801797503e-01 1.225600353366141926e+00
3.852842809364548771e+01 2.582155162887833674e-141 1.359264549229182384e+00 2.913480464549829119e-01 1.119051980976545069e-01 1.184213139502318768e+00
3.882943143812709508e+01 3.318636101953889303e-153 1.369882977774487198e+00 2.910110868748790325e-01 1.127792843151292634e-01 1.142089164330042372e+00
3.913043478260869534e+01 1.347390755480238563e-165 1.380501406319792013e+00 2.908017626693519264e-01 1.136533705326040061e-01 1.099983489722939911e+00
3.943143812709030271e+01 1.728160703301799089e-178 1.391119834865096827e+00 2.906990091821031186e-01 1.145274567500787627e-01 1.058991930404508119e+00
3.973244147157191009e+01 7.002148547199601070e-192 1.401738263410401641e+00 2.906817718334303580e-01 1.154015429675535054e-01 1.020316628530099523e+00
4.003344481605351746e+01 8.962623364802200967e-206 1.412356691955706456e+00 2.907320587065592710e-01 1.162756291850282619e-01 9.849924894796232566e-01
4.033444816053511772e+01 3.624061886854302893e-220 1.422975120501011270e+00 2.908373339620233256e-01 1.171497154025030046e-01 9.535426954520762610e-01
4.063545150501672509e+01 4.629271971051107858e-235 1.433593549046316085e+00 2.909912893523522448e-01 1.180238016199777612e-01 9.255915643378190838e-01
4.093645484949833246e+01 1.868041068098054523e-250 1.444211977591620899e+00 2.911925066681909646e-01 1.188978878374525039e-01 8.996381758781040183e-01
4.123745819397993273e+01 2.381314603678231462e-266 1.454830406136925713e+00 2.914411631897204091e-01 1.197719740549272605e-01 8.732863103738077726e-01
4.153846153846154010e+01 9.589672222417655841e-283 1.465448834682230528e+00 2.917345277004769755e-01 1.206460602724020031e-01 8.440445740953803622e-01
4.183946488294314747e+01 1.219965033458907238e-299 1.476067263227535342e+00 2.920623645172755189e-01 1.215201464898767597e-01 8.104147858086817591e-01
4.214046822742475484e+01 4.902839685748484749e-317 1.486685691772840157e+00 2.924034105992467381e-01 1.223942327073515024e-01 7.726858423833155021e-01
4.244147157190635511e+01 0.000000000000000000e+00 1.497304120318144971e+00 2.927238285866058942e-01 1.232683189248262590e-01 7.329324494950438806e-01
4.274247491638796248e+01 0.000000000000000000e+00 1.507922548863449785e+00 2.929780710341913785e-01 1.241424051423010017e-01 6.941736075780809978e-01
4.304347826086956985e+01 0.000000000000000000e+00 1.518540977408754600e+00 2.931120669859195171e-01 1.250164913597757721e-01 6.591557799672194129e-01
4.334448160535117722e+01 0.000000000000000000e+00 1.529159405954059414e+00 2.930681983047126460e-01 1.258905775772505009e-01 6.294244892555972415e-01
4.364548494983277749e+01 0.000000000000000000e+00 1.539777834499364007e+00 2.927912526396315163e-01 1.267646637947252575e-01 6.051125374973261861e-01
4.394648829431438486e+01 0.000000000000000000e+00 1.550396263044668821e+00 2.922344377625903933e-01 1.276387500122000140e-01 5.853956601979352081e-01
4.424749163879599223e+01 0.000000000000000000e+00 1.561014691589973635e+00 2.913645819278741222e-01 1.285128362296747428e-01 5.691866207671159028e-01
4.454849498327759250e+01 0.000000000000000000e+00 1.571633120135278450e+00 2.901657730065137497e-01 1.293869224471494994e-01 5.555949564468125601e-01
4.484949832775919987e+01 0.000000000000000000e+00 1.582251548680583264e+00 2.886408671089454869e-01 1.302610086646242560e-01 5.439574463858481979e-01
4.515050167224080724e+01 0.000000000000000000e+00 1.592869977225888078e+00 2.868105183512765777e-01 1.311350948820990125e-01 5.336033523518036725e-01
4.545150501672241461e+01 0.000000000000000000e+00 1.603488405771192893e+00 2.847096614783711788e-01 1.320091810995737414e-01 5.236787476182530598e-01
4.575250836120401488e+01 0.000000000000000000e+00 1.614106834316497707e+00 2.823817303987052330e-01 1.328832673170484979e-01 5.132209292848780580e-01
4.605351170568562225e+01 0.000000000000000000e+00 1.624725262861802522e+00 2.798712966003090163e-01 1.337573535345232545e-01 5.014100890917679854e-01
4.635451505016722962e+01 0.000000000000000000e+00 1.635343691407107336e+00 2.772161915321489367e-01 1.346314397519980111e-01 4.877863247729229412e-01
4.665551839464882988e+01 0.000000000000000000e+00 1.645962119952412150e+00 2.744404291093807124e-01 1.355055259694727399e-01 4.723024887610520750e-01
4.695652173913043725e+01 0.000000000000000000e+00 1.656580548497716965e+00 2.715492613146492928e-01 1.363796121869474964e-01 4.552534469741001399e-01
4.725752508361204463e+01 0.000000000000000000e+00 1.667198977043021779e+00 2.685274215073097381e-01 1.372536984044222530e-01 4.371891423430458445e-01
4.755852842809365200e+01 0.000000000000000000e+00 1.677817405588326594e+00 2.653410599052365981e-01 1.381277846218970096e-01 4.188425009458758286e-01
4.785953177257525226e+01 0.000000000000000000e+00 1.688435834133631408e+00 2.619431666995018504e-01 1.390018708393717384e-01 4.010090109643538181e-01
4.816053511705685963e+01 0.000000000000000000e+00 1.699054262678936222e+00 2.582815833552343787e-01 1.398759570568464949e-01 3.843293820337855271e-01
4.846153846153846700e+01 0.000000000000000000e+00 1.709672691224241037e+00 2.543081995690018582e-01 1.407500432743212515e-01 3.690394683473275927e-01
4.876254180602006727e+01 0.000000000000000000e+00 1.720291119769545851e+00 2.499877455196689580e-01 1.416241294917960081e-01 3.548406296348964317e-01
4.906354515050167464e+01 0.000000000000000000e+00 1.730909548314850666e+00 2.453047465221902812e-01 1.424982157092707646e-01 3.410108907970531011e-01
4.936454849498328201e+01 0.000000000000000000e+00 1.741527976860155480e+00 2.402676424638031383e-01 1.433723019267454934e-01 3.267412100944141473e-01
4.966555183946488938e+01 0.000000000000000000e+00 1.752146405405460294e+00 2.349096526321708678e-01 1.442463881442202500e-01 3.115458642476164330e-01
4.996655518394648965e+01 0.000000000000000000e+00 1.762764833950765109e+00 2.292865356205074923e-01 1.451204743616950066e-01 2.955506122174540451e-01
5.026755852842809702e+01 0.000000000000000000e+00 1.773383262496069923e+00 2.234718332245406447e-01 1.459945605791697631e-01 2.795208749440318274e-01
5.056856187290970439e+01 0.000000000000000000e+00 1.784001691041374738e+00 2.175504368728654048e-01 1.468686467966444920e-01 2.646116714750071375e-01
5.086956521739130466e+01 0.000000000000000000e+00 1.794620119586679552e+00 2.116113792704830410e-01 1.477427330141192485e-01 2.519455470722600232e-01
5.117056856187291203e+01 0.000000000000000000e+00 1.805238548131984366e+00 2.057406813713796023e-01 1.486168192315940051e-01 2.422027737065541864e-01
5.147157190635451940e+01 0.000000000000000000e+00 1.815856976677289181e+00 2.000149397475361468e-01 1.494909054490687617e-01 2.353987645179329014e-01
5.177257525083612677e+01 0.000000000000000000e+00 1.826475405222593995e+00 1.944961753727328657e-01 1.503649916665434905e-01 2.309233196924850018e-01
5.207357859531772704e+01 0.000000000000000000e+00 1.837093833767898809e+00 1.892283100804893203e-01 1.512390778840182470e-01 2.277823129331802976e-01
5.237458193979933441e+01 0.000000000000000000e+00 1.847712262313203624e+00 1.842354938735352443e-01 1.521131641014930036e-01 2.249022501004259711e-01
5.267558528428094178e+01 0.000000000000000000e+00 1.858330690858508438e+00 1.795223610854283502e-01 1.529872503189677602e-01 2.213754375010260345e-01
5.297658862876254204e+01 0.000000000000000000e+00 1.868949119403813031e+00 1.750761306135622253e-01 1.538613365364424890e-01 2.165996065289590711e-01
5.327759197324414941e+01 0.000000000000000000e+00 1.879567547949117845e+00 1.708702811738347371e-01 1.547354227539172455e-01 2.103254786885968008e-01
5.357859531772575679e+01 0.000000000000000000e+00 1.890185976494422659e+00 1.668693424256115221e-01 1.556095089713920021e-01 2.026355989057628260e-01
5.387959866220736416e+01 0.000000000000000000e+00 1.900804405039727474e+00 1.630341818585674396e-01 1.564835951888667587e-01 1.938667718888040792e-01
5.418060200668896442e+01 0.000000000000000000e+00 1.911422833585032288e+00 1.593270808412083350e-01 1.573576814063414875e-01 1.844944599228187654e-01
5.448160535117057179e+01 0.000000000000000000e+00 1.922041262130337103e+00 1.557159210988494358e-01 1.582317676238162441e-01 1.750162947257329904e-01
5.478260869565217916e+01 0.000000000000000000e+00 1.932659690675641917e+00 1.521769619003070784e-01 1.591058538412910006e-01 1.658716198268263553e-01
5.508361204013378654e+01 0.000000000000000000e+00 1.943278119220946731e+00 1.486959593387236767e-01 1.599799400587657572e-01 1.574054731326541001e-01
5.538461538461538680e+01 0.000000000000000000e+00 1.953896547766251546e+00 1.452677060931997499e-01 1.608540262762404860e-01 1.498557792861308913e-01
5.568561872909699417e+01 0.000000000000000000e+00 1.964514976311556360e+00 1.418943725389571198e-01 1.617281124937152426e-01 1.433397342796297602e-01
5.598662207357860154e+01 0.000000000000000000e+00 1.975133404856861175e+00 1.385832276766978122e-01 1.626021987111899991e-01 1.378362530052829049e-01
5.628762541806020181e+01 0.000000000000000000e+00 1.985751833402165989e+00 1.353443580388203893e-01 1.634762849286647557e-01 1.331807225559475949e-01
5.658862876254180918e+01 0.000000000000000000e+00 1.996370261947470803e+00 1.321888783800262979e-01 1.643503711461394845e-01 1.290885211772163921e-01
5.688963210702341655e+01 0.000000000000000000e+00 2.006988690492775618e+00 1.291278839568614223e-01 1.652244573636142411e-01 1.252079572229027327e-01
5.719063545150502392e+01 0.000000000000000000e+00 2.017607119038080210e+00 1.261721108676721881e-01 1.660985435810889976e-01 1.211868353776607010e-01
5.749163879598662419e+01 0.000000000000000000e+00 2.028225547583385246e+00 1.233320370307137981e-01 1.669726297985637542e-01 1.167333621756836415e-01
5.779264214046823156e+01 0.000000000000000000e+00 2.038843976128689839e+00 1.206180392072605939e-01 1.678467160160385108e-01 1.116631759140239849e-01
5.809364548494983893e+01 0.000000000000000000e+00 2.049462404673994431e+00 1.180402457617903272e-01 1.687208022335132396e-01 1.059366533534063654e-01
5.839464882943143920e+01 0.000000000000000000e+00 2.060080833219299468e+00 1.156078680273081721e-01 1.695948884509879961e-01 9.968720245511294986e-02
5.869565217391304657e+01 0.000000000000000000e+00 2.070699261764604060e+00 1.133279976190108701e-01 1.704689746684627527e-01 9.322221954528701893e-02
5.899665551839465394e+01 0.000000000000000000e+00 2.081317690309909096e+00 1.112040535112068379e-01 1.713430608859375093e-01 8.696823198311941228e-02
5.929765886287626131e+01 0.000000000000000000e+00 2.091936118855213689e+00 1.092341946659990543e-01 1.722171471034122381e-01 8.135478447813451752e-02
5.959866220735786158e+01 0.000000000000000000e+00 2.102554547400518725e+00 1.074100540755583838e-01 1.730912333208869947e-01 7.667866651893844032e-02
5.989966555183946895e+01 0.000000000000000000e+00 2.113172975945823318e+00 1.057161028271481479e-01 1.739653195383617512e-01 7.301842021013445205e-02
6.020066889632107632e+01 0.000000000000000000e+00 2.123791404491128354e+00 1.041298452261083668e-01 1.748394057558365078e-01 7.024413204079021922e-02
6.050167224080267658e+01 0.000000000000000000e+00 2.134409833036432946e+00 1.026229118005470564e-01 1.757134919733112366e-01 6.810343647197104888e-02
6.080267558528428395e+01 0.000000000000000000e+00 2.145028261581737983e+00 1.011629828268186121e-01 1.765875781907859932e-01 6.631664494511738117e-02
6.110367892976589133e+01 0.000000000000000000e+00 2.155646690127042575e+00 9.971635506103614099e-02 1.774616644082607497e-01 6.462531582482339276e-02
6.140468227424749870e+01 0.000000000000000000e+00 2.166265118672347612e+00 9.825086433224514137e-02 1.783357506257355063e-01 6.279610280867826966e-02
6.170568561872909896e+01 0.000000000000000000e+00 2.176883547217652204e+00 9.673880273335290492e-02 1.792098368432102351e-01 6.062710277439339879e-02
6.200668896321070633e+01 0.000000000000000000e+00 2.187501975762957240e+00 9.515943481790425929e-02 1.800839230606849917e-01 5.799257838647289831e-02
6.230769230769231370e+01 0.000000000000000000e+00 2.198120404308261833e+00 9.350074197392548025e-02 1.809580092781597482e-01 5.490804224049111726e-02
6.260869565217392108e+01 0.000000000000000000e+00 2.208738832853566869e+00 9.176012337355753112e-02 1.818320954956345048e-01 5.155828601685720491e-02
6.290969899665552134e+01 0.000000000000000000e+00 2.219357261398871461e+00 8.994395307033667408e-02 1.827061817131092336e-01 4.824676236379385474e-02
6.321070234113712871e+01 0.000000000000000000e+00 2.229975689944176498e+00 8.806610676759804579e-02 1.835802679305839902e-01 4.528114720554434619e-02
6.351170568561873608e+01 0.000000000000000000e+00 2.240594118489481090e+00 8.614577599357045590e-02 1.844543541480587467e-01 4.285592106899872161e-02
6.381270903010033635e+01 0.000000000000000000e+00 2.251212547034786127e+00 8.420502233586578400e-02 1.853284403655335033e-01 4.099225705347766396e-02
6.411371237458195083e+01 0.000000000000000000e+00 2.261830975580090719e+00 8.226654635784026726e-02 1.862025265830082321e-01 3.955582834606601733e-02
6.441471571906355109e+01 0.000000000000000000e+00 2.272449404125395755e+00 8.035204588198459341e-02 1.870766128004829887e-01 3.832941371987870494e-02
6.471571906354515136e+01 0.000000000000000000e+00 2.283067832670700348e+00 7.848134738636859675e-02 1.879506990179577453e-01 3.709736789475844704e-02
6.501672240802676583e+01 0.000000000000000000e+00 2.293686261216005384e+00 7.667227170345844445e-02 1.888247852354325018e-01 3.570650536727832530e-02
6.531772575250836610e+01 0.000000000000000000e+00 2.304304689761309977e+00 7.494100623551806784e-02 1.896988714529072306e-01 3.408899591069591145e-02
6.561872909698996637e+01 0.000000000000000000e+00 2.314923118306615013e+00 7.330264824480051122e-02 1.905729576703819872e-01 3.225219868396399930e-02
6.591973244147158084e+01 0.000000000000000000e+00 2.325541546851919605e+00 7.177157415883175795e-02 1.914470438878567438e-01 3.024992698435572183e-02
6.622073578595318111e+01 0.000000000000000000e+00 2.336159975397224642e+00 7.036136480301172225e-02 1.923211301053315003e-01 2.814993478297085280e-02
6.652173913043478137e+01 0.000000000000000000e+00 2.346778403942529234e+00 6.908414477749488802e-02 1.931952163228062291e-01 2.600935605325287170e-02
6.682274247491639585e+01 0.000000000000000000e+00 2.357396832487834271e+00 6.794934245336244072e-02 1.940693025402809857e-01 2.386773062142097390e-02
6.712374581939799612e+01 0.000000000000000000e+00 2.368015261033138863e+00 6.696202031362430418e-02 1.949433887577557423e-01 2.176287457938749087e-02
6.742474916387959638e+01 0.000000000000000000e+00 2.378633689578443455e+00 6.612104835589331653e-02 1.958174749752304988e-01 1.976178876188328798e-02
6.772575250836121086e+01 0.000000000000000000e+00 2.389252118123748492e+00 6.541748451900820938e-02 1.966915611927052554e-01 1.798081400263399146e-02
6.802675585284281112e+01 0.000000000000000000e+00 2.399870546669053084e+00 6.483357094663780296e-02 1.975656474101799842e-01 1.656458309920444058e-02
6.832775919732442560e+01 0.000000000000000000e+00 2.410488975214358121e+00 6.434273398368740848e-02 1.984397336276547408e-01 1.561731109779763808e-02
6.862876254180602587e+01 0.000000000000000000e+00 2.421107403759662713e+00 6.391087139521699212e-02 1.993138198451294973e-01 1.512173690795897384e-02
6.892976588628762613e+01 0.000000000000000000e+00 2.431725832304967749e+00 6.349901799383926571e-02 2.001879060626042539e-01 1.490503725872702884e-02
6.923076923076924061e+01 0.000000000000000000e+00 2.442344260850272342e+00 6.306722018113808392e-02 2.010619922800789827e-01 1.468941314870598341e-02
6.953177257525084087e+01 0.000000000000000000e+00 2.452962689395577378e+00 6.257916736938951008e-02 2.019360784975537393e-01 1.420870500296123051e-02
6.983277591973244114e+01 0.000000000000000000e+00 2.463581117940881970e+00 6.200688960456350596e-02 2.028101647150284959e-01 1.332531387632089788e-02
7.013377926421405562e+01 0.000000000000000000e+00 2.474199546486187007e+00 6.133470391814887374e-02 2.036842509325032524e-01 1.208157567213978198e-02
7.043478260869565588e+01 0.000000000000000000e+00 2.484817975031491599e+00 6.056162648680601251e-02 2.045583371499779812e-01 1.066433883764200501e-02
7.073578595317725615e+01 0.000000000000000000e+00 2.495436403576796636e+00 5.970167748842961086e-02 2.054324233674527378e-01 9.313478798201699216e-03
7.103678929765887062e+01 0.000000000000000000e+00 2.506054832122101228e+00 5.878186127687086426e-02 2.063065095849274944e-01 8.227364255072590685e-03
7.133779264214047089e+01 0.000000000000000000e+00 2.516673260667406264e+00 5.783803794772778700e-02 2.071805958024022509e-01 7.503962706193611706e-03
7.163879598662208537e+01 0.000000000000000000e+00 2.527291689212710857e+00 5.690932163667802857e-02 2.080546820198769797e-01 7.127105350106418581e-03
7.193979933110368563e+01 0.000000000000000000e+00 2.537910117758015893e+00 5.603195213379385392e-02 2.089287682373517363e-01 6.988218360275632278e-03
7.224080267558528590e+01 0.000000000000000000e+00 2.548528546303320486e+00 5.523371639106584852e-02 2.098028544548264929e-01 6.930611937657886815e-03
7.254180602006690037e+01 0.000000000000000000e+00 2.559146974848625522e+00 5.452991048982373801e-02 2.106769406723012494e-01 6.804948203809288790e-03
7.284280936454850064e+01 0.000000000000000000e+00 2.569765403393930114e+00 5.392154330299391701e-02 2.115510268897759782e-01 6.520698505516014584e-03
7.314381270903010090e+01 0.000000000000000000e+00 2.580383831939235151e+00 5.339604869091811590e-02 2.124251131072507348e-01 6.073436878245719837e-03
7.344481605351171538e+01 0.000000000000000000e+00 2.591002260484539743e+00 5.293028512899885379e-02 2.132991993247254914e-01 5.533776852131029600e-03
7.374581939799331565e+01 0.000000000000000000e+00 2.601620689029844780e+00 5.249516479650247203e-02 2.141732855422002479e-01 5.003456757285807723e-03
7.404682274247491591e+01 0.000000000000000000e+00 2.612239117575149372e+00 5.206096235984924991e-02 2.150473717596749768e-01 4.564160052448239593e-03
7.434782608695653039e+01 0.000000000000000000e+00 2.622857546120454408e+00 5.160226841483315369e-02 2.159214579771497333e-01 4.247837862322382738e-03
7.464882943143813065e+01 0.000000000000000000e+00 2.633475974665759001e+00 5.110168786664028712e-02 2.167955441946244899e-01 4.040212484761423334e-03
7.494983277591973092e+01 0.000000000000000000e+00 2.644094403211064037e+00 5.055170234520085099e-02 2.176696304120992465e-01 3.906025487436807966e-03
7.525083612040134540e+01 0.000000000000000000e+00 2.654712831756368629e+00 4.995453875114845566e-02 2.185437166295739753e-01 3.813571133205161719e-03
7.555183946488294566e+01 0.000000000000000000e+00 2.665331260301673666e+00 4.932031137303312385e-02 2.194178028470487318e-01 3.743170965425401606e-03
7.585284280936456014e+01 0.000000000000000000e+00 2.675949688846978258e+00 4.866403405514642400e-02 2.202918890645234884e-01 3.680458497014364293e-03
7.615384615384616041e+01 0.000000000000000000e+00 2.686568117392283295e+00 4.800226097098407585e-02 2.211659752819982450e-01 3.606595726927204395e-03
7.645484949832776067e+01 0.000000000000000000e+00 2.697186545937587887e+00 4.735008423480088768e-02 2.220400614994729738e-01 3.496618003567804854e-03
7.675585284280937515e+01 0.000000000000000000e+00 2.707804974482892924e+00 4.671901862035909153e-02 2.229141477169477303e-01 3.327556860226902041e-03
7.705685618729097541e+01 0.000000000000000000e+00 2.718423403028197516e+00 4.611600448219586174e-02 2.237882339344224869e-01 3.089153916245587078e-03
7.735785953177257568e+01 0.000000000000000000e+00 2.729041831573502108e+00 4.554344813359192251e-02 2.246623201518972435e-01 2.788698918912795293e-03
7.765886287625419016e+01 0.000000000000000000e+00 2.739660260118807145e+00 4.499997988720862846e-02 2.255364063693720000e-01 2.447338014541507178e-03
7.795986622073579042e+01 0.000000000000000000e+00 2.750278688664111737e+00 4.448150218879768497e-02 2.264104925868467288e-01 2.092015010432791370e-03
7.826086956521739069e+01 0.000000000000000000e+00 2.760897117209416773e+00 4.398213937804273943e-02 2.272845788043214854e-01 1.749235035685643052e-03
7.856187290969900516e+01 0.000000000000000000e+00 2.771515545754721366e+00 4.349485615407953226e-02 2.281586650217962420e-01 1.443358114633851511e-03
7.886287625418060543e+01 0.000000000000000000e+00 2.782133974300026402e+00 4.301171814199227644e-02 2.290327512392709985e-01 1.197302204458206574e-03
7.916387959866221991e+01 0.000000000000000000e+00 2.792752402845330995e+00 4.252394610639206873e-02 2.299068374567457274e-01 1.032017389609148419e-03
7.946488294314382017e+01 0.000000000000000000e+00 2.803370831390636031e+00 4.202199963727908105e-02 2.307809236742204839e-01 9.637130873328827270e-04
7.976588628762542044e+01 0.000000000000000000e+00 2.813989259935940623e+00 4.149588671683866054e-02 2.316550098916952405e-01 1.001151621328059136e-03
8.006688963210703491e+01 0.000000000000000000e+00 2.824607688481245660e+00 4.093574955914735386e-02 2.325290961091699971e-01 1.145385770885977731e-03
8.036789297658863518e+01 0.000000000000000000e+00 2.835226117026550252e+00 4.033258373032969080e-02 2.334031823266447259e-01 1.390929881101009378e-03
8.066889632107023544e+01 0.000000000000000000e+00 2.845844545571855289e+00 3.967878848223306554e-02 2.342772685441194824e-01 1.724748193544719654e-03
8.096989966555184992e+01 0.000000000000000000e+00 2.856462974117159881e+00 3.896819701933611213e-02 2.351513547615942390e-01 2.121876729325727819e-03
8.127090301003345019e+01 0.000000000000000000e+00 2.867081402662464917e+00 3.819533733097798395e-02 2.360254409790689956e-01 2.542671898616057254e-03
8.157190635451505045e+01 0.000000000000000000e+00 2.877699831207769510e+00 3.735391604341842947e-02 2.368995271965437244e-01 2.939440531801877903e-03
8.187290969899666493e+01 0.000000000000000000e+00 2.888318259753074546e+00 3.643483424570424789e-02 2.377736134140184809e-01 3.273735661092584594e-03
8.217391304347826519e+01 0.000000000000000000e+00 2.898936688298379138e+00 3.542433289397649288e-02 2.386476996314932375e-01 3.533631354103979830e-03
8.247491638795986546e+01 0.000000000000000000e+00 2.909555116843684175e+00 3.430301722493606792e-02 2.395217858489679941e-01 3.735018717523991283e-03
8.277591973244147994e+01 0.000000000000000000e+00 2.920173545388988767e+00 3.304644529097865158e-02 2.403958720664427229e-01 3.900956561726595054e-03
8.307692307692308020e+01 0.000000000000000000e+00 2.930791973934293804e+00 3.162766581154660694e-02 2.412699582839174794e-01 4.032115730004965509e-03
8.337792642140469468e+01 0.000000000000000000e+00 2.941410402479598396e+00 3.002160943750832936e-02 2.421440445013922360e-01 4.091984989935073917e-03
8.367892976588629494e+01 0.000000000000000000e+00 2.952028831024903432e+00 2.821069510453188406e-02 2.430181307188669926e-01 4.021224763330288193e-03
8.397993311036789521e+01 0.000000000000000000e+00 2.962647259570208025e+00 2.619056401751938476e-02 2.438922169363417214e-01 3.773284664387728006e-03
8.428093645484950969e+01 0.000000000000000000e+00 2.973265688115513061e+00 2.397464190199036574e-02 2.447663031538164780e-01 3.347374004597781973e-03
8.458193979933110995e+01 0.000000000000000000e+00 2.983884116660817654e+00 2.159634202437079806e-02 2.456403893712912345e-01 2.797955259737058657e-03
8.488294314381271022e+01 0.000000000000000000e+00 2.994502545206122690e+00 1.910815387633849061e-02 2.465144755887659911e-01 2.217298346240326266e-03
8.518394648829432469e+01 0.000000000000000000e+00 3.005120973751427282e+00 1.657751676041744823e-02 2.473885618062407199e-01 1.703620967991810497e-03
8.548494983277592496e+01 0.000000000000000000e+00 3.015739402296732319e+00 1.408008543494468356e-02 2.482626480237154765e-01 1.331144308261726942e-03
8.578595317725752523e+01 0.000000000000000000e+00 3.026357830842036911e+00 1.169156818484392256e-02 2.491367342411902330e-01 1.131887563005326862e-03
8.608695652173913970e+01 0.000000000000000000e+00 3.036976259387341948e+00 9.479605879260335002e-03 2.500108204586650174e-01 1.091140977610530497e-03
8.638795986622073997e+01 0.000000000000000000e+00 3.047594687932646540e+00 7.497097268221045510e-03 2.508849066761397184e-01 1.155056734130491215e-03
8.668896321070235444e+01 0.000000000000000000e+00 3.058213116477951576e+00 5.777995873694525761e-03 2.517589928936144750e-01 1.248317452246590527e-03
8.698996655518395471e+01 0.000000000000000000e+00 3.068831545023256169e+00 4.336027482542555503e-03 2.526330791110892315e-01 1.298191285205727713e-03
8.729096989966555498e+01 0.000000000000000000e+00 3.079449973568560761e+00 3.166167083819091971e-03 2.535071653285639881e-01 1.257615886810898708e-03
8.759197324414716945e+01 0.000000000000000000e+00 3.090068402113865798e+00 2.248222722135545179e-03 2.543812515460387447e-01 1.118019546954893530e-03
8.789297658862876972e+01 0.000000000000000000e+00 3.100686830659170390e+00 1.551600465761538697e-03 2.552553377635135012e-01 9.062214785553095522e-04
8.819397993311036998e+01 0.000000000000000000e+00 3.111305259204475426e+00 1.040295062721042878e-03 2.561294239809882578e-01 6.679014262548909090e-04
8.849498327759198446e+01 0.000000000000000000e+00 3.121923687749780019e+00 6.773225534406465600e-04 2.570035101984629589e-01 4.470730001265338545e-04
8.879598662207358473e+01 0.000000000000000000e+00 3.132542116295085055e+00 4.280995626799583269e-04 2.578775964159377154e-01 2.716543902297114711e-04
8.909698996655518499e+01 0.000000000000000000e+00 3.143160544840389647e+00 2.625854212906967937e-04 2.587516826334124720e-01 1.498077010423306155e-04
8.939799331103679947e+01 0.000000000000000000e+00 3.153778973385694684e+00 1.562626353280416704e-04 2.596257688508872286e-01 7.497046098614824309e-05
8.969899665551839973e+01 0.000000000000000000e+00 3.164397401930999276e+00 9.019741241462521375e-05 2.604998550683619851e-01 3.404607927177752955e-05
9.000000000000000000e+01 0.000000000000000000e+00 3.175015830476304313e+00 5.048876995962419735e-05 2.613739412858367417e-01 1.402998113020581575e-05
