0.000000000000000000e+00 0.000000000000000000e+00 1.385509919351469943e+00 1.814369028584802804e-06 1.384482229972717970e+00 3.385303454389705084e-06
3.010033444816053727e-01 0.000000000000000000e+00 1.389944001306074650e+00 4.264934850887254756e-06 1.386907131380238134e+00 7.988973658694585681e-06
6.020066889632107454e-01 0.000000000000000000e+00 1.394378083260679579e+00 9.163109928686108548e-06 1.389332032787758298e+00 1.730897758016500560e-05
9.030100334448161181e-01 0.000000000000000000e+00 1.398812165215284287e+00 1.799357638814428728e-05 1.391756934195278461e+00 3.446648286180092961e-05
1.204013377926421491e+00 0.000000000000000000e+00 1.403246247169889216e+00 3.229514892518108770e-05 1.394181835602798625e+00 6.316211087114431298e-05
1.505016722408026864e+00 0.000000000000000000e+00 1.407680329124493923e+00 5.297921156269279531e-05 1.396606737010318788e+00 1.067077861952226732e-04
1.806020066889632236e+00 0.000000000000000000e+00 1.412114411079098852e+00 7.943855578077569800e-05 1.399031638417838952e+00 1.665491699021264330e-04
2.107023411371237387e+00 0.000000000000000000e+00 1.416548493033703560e+00 1.088783787452057269e-04 1.401456539825359116e+00 2.407829685507139282e-04
2.408026755852842982e+00 0.000000000000000000e+00 1.420982574988308489e+00 1.364313451008851874e-04 1.403881441232879279e+00 3.234434908253210061e-04
2.709030100334448576e+00 0.000000000000000000e+00 1.425416656942913196e+00 1.563775940323841520e-04 1.406306342640399665e+00 4.051926754110813040e-04
3.010033444816053727e+00 0.000000000000000000e+00 1.429850738897518125e+00 1.642013976300677836e-04 1.408731244047919828e+00 4.754688639314477521e-04
3.311036789297658878e+00 0.000000000000000000e+00 1.434284820852122833e+00 1.586375346214707568e-04 1.411156145455439992e+00 5.254373563411972358e-04
3.612040133779264472e+00 0.000000000000000000e+00 1.438718902806727540e+00 1.427518250603138409e-04 1.413581046862960156e+00 5.506540827243473681e-04
3.913043478260870067e+00 0.000000000000000000e+00 1.443152984761332469e+00 1.235980781448749481e-04 1.416005948270480319e+00 5.524044761683155440e-04
4.214046822742474774e+00 0.000000000000000000e+00 1.447587066715937176e+00 1.107225934672416597e-04 1.418430849678000483e+00 5.371364809946387736e-04
4.515050167224080369e+00 0.000000000000000000e+00 1.452021148670542106e+00 1.141717313475253207e-04 1.420855751085520646e+00 5.141050010517941209e-04
4.816053511705685963e+00 0.000000000000000000e+00 1.456455230625146813e+00 1.424793418018451441e-04 1.423280652493040810e+00 4.921243702874592571e-04
5.117056856187291558e+00 0.000000000000000000e+00 1.460889312579751742e+00 2.007393365670027735e-04 1.425705553900560973e+00 4.768836458348275063e-04
5.418060200668897153e+00 0.000000000000000000e+00 1.465323394534356449e+00 2.888827405166037284e-04 1.428130455308081137e+00 4.701618118282580743e-04
5.719063545150501859e+00 0.000000000000000000e+00 1.469757476488961379e+00 4.008101431862762915e-04 1.430555356715601301e+00 4.713073327940006554e-04
6.020066889632107454e+00 0.000000000000000000e+00 1.474191558443566086e+00 5.255079973408026449e-04 1.432980258123121464e+00 4.800621183506365952e-04
6.321070234113713049e+00 0.000000000000000000e+00 1.478625640398171015e+00 6.509113318235440135e-04 1.435405159530641628e+00 4.991950435504316193e-04
6.622073578595317755e+00 0.000000000000000000e+00 1.483059722352775722e+00 7.699069166471826349e-04 1.437830060938161791e+00 5.359224754477282622e-04
6.923076923076923350e+00 0.000000000000000000e+00 1.487493804307380429e+00 8.863436592703727171e-04 1.440254962345681955e+00 6.021051369672592805e-04
7.224080267558528945e+00 0.000000000000000000e+00 1.491927886261985359e+00 1.018484150170405464e-03 1.442679863753202119e+00 7.136690713442076688e-04
7.525083612040134540e+00 0.000000000000000000e+00 1.496361968216590066e+00 1.198541092255176171e-03 1.445104765160722504e+00 8.893532579375657910e-04
7.826086956521740134e+00 0.000000000000000000e+00 1.500796050171194995e+00 1.469055503574960521e-03 1.447529666568242668e+00 1.148564794752428720e-03
8.127090301003345729e+00 0.000000000000000000e+00 1.505230132125799702e+00 1.878414581756539118e-03 1.449954567975762831e+00 1.508585967926469665e-03
8.428093645484949548e+00 0.000000000000000000e+00 1.509664214080404632e+00 2.477759466719709706e-03 1.452379469383282995e+00 1.982159027960724278e-03
8.729096989966555142e+00 0.000000000000000000e+00 1.514098296035009339e+00 3.320089427282065225e-03 1.454804370790803159e+00 2.576343957367000382e-03
9.030100334448160737e+00 0.000000000000000000e+00 1.518532377989614268e+00 4.460611834923720181e-03 1.457229272198323322e+00 3.292256105360759962e-03
9.331103678929766332e+00 0.000000000000000000e+00 1.522966459944218975e+00 5.956284448450432228e-03 1.459654173605843486e+00 4.124358082527294737e-03
9.632107023411371927e+00 0.000000000000000000e+00 1.527400541898823683e+00 7.862232718961685574e-03 1.462079075013363649e+00 5.059051361963193966e-03
9.933110367892977521e+00 0.000000000000000000e+00 1.531834623853428612e+00 1.022308968475224740e-02 1.464503976420883813e+00 6.074723569749266618e-03
1.023411371237458312e+01 0.000000000000000000e+00 1.536268705808033319e+00 1.305867426480023311e-02 1.466928877828403976e+00 7.146102181408593539e-03
1.053511705685618871e+01 0.000000000000000000e+00 1.540702787762638248e+00 1.634680495928135177e-02 1.469353779235924140e+00 8.252524893127499706e-03
1.083612040133779431e+01 0.000000000000000000e+00 1.545136869717242956e+00 2.001131253293403356e-02 1.471778680643444304e+00 9.384590012376708978e-03
1.113712374581939812e+01 0.000000000000000000e+00 1.549570951671847885e+00 2.392718060361839413e-02 1.474203582050964467e+00 1.054215034527718198e-02
1.143812709030100372e+01 0.000000000000000000e+00 1.554005033626452592e+00 2.795170907256098319e-02 1.476628483458484631e+00 1.172245685835235536e-02
1.173913043478260931e+01 0.000000000000000000e+00 1.558439115581057521e+00 3.197793189912877254e-02 1.479053384866004794e+00 1.290719624755282818e-02
1.204013377926421491e+01 0.000000000000000000e+00 1.562873197535662229e+00 3.598945443836724239e-02 1.481478286273524958e+00 1.406229699373043492e-02
1.234113712374582050e+01 0.000000000000000000e+00 1.567307279490267158e+00 4.008683826519657961e-02 1.483903187681045122e+00 1.515812162430271899e-02
1.264214046822742610e+01 0.000000000000000000e+00 1.571741361444871865e+00 4.446554693719613482e-02 1.486328089088565507e+00 1.620308959980908819e-02
1.294314381270903169e+01 0.000000000000000000e+00 1.576175443399476794e+00 4.935275991391575856e-02 1.488752990496085671e+00 1.727212583059098763e-02
1.324414715719063551e+01 0.000000000000000000e+00 1.580609525354081502e+00 5.493830264429560434e-02 1.491177891903605834e+00 1.851211780720513067e-02
1.354515050167224111e+01 0.000000000000000000e+00 1.585043607308686209e+00 6.134206500853062183e-02 1.493602793311125998e+00 2.011896757028058813e-02
1.384615384615384670e+01 0.000000000000000000e+00 1.589477689263291138e+00 6.863802596531103084e-02 1.496027694718646162e+00 2.229510128120454696e-02
1.414715719063545230e+01 9.881312916824930884e-324 1.593911771217895845e+00 7.691736697624604324e-02 1.498452596126166325e+00 2.520320482031348369e-02
1.444816053511705789e+01 1.349858489891286698e-317 1.598345853172500775e+00 8.634762712260922457e-02 1.500877497533686489e+00 2.893001622885527091e-02
1.474916387959866348e+01 1.138403796938250609e-311 1.602779935127105482e+00 9.719010746180113680e-02 1.503302398941206652e+00 3.346813004555027754e-02
1.505016722408026908e+01 8.421510155052102561e-306 1.607214017081710411e+00 1.097674998680606973e-01 1.505727300348726816e+00 3.871869817586396506e-02
1.535117056856187467e+01 5.464745362687359022e-300 1.611648099036315118e+00 1.244024177383206142e-01 1.508152201756246980e+00 4.451442313657020394e-02
1.565217391304348027e+01 3.110548890475668544e-294 1.616082180990920047e+00 1.413534246163458408e-01 1.510577103163767143e+00 5.065888830164778228e-02
1.595317725752508409e+01 1.553074015086397009e-288 1.620516262945524755e+00 1.607597748815446925e-01 1.513002004571287307e+00 5.697469978064353263e-02
1.625418060200669146e+01 6.801993380354365310e-283 1.624950344900129462e+00 1.825911647067791077e-01 1.515426905978807470e+00 6.335030913648552475e-02
1.655518394648829528e+01 2.613184872604611413e-277 1.629384426854734391e+00 2.066036734078511294e-01 1.517851807386327634e+00 6.977464725190193895e-02
1.685618729096989910e+01 8.806329581770661024e-272 1.633818508809339098e+00 2.323240806637675571e-01 1.520276708793847797e+00 7.634990180925514680e-02
1.715719063545150647e+01 2.603224583265449704e-266 1.638252590763944028e+00 2.590976692274917226e-01 1.522701610201368183e+00 8.327652924693439151e-02
1.745819397993311028e+01 6.750272695250545321e-261 1.642686672718548735e+00 2.862186819626956202e-01 1.525126511608888347e+00 9.081201769043478755e-02
1.775919732441471766e+01 1.535412602617441957e-255 1.647120754673153664e+00 3.131218632196778873e-01 1.527551413016408510e+00 9.921462421398845322e-02
1.806020066889632147e+01 3.063544251801971827e-250 1.651554836627758371e+00 3.395741124587352000e-01 1.529976314423928674e+00 1.086897191448666922e-01
1.836120401337792885e+01 5.361912341313838160e-245 1.655988918582363301e+00 3.657925723522555406e-01 1.532401215831448837e+00 1.193538761393428543e-01
1.866220735785953266e+01 8.232145333678448966e-240 1.660423000536968008e+00 3.924353395096688013e-01 1.534826117238969001e+00 1.312214246662883610e-01
1.896321070234114003e+01 1.108678032918617963e-234 1.664857082491572715e+00 4.204513801891613944e-01 1.537251018646489165e+00 1.442077288597122253e-01
1.926421404682274385e+01 1.309779934421615248e-229 1.669291164446177644e+00 4.508215376868334179e-01 1.539675920054009328e+00 1.581402911756173701e-01
1.956521739130434767e+01 1.357354040600002565e-224 1.673725246400782574e+00 4.842624859991856434e-01 1.542100821461529492e+00 1.727734019855607372e-01
1.986622073578595504e+01 1.233932391350368359e-219 1.678159328355387281e+00 5.209914696311308546e-01 1.544525722869049655e+00 1.878100541071616725e-01
2.016722408026755886e+01 9.839988023452354898e-215 1.682593410309991988e+00 5.606476097331908326e-01 1.546950624276569819e+00 2.029414337857692874e-01
2.046822742474916623e+01 6.883421793173406621e-210 1.687027492264596917e+00 6.024202949513419725e-01 1.549375525684089983e+00 2.179138177272799126e-01
2.076923076923077005e+01 4.223986262282538096e-205 1.691461574219201625e+00 6.453488580688755416e-01 1.551800427091610146e+00 2.326179003428253123e-01
2.107023411371237742e+01 2.273791701579392139e-200 1.695895656173806554e+00 6.886656000103438258e-01 1.554225328499130310e+00 2.471666883372790335e-01
2.137123745819398124e+01 1.073719296173899136e-195 1.700329738128411261e+00 7.320145851548489624e-01 1.556650229906650473e+00 2.619047951049619516e-01
2.167224080267558861e+01 4.447793841660310669e-191 1.704763820083015968e+00 7.754338270339474759e-01 1.559075131314170637e+00 2.773057117101098701e-01
2.197324414715719243e+01 1.616271581048610872e-186 1.709197902037620898e+00 8.191241325743628954e-01 1.561500032721690800e+00 2.937752303884906269e-01
2.227424749163879625e+01 5.152308823325142167e-182 1.713631983992225827e+00 8.631671629058474959e-01 1.563924934129210964e+00 3.114532053330996697e-01
2.257525083612040362e+01 1.440819059362238768e-177 1.718066065946830534e+00 9.074011571340503401e-01 1.566349835536731128e+00 3.301298279569002125e-01
2.287625418060200744e+01 3.534591624594321566e-173 1.722500147901435241e+00 9.515655339211041008e-01 1.568774736944251513e+00 3.493341453447008083e-01
2.317725752508361481e+01 7.606652960190635132e-169 1.726934229856040171e+00 9.956311835586882930e-01 1.571199638351771677e+00 3.685478409228703511e-01
2.347826086956521863e+01 1.436067750814464235e-164 1.731368311810644878e+00 1.040070857050914510e+00 1.573624539759291840e+00 3.874254789216883821e-01
2.377926421404682600e+01 2.378404539510291402e-160 1.735802393765249807e+00 1.085824107131728944e+00 1.576049441166812004e+00 4.059156962769049359e-01
2.408026755852842982e+01 3.455640740205908297e-156 1.740236475719854514e+00 1.133901029934635929e+00 1.578474342574332168e+00 4.242560274955846644e-01
2.438127090301003363e+01 4.404597260398322506e-152 1.744670557674459443e+00 1.184830497183620102e+00 1.580899243981852331e+00 4.428880716195566780e-01
2.468227424749164101e+01 4.925171705381763016e-148 1.749104639629064151e+00 1.238300972104436681e+00 1.583324145389372495e+00 4.623574942077766092e-01
2.498327759197324482e+01 4.831444523709712321e-144 1.753538721583669080e+00 1.293246795880191868e+00 1.585749046796892658e+00 4.832315274232877322e-01
2.528428093645485220e+01 4.157919447236449869e-140 1.757972803538273787e+00 1.348353131826216522e+00 1.588173948204412822e+00 5.060313423429949609e-01
2.558528428093645601e+01 3.139219688887211390e-136 1.762406885492878494e+00 1.402680406324698925e+00 1.590598849611932986e+00 5.311714118357234726e-01
2.588628762541806339e+01 2.079299906237956582e-132 1.766840967447483424e+00 1.456033426635405803e+00 1.593023751019453149e+00 5.589152564030386294e-01
2.618729096989966720e+01 1.208274695105192948e-128 1.771275049402088353e+00 1.508871024912124659e+00 1.595448652426973313e+00 5.893674111955505834e-01
2.648829431438127102e+01 6.159859400693351583e-125 1.775709131356693060e+00 1.561848028550111733e+00 1.597873553834493476e+00 6.225101948929533391e-01
2.678929765886287839e+01 2.755091720200029757e-121 1.780143213311297767e+00 1.615302255715496571e+00 1.600298455242013640e+00 6.582713342441629534e-01
2.709030100334448221e+01 1.081098231132816409e-117 1.784577295265902697e+00 1.669007853803249342e+00 1.602723356649534026e+00 6.965916377937623194e-01
2.739130434782608958e+01 3.721875984520498054e-114 1.789011377220507404e+00 1.722327769926437435e+00 1.605148258057054189e+00 7.374576433241063489e-01
2.769230769230769340e+01 1.124165423815383598e-110 1.793445459175112333e+00 1.774652657737503469e+00 1.607573159464574353e+00 7.808744155709490542e-01
2.799331103678930077e+01 2.979025345393438449e-107 1.797879541129717040e+00 1.825861361411011519e+00 1.609998060872094516e+00 8.267830736074450737e-01
2.829431438127090459e+01 6.926247658166847625e-104 1.802313623084321748e+00 1.876539095486390085e+00 1.612422962279614680e+00 8.749710715032765762e-01
2.859531772575251196e+01 1.412882360231321844e-100 1.806747705038926677e+00 1.927807141453764528e+00 1.614847863687134844e+00 9.250494274825601382e-01
2.889632107023411578e+01 2.528730903692018642e-97 1.811181786993531606e+00 1.980785843681920344e+00 1.617272765094655007e+00 9.765401144036229830e-01
2.919732441471571960e+01 3.970931980729558212e-94 1.815615868948136313e+00 2.035881147496378940e+00 1.619697666502175171e+00 1.029030585139674159e+00
2.949832775919732697e+01 5.471170223028331860e-91 1.820049950902741021e+00 2.092205597956117824e+00 1.622122567909695334e+00 1.082278760562936482e+00
2.979933110367893079e+01 6.614100957205700631e-88 1.824484032857345950e+00 2.147449246541275780e+00 1.624547469317215498e+00 1.136173165114968020e+00
3.010033444816053816e+01 7.015671270378691729e-85 1.828918114811950657e+00 2.198354867071304231e+00 1.626972370724735661e+00 1.190575344630729449e+00
3.040133779264214198e+01 6.529510257950396768e-82 1.833352196766555586e+00 2.241668393029702777e+00 1.629397272132255825e+00 1.245194851230219557e+00
3.070234113712374935e+01 5.332246773550582504e-79 1.837786278721160294e+00 2.275178453659699951e+00 1.631822173539775989e+00 1.299646780653650024e+00
3.100334448160535317e+01 3.820881416743793350e-76 1.842220360675765223e+00 2.298392887511679028e+00 1.634247074947296152e+00 1.353695487492320160e+00
3.130434782608696054e+01 2.402404568937708098e-73 1.846654442630369930e+00 2.312580925626723793e+00 1.636671976354816316e+00 1.407512233275517888e+00
3.160535117056856436e+01 1.325451144916694112e-70 1.851088524584974859e+00 2.320234429673774468e+00 1.639096877762336479e+00 1.461725596530510707e+00
3.190635451505016817e+01 6.416854249447646919e-68 1.855522606539579566e+00 2.324274885023071668e+00 1.641521779169856643e+00 1.517174459042283319e+00
3.220735785953177555e+01 2.726010512317038929e-65 1.859956688494184274e+00 2.327396935160782832e+00 1.643946680577376807e+00 1.574486602160776405e+00
3.250836120401338292e+01 1.016215850421684211e-62 1.864390770448789203e+00 2.331774432335020464e+00 1.646371581984896970e+00 1.633742657601965798e+00
3.280936454849498318e+01 3.324327753441620914e-60 1.868824852403394132e+00 2.339086708343921739e+00 1.648796483392417134e+00 1.694456293315100393e+00
3.311036789297659055e+01 9.543059868164048828e-58 1.873258934357998839e+00 2.350632494254542237e+00 1.651221384799937519e+00 1.755938130858632817e+00
3.341137123745819792e+01 2.404053246839432972e-55 1.877693016312603547e+00 2.367300244746855409e+00 1.653646286207457683e+00 1.817911550324277759e+00
3.371237458193979819e+01 5.314715145727892600e-53 1.882127098267208476e+00 2.389331617631010651e+00 1.656071187614977847e+00 1.881102099159570384e+00
3.401337792642140556e+01 1.031103868484183256e-50 1.886561180221813183e+00 2.416017606929969919e+00 1.658496089022498010e+00 1.947480599502427134e+00
3.431438127090301293e+01 1.755571752571465377e-48 1.890995262176418112e+00 2.445566398813148190e+00 1.660920990430018174e+00 2.019931893798024625e+00
3.461538461538462030e+01 2.623227345165263962e-46 1.895429344131022820e+00 2.475321402970478868e+00 1.663345891837538337e+00 2.101346940889301962e+00
3.491638795986622057e+01 3.440029020249652597e-44 1.899863426085627527e+00 2.502328934186119458e+00 1.665770793245058501e+00 2.193428831080135311e+00
3.521739130434782794e+01 3.959177685837832951e-42 1.904297508040232456e+00 2.524059326396751679e+00 1.668195694652578664e+00 2.295716324549270215e+00
3.551839464882943531e+01 3.999196316090891669e-40 1.908731589994837385e+00 2.538980181442383355e+00 1.670620596060098828e+00 2.405308334697429107e+00
3.581939799331104268e+01 3.545469076957177591e-38 1.913165671949442093e+00 2.546731523075103532e+00 1.673045497467618992e+00 2.517484119870087245e+00
3.612040133779264295e+01 2.758777197520691498e-36 1.917599753904046800e+00 2.547847236136130178e+00 1.675470398875139155e+00 2.626998591341185740e+00
3.642140468227425032e+01 1.884128532861508049e-34 1.922033835858651729e+00 2.543206131622731458e+00 1.677895300282659319e+00 2.729526655034502092e+00
3.672240802675585769e+01 1.129444208032300833e-32 1.926467917813256658e+00 2.533536757678405582e+00 1.680320201690179704e+00 2.822700988835801006e+00
3.702341137123745796e+01 5.942773510592752859e-31 1.930901999767861366e+00 2.519244238409269698e+00 1.682745103097699868e+00 2.906421497973921131e+00
3.732441471571906533e+01 2.744694056461380713e-29 1.935336081722466073e+00 2.500598571591181596e+00 1.685170004505220032e+00 2.982452083288707367e+00
3.762541806020067270e+01 1.112729995831475789e-27 1.939770163677070780e+00 2.478070671086936017e+00 1.687594905912740195e+00 3.053580169313474979e+00
3.792642140468228007e+01 3.959934685490287974e-26 1.944204245631675709e+00 2.452505757930870001e+00 1.690019807320260359e+00 3.122702076656101333e+00
3.822742474916388034e+01 1.237087844657728043e-24 1.948638327586280639e+00 2.424961316731661487e+00 1.692444708727780522e+00 3.192125899652849430e+00
3.852842809364548771e+01 3.392657214409056618e-23 1.953072409540885346e+00 2.396310891223183859e+00 1.694869610135300686e+00 3.263227305729703875e+00
3.882943143812709508e+01 8.168076774040423847e-22 1.957506491495490053e+00 2.366914682548278748e+00 1.697294511542820850e+00 3.336434267806243081e+00
3.913043478260869534e+01 1.726451752487338649e-20 1.961940573450094982e+00 2.336623351371961643e+00 1.699719412950341013e+00 3.411415984281694236e+00
3.943143812709030271e+01 3.203755959543024802e-19 1.966374655404699912e+00 2.305136928093930671e+00 1.702144314357861177e+00 3.487338667006049775e+00
3.973244147157191009e+01 5.219773187563507580e-18 1.970808737359304619e+00 2.272478660666888306e+00 1.704569215765381340e+00 3.563109717684652455e+00
4.003344481605351746e+01 7.467058704796182726e-17 1.975242819313909326e+00 2.239266764813125032e+00 1.706994117172901504e+00 3.637599592429390238e+00
4.033444816053511772e+01 9.379371918129352095e-16 1.979676901268514033e+00 2.206624357163775585e+00 1.709419018580421668e+00 3.709841090641492034e+00
4.063545150501672509e+01 1.034540103461732224e-14 1.984110983223118962e+00 2.175823730747525442e+00 1.711843919987941831e+00 3.779153270985089019e+00
4.093645484949833246e+01 1.002067175026476924e-13 1.988545065177723892e+00 2.147917242569306939e+00 1.714268821395461995e+00 3.845095972480229385e+00
4.123745819397993273e+01 8.524197385293235480e-13 1.992979147132328599e+00 2.123563990237852916e+00 1.716693722802982158e+00 3.907217816992416104e+00
4.153846153846154010e+01 6.368763484403499066e-12 1.997413229086933306e+00 2.103082953005678046e+00 1.719118624210502322e+00 3.964713575549819957e+00
4.183946488294314747e+01 4.179738044252741718e-11 2.001847311041538013e+00 2.086602622938043439e+00 1.721543525618022485e+00 4.016238774846774717e+00
4.214046822742475484e+01 2.409888420971016497e-10 2.006281392996143165e+00 2.074145068384731339e+00 1.723968427025542649e+00 4.060103736894122406e+00
4.244147157190635511e+01 1.220905669147309986e-09 2.010715474950747872e+00 2.065573306787238828e+00 1.726393328433062813e+00 4.094863965175371767e+00
4.274247491638796248e+01 5.436531623973133173e-09 2.015149556905352579e+00 2.060454560207073182e+00 1.728818229840582976e+00 4.120067075121090383e+00
4.304347826086956985e+01 2.128568183559321843e-08 2.019583638859957730e+00 2.057959104243983095e+00 1.731243131248103362e+00 4.136781124401550436e+00
4.334448160535117722e+01 7.332245510920979340e-08 2.024017720814562438e+00 2.056893931927625374e+00 1.733668032655623525e+00 4.147594231174585033e+00
4.364548494983277749e+01 2.224177210472118634e-07 2.028451802769167145e+00 2.055887313832681418e+00 1.736092934063143689e+00 4.155990677422346735e+00
4.394648829431438486e+01 5.949981137586822806e-07 2.032885884723771852e+00 2.053644639788199111e+00 1.738517835470663853e+00 4.165269994172946966e+00
4.424749163879599223e+01 1.406978191106844543e-06 2.037319966678376559e+00 2.049139798242214372e+00 1.740942736878184016e+00 4.177395483397501330e+00
4.454849498327759250e+01 2.952015080256439575e-06 2.041754048632981267e+00 2.041628918477120802e+00 1.743367638285704180e+00 4.192262787303315363e+00
4.484949832775919987e+01 5.528882175761222523e-06 2.046188130587586418e+00 2.030478067853494828e+00 1.745792539693224343e+00 4.207788050586447781e+00
4.515050167224080724e+01 9.332243761002014261e-06 2.050622212542191125e+00 2.014930873226885133e+00 1.748217441100744507e+00 4.220897731528949315e+00
4.545150501672241461e+01 1.440125032521266942e-05 2.055056294496795832e+00 1.994012912108924729e+00 1.750642342508264671e+00 4.229061882502845648e+00
4.575250836120401488e+01 2.072498485922922407e-05 2.059490376451400984e+00 1.966706987295857134e+00 1.753067243915784834e+00 4.231683301589868051e+00
4.605351170568562225e+01 2.848200375862605950e-05 2.063924458406005691e+00 1.932358578569228547e+00 1.755492145323304998e+00 4.230658663510286743e+00
4.635451505016722962e+01 3.823420590252364870e-05 2.068358540360610398e+00 1.891100801391528252e+00 1.757917046730825161e+00 4.229805350535709607e+00
4.665551839464882988e+01 5.090419491424576703e-05 2.072792622315215105e+00 1.844050572498989071e+00 1.760341948138345547e+00 4.233406474286912413e+00
4.695652173913043725e+01 6.759327588809020671e-05 2.077226704269819813e+00 1.793152499354496054e+00 1.762766849545865711e+00 4.244552644442593170e+00
4.725752508361204463e+01 8.949649917543231069e-05 2.081660786224424520e+00 1.740739969772213680e+00 1.765191750953385874e+00 4.264015441687085683e+00
4.755852842809365200e+01 1.180522409368186875e-04 2.086094868179029671e+00 1.689010333575338585e+00 1.767616652360906038e+00 4.290065692233887340e+00
4.785953177257525226e+01 1.551145163831838588e-04 2.090528950133634378e+00 1.639611856782485999e+00 1.770041553768426201e+00 4.319169587589138715e+00
4.816053511705685963e+01 2.028071062111010017e-04 2.094963032088239085e+00 1.593454005314518085e+00 1.772466455175946365e+00 4.347145986358511571e+00
4.846153846153846700e+01 2.630689368712112348e-04 2.099397114042844237e+00 1.550753270916503501e+00 1.774891356583466528e+00 4.370302700282903352e+00
4.876254180602006727e+01 3.373637751910250611e-04 2.103831195997448944e+00 1.511251761648898295e+00 1.777316257990986692e+00 4.386229108480200978e+00
4.906354515050167464e+01 4.269616749296122602e-04 2.108265277952053651e+00 1.474496961611577506e+00 1.779741159398506856e+00 4.394137086901492850e+00
4.936454849498328201e+01 5.335348560003961129e-04 2.112699359906658358e+00 1.440056010092617189e+00 1.782166060806027019e+00 4.394790113321817238e+00
4.966555183946488938e+01 6.592860733374372815e-04 2.117133441861263066e+00 1.407577521149524724e+00 1.784590962213547183e+00 4.390125187383373984e+00
4.996655518394648965e+01 8.061246784074041147e-04 2.121567523815867773e+00 1.376704818400635855e+00 1.787015863621067346e+00 4.382686822645880831e+00
5.026755852842809702e+01 9.742814055210203194e-04 2.126001605770472924e+00 1.346936256078725913e+00 1.789440765028587510e+00 4.374981781163689298e+00
5.056856187290970439e+01 1.161406144029186608e-03 2.130435687725077631e+00 1.317558689410575079e+00 1.791865666436107674e+00 4.368847938234427630e+00
5.086956521739130466e+01 1.363202020547482542e-03 2.134869769679682339e+00 1.287729820944064407e+00 1.794290567843627837e+00 4.364936795558231886e+00
5.117056856187291203e+01 1.576039060248847577e-03 2.139303851634287490e+00 1.256691619037485275e+00 1.796715469251148001e+00 4.362436750753031056e+00
5.147157190635451940e+01 1.800801558725405229e-03 2.143737933588892197e+00 1.224018539138634010e+00 1.799140370658668164e+00 4.359163930623435768e+00
5.177257525083612677e+01 2.045838073299771111e-03 2.148172015543496904e+00 1.189778723310616515e+00 1.801565272066188328e+00 4.352066551950194651e+00
5.207357859531772704e+01 2.326457502162194730e-03 2.152606097498101612e+00 1.154520048188522274e+00 1.803990173473708492e+00 4.338042665021264455e+00
5.237458193979933441e+01 2.659955650340856560e-03 2.157040179452706319e+00 1.119069969741034232e+00 1.806415074881228655e+00 4.314841460259565942e+00
5.267558528428094178e+01 3.058102558283368796e-03 2.161474261407311470e+00 1.084226335835184241e+00 1.808839976288748819e+00 4.281773747217153314e+00
5.297658862876254204e+01 3.521368657223473107e-03 2.165908343361916177e+00 1.050471343910168276e+00 1.811264877696269204e+00 4.239998673204436130e+00
5.327759197324414941e+01 4.039048221866081874e-03 2.170342425316520885e+00 1.017827022822411553e+00 1.813689779103789368e+00 4.192250349441724033e+00
5.357859531772575679e+01 4.596429468473230660e-03 2.174776507271125592e+00 9.858928993667008811e-01 1.816114680511309531e+00 4.142017389981511144e+00
5.387959866220736416e+01 5.185668370550120150e-03 2.179210589225730743e+00 9.540166974812391842e-01 1.818539581918829695e+00 4.092396948982572447e+00
5.418060200668896442e+01 5.813885357526775086e-03 2.183644671180335450e+00 9.215066006962620015e-01 1.820964483326349859e+00 4.045044782918338022e+00
5.448160535117057179e+01 6.502916460622967798e-03 2.188078753134940158e+00 8.878138241388232599e-01 1.823389384733870022e+00 3.999680483479943760e+00
5.478260869565217916e+01 7.280251724871067420e-03 2.192512835089544865e+00 8.526579820351263272e-01 1.825814286141390186e+00 3.954376402941072843e+00
5.508361204013378654e+01 8.166658564654262834e-03 2.196946917044149572e+00 8.160877109038194854e-01 1.828239187548910349e+00 3.906456730749074069e+00
5.538461538461538680e+01 9.168350387664460019e-03 2.201380998998754723e+00 7.784603857497447432e-01 1.830664088956430513e+00 3.853532549019548892e+00
5.568561872909699417e+01 1.027835053896701198e-02 2.205815080953359431e+00 7.403246263226469503e-01 1.833088990363950677e+00 3.794216995633749701e+00
5.598662207357860154e+01 1.148501765836805986e-02 2.210249162907964138e+00 7.022273273648901304e-01 1.835513891771470840e+00 3.728355556780576396e+00
5.628762541806020181e+01 1.278036496926311660e-02 2.214683244862568845e+00 6.645243649708741929e-01 1.837938793178991004e+00 3.656906264758823966e+00
5.658862876254180918e+01 1.416120353110448746e-02 2.219117326817173996e+00 6.272970477781336651e-01 1.840363694586511389e+00 3.581689480136483361e+00
5.688963210702341655e+01 1.562249319923286923e-02 2.223551408771778704e+00 5.904300719888511129e-01 1.842788595994031553e+00 3.505105682683939516e+00
5.719063545150502392e+01 1.714938730141340323e-02 2.227985490726383411e+00 5.538143661822783059e-01 1.845213497401551717e+00 3.429774592036470615e+00
5.749163879598662419e+01 1.871589310626098693e-02 2.232419572680988118e+00 5.175645733773939217e-01 1.847638398809071880e+00 3.358028878889103730e+00
5.779264214046823156e+01 2.029263548431408173e-02 2.236853654635592825e+00 4.821371385772136864e-01 1.850063300216592044e+00 3.291297905794583922e+00
5.809364548494983893e+01 2.185880047436325122e-02 2.241287736590197976e+00 4.482970762927881991e-01 1.852488201624112207e+00 3.229543174014321671e+00
5.839464882943143920e+01 2.340963442399120187e-02 2.245721818544802684e+00 4.169595505605519503e-01 1.854913103031632371e+00 3.170973115611686488e+00
5.869565217391304657e+01 2.495314359072640237e-02 2.250155900499407391e+00 3.889767105643054390e-01 1.857338004439152535e+00 3.112232954244223304e+00
5.899665551839465394e+01 2.649674267153545246e-02 2.254589982454012542e+00 3.649385562683760131e-01 1.859762905846672698e+00 3.049122786406760710e+00
5.929765886287626131e+01 2.803269515716265425e-02 2.259024064408617249e+00 3.450317608366778033e-01 1.862187807254192862e+00 2.977670098565662116e+00
5.959866220735786158e+01 2.953438057615476869e-02 2.263458146363221957e+00 3.289794371095716152e-01 1.864612708661713025e+00 2.895178763121022847e+00
5.989966555183946895e+01 3.096947429337723601e-02 2.267892228317826664e+00 3.160746424425290857e-01 1.867037610069233189e+00 2.800848653047650849e+00
6.020066889632107632e+01 3.232347527607892096e-02 2.272326310272431371e+00 3.053092828050311125e-01 1.869462511476753352e+00 2.695772334737891462e+00
6.050167224080267658e+01 3.361692913108407094e-02 2.276760392227036078e+00 2.955769995009722706e-01 1.871887412884273516e+00 2.582441275090529675e+00
6.080267558528428395e+01 3.490146855397930487e-02 2.281194474181641230e+00 2.858986812986831216e-01 1.874312314291793680e+00 2.464095979424535177e+00
6.110367892976589133e+01 3.623409660843456698e-02 2.285628556136245937e+00 2.756021728638935464e-01 1.876737215699313843e+00 2.344195544060457159e+00
6.140468227424749870e+01 3.764545096269089619e-02 2.290062638090850644e+00 2.644014542109809351e-01 1.879162117106834007e+00 2.226054304119367888e+00
6.170568561872909896e+01 3.912242923279904416e-02 2.294496720045455795e+00 2.523629482390548073e-01 1.881587018514354170e+00 2.112522424369277729e+00
6.200668896321070633e+01 4.061451870331226482e-02 2.298930802000060503e+00 2.397927363532640910e-01 1.884011919921874334e+00 2.005615222314080626e+00
6.230769230769231370e+01 4.205641228871973697e-02 2.303364883954665210e+00 2.270994034854716126e-01 1.886436821329394498e+00 1.906163237492637608e+00
6.260869565217392108e+01 4.339100112421664240e-02 2.307798965909269917e+00 2.146751663533207899e-01 1.888861722736914661e+00 1.813682018057184875e+00
6.290969899665552134e+01 4.458122400039719879e-02 2.312233047863874624e+00 2.028117272636255908e-01 1.891286624144434825e+00 1.726619455988901652e+00
6.321070234113712871e+01 4.560940364643049222e-02 2.316667129818479332e+00 1.916516945298072649e-01 1.893711525551954988e+00 1.642950449685326886e+00
6.351170568561873608e+01 4.646941944018724568e-02 2.321101211773084483e+00 1.811775758697596883e-01 1.896136426959475374e+00 1.560889547393322641e+00
6.381270903010033635e+01 4.715819629989994460e-02 2.325535293727689190e+00 1.712441769345249554e-01 1.898561328366995538e+00 1.479423991183846043e+00
6.411371237458195083e+01 4.767193084243953605e-02 2.329969375682293897e+00 1.616522853851240227e-01 1.900986229774515701e+00 1.398479956879651098e+00
6.441471571906355109e+01 4.801063473377677887e-02 2.334403457636899049e+00 1.522434275122775682e-01 1.903411131182035865e+00 1.318742936919901743e+00
6.471571906354515136e+01 4.818966019752368019e-02 2.338837539591503756e+00 1.429812847050036528e-01 1.905836032589556028e+00 1.241308750909213998e+00
6.501672240802676583e+01 4.824929173342235728e-02 2.343271621546108463e+00 1.339866118087346680e-01 1.908260933997076192e+00 1.167346014787890462e+00
6.531772575250836610e+01 4.825022414885866279e-02 2.347705703500713170e+00 1.255097068965256024e-01 1.910685835404596356e+00 1.097840590745907008e+00
6.561872909698996637e+01 4.825074418691793071e-02 2.352139785455317877e+00 1.178492745075929715e-01 1.913110736812116519e+00 1.033396806345384666e+00
6.591973244147158084e+01 4.827715754373992918e-02 2.356573867409922585e+00 1.112476740086281168e-01 1.915535638219636905e+00 9.740780355942856295e-01
6.622073578595318111e+01 4.830821269192384776e-02 2.361007949364527736e+00 1.058010093354081332e-01 1.917960539627157068e+00 9.193441191931180922e-01
6.652173913043478137e+01 4.828597560816976636e-02 2.365442031319132443e+00 1.014154372389586972e-01 1.920385441034677232e+00 8.681738159097537322e-01
6.682274247491639585e+01 4.814591671273208556e-02 2.369876113273737150e+00 9.782302853743120308e-02 1.922810342442197395e+00 8.193851795824935724e-01
6.712374581939799612e+01 4.784631616533834703e-02 2.374310195228342302e+00 9.464986513923870359e-02 1.925235243849717559e+00 7.720367042305416039e-01
6.742474916387959638e+01 4.738177114899286974e-02 2.378744277182947009e+00 9.151265251697196512e-02 1.927660145257237723e+00 7.257189773887364748e-01
6.772575250836121086e+01 4.677924868135918679e-02 2.383178359137551716e+00 8.811199187148861800e-02 1.930085046664757886e+00 6.805985688750292306e-01
6.802675585284281112e+01 4.608374171074620246e-02 2.387612441092156423e+00 8.429333512353053004e-02 1.932509948072278050e+00 6.372208781043704473e-01
6.832775919732442560e+01 4.534111030982019425e-02 2.392046523046761131e+00 8.006081105701573497e-02 1.934934849479798213e+00 5.962136770232471239e-01
6.862876254180602587e+01 4.458388580252539007e-02 2.396480605001365838e+00 7.554868403618021644e-02 1.937359750887318377e+00 5.580651212359530877e-01
6.892976588628762613e+01 4.382416338715432874e-02 2.400914686955970989e+00 7.096920941974152464e-02 1.939784652294838541e+00 5.230648559489652349e-01
6.923076923076924061e+01 4.305448104638957829e-02 2.405348768910575696e+00 6.655627135359258595e-02 1.942209553702358704e+00 4.913670429015757346e-01
6.953177257525084087e+01 4.225423136171154587e-02 2.409782850865180848e+00 6.251429427912257031e-02 1.944634455109878868e+00 4.630600652777910331e-01
6.983277591973244114e+01 4.139930466614179932e-02 2.414216932819785555e+00 5.897290051944995698e-02 1.947059356517399031e+00 4.381570831245389930e-01
7.013377926421405562e+01 4.047459180694058106e-02 2.418651014774390262e+00 5.594905210537731016e-02 1.949484257924919195e+00 4.165150139993339384e-01
7.043478260869565588e+01 3.948710445522253532e-02 2.423085096728994969e+00 5.332834253734212993e-02 1.951909159332439359e+00 3.977615059631909866e-01
7.073578595317725615e+01 3.847236039312009609e-02 2.427519178683599677e+00 5.088363065350572784e-02 1.954334060739959522e+00 3.813053781859175317e-01
7.103678929765887062e+01 3.748652759299894027e-02 2.431953260638204384e+00 4.834012115474861648e-02 1.956758962147479686e+00 3.664414643519503523e-01
7.133779264214047089e+01 3.658577281886180033e-02 2.436387342592809091e+00 4.547125383812052751e-02 1.959183863554999849e+00 3.524948039216397877e-01
7.163879598662208537e+01 3.580446064222272962e-02 2.440821424547414242e+00 4.218514682899664192e-02 1.961608764962520013e+00 3.389283352318268605e-01
7.193979933110368563e+01 3.514426406968856192e-02 2.445255506502018950e+00 3.855775918883296710e-02 1.964033666370040176e+00 3.253676011738305118e-01
7.224080267558528590e+01 3.457684036086938056e-02 2.449689588456624101e+00 3.479424885252130339e-02 1.966458567777560340e+00 3.115497517831762320e-01
7.254180602006690037e+01 3.405420584797029526e-02 2.454123670411228808e+00 3.113963352399022264e-02 1.968883469185080504e+00 2.972502256815962585e-01
7.284280936454850064e+01 3.352087132878507625e-02 2.458557752365833515e+00 2.778673091240468213e-02 1.971308370592600667e+00 2.822541322874155822e-01
7.314381270903010090e+01 3.292639563129427099e-02 2.462991834320438223e+00 2.482543669877503370e-02 1.973733272000120831e+00 2.664094251909202016e-01
7.344481605351171538e+01 3.223831273311405371e-02 2.467425916275042930e+00 2.224775293479024779e-02 1.976158173407641216e+00 2.497372281984435727e-01
7.374581939799331565e+01 3.145208436146788855e-02 2.471859998229647637e+00 1.999030791690031145e-02 1.978583074815161380e+00 2.325193015286324272e-01
7.404682274247491591e+01 3.059261832868197598e-02 2.476294080184252344e+00 1.798189930459326291e-02 1.981007976222681544e+00 2.152784487522441392e-01
7.434782608695653039e+01 2.970532861939748082e-02 2.480728162138857495e+00 1.617254104539397885e-02 1.983432877630201707e+00 1.986286426261186511e-01
7.464882943143813065e+01 2.884095831060844856e-02 2.485162244093462203e+00 1.454009554392963859e-02 1.985857779037721871e+00 1.830600246115790530e-01
7.494983277591973092e+01 2.804125452915610245e-02 2.489596326048067354e+00 1.308406177586461314e-02 1.988282680445242034e+00 1.687742840005583556e-01
7.525083612040134540e+01 2.733002186546482429e-02 2.494030408002672061e+00 1.181639675534360695e-02 1.990707581852762198e+00 1.556588669730237517e-01
7.555183946488294566e+01 2.670999498346331505e-02 2.498464489957276768e+00 1.075220255559241472e-02 1.993132483260282362e+00 1.434042798500507754e-01
7.585284280936456014e+01 2.616451923962181264e-02 2.502898571911881476e+00 9.898824845274602560e-03 1.995557384667802747e+00 1.316884782178092961e-01
7.615384615384616041e+01 2.566367124794097926e-02 2.507332653866486183e+00 9.244194642854105734e-03 1.997982286075322911e+00 1.203265504336212405e-01
7.645484949832776067e+01 2.517415577141000546e-02 2.511766735821090890e+00 8.749544849407864949e-03 2.000407187482843074e+00 1.093183912894507975e-01
7.675585284280937515e+01 2.467042153009688446e-02 2.516200817775696041e+00 8.351831097991204225e-03 2.002832088890363238e+00 9.879033140653194212e-02
7.705685618729097541e+01 2.414306721317276486e-02 2.520634899730300749e+00 7.976465072718954413e-03 2.005256990297883402e+00 8.888046027352829170e-02
7.735785953177257568e+01 2.360142644247878799e-02 2.525068981684905456e+00 7.555586785286630414e-03 2.007681891705403565e+00 7.963835739874791653e-02
7.765886287625419016e+01 2.306961747969478102e-02 2.529503063639510607e+00 7.045089668009555696e-03 2.010106793112923729e+00 7.099364134372349033e-02
7.795986622073579042e+01 2.257745190872596786e-02 2.533937145594115314e+00 6.435215102003661800e-03 2.012531694520443892e+00 6.280518675733852418e-02
7.826086956521739069e+01 2.214851946225831689e-02 2.538371227548720022e+00 5.752395901139157643e-03 2.014956595927964056e+00 5.495669810173278713e-02
7.856187290969900516e+01 2.178871683442256887e-02 2.542805309503324729e+00 5.052266215289502073e-03 2.017381497335484219e+00 4.743989399640163168e-02
7.886287625418060543e+01 2.148052453051853272e-02 2.547239391457929436e+00 4.405272851577541129e-03 2.019806398743004383e+00 4.037718002980152099e-02
7.916387959866221991e+01 2.118881581923732702e-02 2.551673473412534143e+00 3.877886781513869337e-03 2.022231300150524547e+00 3.397313680019276722e-02
7.946488294314382017e+01 2.087853795468194024e-02 2.556107555367139295e+00 3.514178403872979077e-03 2.024656201558044710e+00 2.842415761969481480e-02
7.976588628762542044e+01 2.053470255270399558e-02 2.560541637321744002e+00 3.323465778120344473e-03 2.027081102965564874e+00 2.383466802086231170e-02
8.006688963210703491e+01 2.017010566023651544e-02 2.564975719276349153e+00 3.278451169905172765e-03 2.029506004373085037e+00 2.017851308140301142e-02
8.036789297658863518e+01 1.981360488948428339e-02 2.569409801230953860e+00 3.324475098330473884e-03 2.031930905780605201e+00 1.731542721555981434e-02
8.066889632107023544e+01 1.948697484181509745e-02 2.573843883185558568e+00 3.396037417734843432e-03 2.034355807188125365e+00 1.504441942395056027e-02
8.096989966555184992e+01 1.918777134260816336e-02 2.578277965140163275e+00 3.434300691446362779e-03 2.036780708595645528e+00 1.316388413861750359e-02
8.127090301003345019e+01 1.889064189426825288e-02 2.582712047094767982e+00 3.400174418739466443e-03 2.039205610003165692e+00 1.151483102649387968e-02
8.157190635451505045e+01 1.856490283190499746e-02 2.587146129049372689e+00 3.280437514558393487e-03 2.041630511410685855e+00 9.999326773386872994e-03
8.187290969899666493e+01 1.819467613740354331e-02 2.591580211003977396e+00 3.086808585311691822e-03 2.044055412818206019e+00 8.578829374459162951e-03
8.217391304347826519e+01 1.778794969562381284e-02 2.596014292958582548e+00 2.849017708159544155e-03 2.046480314225726183e+00 7.261027688809720826e-03
8.247491638795986546e+01 1.737043229171434180e-02 2.600448374913187255e+00 2.603775622219338566e-03 2.048905215633246346e+00 6.081867747985016288e-03
8.277591973244147994e+01 1.697027336764678901e-02 2.604882456867792406e+00 2.382920818415310959e-03 2.051330117040766510e+00 5.086989640518245308e-03
8.307692307692308020e+01 1.660400121279968777e-02 2.609316538822397114e+00 2.204944541150792928e-03 2.053755018448286673e+00 4.315922986999511449e-03
8.337792642140469468e+01 1.627177703589331031e-02 2.613750620777001821e+00 2.072794629720864194e-03 2.056179919855806837e+00 3.791753486323087407e-03
8.367892976588629494e+01 1.596380212064268250e-02 2.618184702731606528e+00 1.977431846941771904e-03 2.058604821263327445e+00 3.517209279458219894e-03
8.397993311036789521e+01 1.567246045732361218e-02 2.622618784686211235e+00 1.903613219365633911e-03 2.061029722670847164e+00 3.475746408154022343e-03
8.428093645484950969e+01 1.540066865314708086e-02 2.627052866640815942e+00 1.834356694391552165e-03 2.063454624078367772e+00 3.634609057571354818e-03
8.458193979933110995e+01 1.515995545957822023e-02 2.631486948595420650e+00 1.753244383264942075e-03 2.065879525485887491e+00 3.946813400918093399e-03
8.488294314381271022e+01 1.496070353984277519e-02 2.635921030550025801e+00 1.646264492787691443e-03 2.068304426893408099e+00 4.350732629129211784e-03
8.518394648829432469e+01 1.480382409482854274e-02 2.640355112504630508e+00 1.504786353279666082e-03 2.070729328300927818e+00 4.769077697641766443e-03
8.548494983277592496e+01 1.468103469223065380e-02 2.644789194459235659e+00 1.328933349471211976e-03 2.073154229708448426e+00 5.111965697052721531e-03
8.578595317725752523e+01 1.458222726682379539e-02 2.649223276413840367e+00 1.128773328137647929e-03 2.075579131115968590e+00 5.288686952611229390e-03
8.608695652173913970e+01 1.450220943972084855e-02 2.653657358368445074e+00 9.214774989854383367e-04 2.078004032523488753e+00 5.228137735918391218e-03
8.638795986622073997e+01 1.444093253446157576e-02 2.658091440323049781e+00 7.253422451984158472e-04 2.080428933931008917e+00 4.900892914628419451e-03
8.668896321070235444e+01 1.439808001210844852e-02 2.662525522277654488e+00 5.538387635891167064e-04 2.082853835338529080e+00 4.331872290711256783e-03
8.698996655518395471e+01 1.436758839298622054e-02 2.666959604232259196e+00 4.127253421248235511e-04 2.085278736746049244e+00 3.595521527211786340e-03
8.729096989966555498e+01 1.433682748482191689e-02 2.671393686186863903e+00 3.010192222308941405e-04 2.087703638153569408e+00 2.794135679148336635e-03
8.759197324414716945e+01 1.429090464138141163e-02 2.675827768141469054e+00 2.142396667940432860e-04 2.090128539561089571e+00 2.028586050728933398e-03
8.789297658862876972e+01 1.421907414259683707e-02 2.680261850096073761e+00 1.475245226571583626e-04 2.092553440968609735e+00 1.373664772607705161e-03
8.819397993311036998e+01 1.411957683433734748e-02 2.684695932050678913e+00 9.714567456644859040e-05 2.094978342376129898e+00 8.663875041848607831e-04
8.849498327759198446e+01 1.400062542819354404e-02 2.689130014005283620e+00 6.045775898603755999e-05 2.097403243783650062e+00 5.083269069823435297e-04
8.879598662207358473e+01 1.387729559631427530e-02 2.693564095959888327e+00 3.520463634372904320e-05 2.099828145191170226e+00 2.771018768955790194e-04
8.909698996655518499e+01 1.376606901072466999e-02 2.697998177914493034e+00 1.903559126801652857e-05 2.102253046598690389e+00 1.401709086093269455e-04
8.939799331103679947e+01 1.367993424010365174e-02 2.702432259869097742e+00 9.506460297032501321e-06 2.104677948006210553e+00 6.571163702496674746e-05
8.969899665551839973e+01 1.362635583109770426e-02 2.706866341823702449e+00 4.368967827135159655e-06 2.107102849413730716e+00 2.851223002081397113e-05
9.000000000000000000e+01 1.360828644980640809e-02 2.711300423778307600e+00 1.843339254222088950e-06 2.109527750821250880e+00 1.143589637191404143e-05
