0.000000000000000000e+00 3.935418871871535191e-28 1.861981086224434034e-01 4.634215229986523716e-06 1.255561557606986456e-01 8.790815928432752459e-06
3.010033444816053727e-01 3.361771363234602449e-27 1.898235612341945266e-01 1.880395750355849581e-05 1.265869070140049901e-01 2.709447851137173653e-05
6.020066889632107454e-01 5.261709960592925893e-26 1.934490138459456499e-01 6.204539635479038495e-05 1.276176582673113624e-01 7.103814716396521115e-05
9.030100334448161181e-01 7.616815067957419251e-25 1.970744664576967731e-01 1.685853628881990769e-04 1.286484095206177070e-01 1.584388493258556609e-04
1.204013377926421491e+00 1.016621272841695438e-23 2.006999190694478963e-01 3.842491690815907695e-04 1.296791607739240515e-01 3.006013975740995142e-04
1.505016722408026864e+00 1.251119480833990051e-22 2.043253716811990472e-01 7.528746771646000575e-04 1.307099120272303960e-01 4.851541894395175231e-04
1.806020066889632236e+00 1.419755703664633517e-21 2.079508242929501705e-01 1.303399731872569283e-03 1.317406632805367683e-01 6.660844514022436560e-04
2.107023411371237387e+00 1.485689519455048127e-20 2.115762769047012937e-01 2.043832253259746708e-03 1.327714145338431129e-01 7.779412321554121743e-04
2.408026755852842982e+00 1.433737930530983152e-19 2.152017295164524169e-01 2.959167294057890845e-03 1.338021657871494574e-01 7.729914281012339322e-04
2.709030100334448576e+00 1.276057414136362779e-18 2.188271821282035401e-01 4.033407781237036138e-03 1.348329170404558019e-01 6.538232619594099926e-04
3.010033444816053727e+00 1.047526741070555977e-17 2.224526347399546633e-01 5.335062433868019427e-03 1.358636682937621742e-01 4.723268133820313422e-04
3.311036789297658878e+00 7.932226449732847486e-17 2.260780873517058143e-01 7.139126530763593645e-03 1.368944195470685188e-01 2.969846916322214665e-04
3.612040133779264472e+00 5.541232186381705175e-16 2.297035399634569375e-01 9.951813220495519738e-03 1.379251708003748633e-01 1.791804673086182904e-04
3.913043478260870067e+00 3.571505780933998985e-15 2.333289925752080607e-01 1.431047612595797054e-02 1.389559220536812356e-01 1.430514518931064541e-04
4.214046822742474774e+00 2.124172883421130471e-14 2.369544451869591839e-01 2.043485412945896668e-02 1.399866733069875802e-01 1.939702810849314684e-04
4.515050167224080369e+00 1.165976626846754596e-13 2.405798977987103071e-01 2.808373114265002787e-02 1.410174245602939247e-01 3.240713686668418949e-04
4.816053511705685963e+00 5.907840665466615186e-13 2.442053504104614303e-01 3.691897407846280593e-02 1.420481758136002692e-01 5.048822706055668260e-04
5.117056856187291558e+00 2.763726358534416474e-12 2.478308030222125535e-01 4.710632756683313938e-02 1.430789270669066415e-01 6.806006120846729403e-04
5.418060200668897153e+00 1.193959865633664996e-11 2.514562556339636767e-01 5.951464710216501641e-02 1.441096783202129861e-01 7.827812952072327624e-04
5.719063545150501859e+00 4.764625802144002694e-11 2.550817082457148000e-01 7.540801995865950569e-02 1.451404295735193306e-01 7.662724322208854097e-04
6.020066889632107454e+00 1.756895223339235963e-10 2.587071608574659232e-01 9.615660079864855880e-02 1.461711808268256751e-01 6.383019750450799135e-04
6.321070234113713049e+00 5.988193018183954732e-10 2.623326134692170464e-01 1.232643314614542407e-01 1.472019320801320474e-01 4.530581457476591653e-04
6.622073578595317755e+00 1.887380720751235147e-09 2.659580660809681696e-01 1.585523258807534086e-01 1.482326833334383920e-01 2.767213940296249096e-04
6.923076923076923350e+00 5.503646752782875372e-09 2.695835186927193483e-01 2.042397378461809909e-01 1.492634345867447365e-01 1.552289788536099417e-04
7.224080267558528945e+00 1.485675752724276243e-08 2.732089713044704160e-01 2.624899750116601593e-01 1.502941858400511088e-01 1.091864103678061369e-04
7.525083612040134540e+00 3.715261501251384134e-08 2.768344239162215947e-01 3.342413916435696408e-01 1.513249370933574534e-01 1.511774587868872305e-04
7.826086956521740134e+00 8.614463942692201809e-08 2.804598765279726624e-01 4.186193033161081933e-01 1.523556883466637979e-01 3.021403898121727792e-04
8.127090301003345729e+00 1.854044161934757559e-07 2.840853291397238412e-01 5.148197059103089002e-01 1.533864395999701424e-01 5.871567890857063094e-04
8.428093645484949548e+00 3.709184268253402713e-07 2.877107817514749644e-01 6.253611765582894888e-01 1.544171908532765147e-01 1.009193341171780089e-03
8.729096989966555142e+00 6.910386818768334249e-07 2.913362343632260876e-01 7.561353942524234872e-01 1.554479421065828593e-01 1.520515866922579140e-03
9.030100334448160737e+00 1.201843239040487027e-06 2.949616869749772108e-01 9.112639308704545416e-01 1.564786933598892038e-01 2.020355033812870193e-03
9.331103678929766332e+00 1.957594738280886160e-06 2.985871395867283340e-01 1.087897119472858165e+00 1.575094446131955483e-01 2.390060873443694382e-03
9.632107023411371927e+00 2.999202487738057326e-06 3.022125921984794572e-01 1.277555090666662396e+00 1.585401958665019206e-01 2.544196091526667626e-03
9.933110367892977521e+00 4.346832584856402055e-06 3.058380448102305804e-01 1.473028057978327032e+00 1.595709471198082652e-01 2.462774792214403926e-03
1.023411371237458312e+01 6.003292072129327336e-06 3.094634974219817036e-01 1.673297117875229612e+00 1.606016983731146097e-01 2.191138263993679808e-03
1.053511705685618871e+01 7.970352846464194601e-06 3.130889500337328268e-01 1.881883070236584299e+00 1.616324496264209820e-01 1.820087034420799291e-03
1.083612040133779431e+01 1.027152039510778432e-05 3.167144026454839500e-01 2.101683514459836477e+00 1.626632008797273266e-01 1.458899881034585178e-03
1.113712374581939812e+01 1.296642941550288234e-05 3.203398552572350733e-01 2.332152834996307433e+00 1.636939521330336711e-01 1.201751666950647956e-03
1.143812709030100372e+01 1.614046663663011160e-05 3.239653078689862520e-01 2.570458630646317300e+00 1.647247033863400434e-01 1.094592257979387553e-03
1.173913043478260931e+01 1.986260038825375193e-05 3.275907604807373197e-01 2.813257331806714223e+00 1.657554546396463879e-01 1.126281465337878500e-03
1.204013377926421491e+01 2.412292735049061525e-05 3.312162130924884984e-01 3.056348112308534759e+00 1.667862058929527325e-01 1.257562812070440236e-03
1.234113712374582050e+01 2.878012729624398940e-05 3.348416657042395661e-01 3.293934384438103269e+00 1.678169571462590770e-01 1.462507782607392563e-03
1.264214046822742610e+01 3.355487655861864264e-05 3.384671183159907448e-01 3.520257547933875575e+00 1.688477083995654215e-01 1.738708513286597304e-03
1.294314381270903169e+01 3.808919517366360846e-05 3.420925709277418125e-01 3.732134799083176802e+00 1.698784596528717938e-01 2.078929352875934829e-03
1.324414715719063551e+01 4.205753500167106471e-05 3.457180235394929912e-01 3.928384486187861402e+00 1.709092109061781384e-01 2.449379765395836780e-03
1.354515050167224111e+01 4.528251747351331032e-05 3.493434761512441145e-01 4.106558145802782001e+00 1.719399621594844829e-01 2.817239258985633748e-03
1.384615384615384670e+01 4.780062857521548116e-05 3.529689287629952377e-01 4.262649076720575358e+00 1.729707134127908552e-01 3.204376145498909027e-03
1.414715719063545230e+01 4.984972616791805025e-05 3.565943813747463609e-01 4.395816503845754397e+00 1.740014646660971998e-01 3.694049862369838330e-03
1.444816053511705789e+01 5.179331581749614129e-05 3.602198339864974841e-01 4.511860320339120989e+00 1.750322159194035443e-01 4.358203506372040383e-03
1.474916387959866348e+01 5.402441372338048862e-05 3.638452865982486073e-01 4.620152254546699311e+00 1.760629671727099166e-01 5.169970228898157667e-03
1.505016722408026908e+01 5.688666948100278427e-05 3.674707392099997305e-01 4.727771072826937093e+00 1.770937184260162611e-01 5.995611071676018936e-03
1.535117056856187467e+01 6.062510964008848129e-05 3.710961918217508537e-01 4.836594989606694206e+00 1.781244696793226057e-01 6.672254062323622684e-03
1.565217391304348027e+01 6.536271057104539215e-05 3.747216444335019769e-01 4.943312956124688462e+00 1.791552209326289502e-01 7.086825781225908338e-03
1.595317725752508409e+01 7.110614375305354846e-05 3.783470970452531557e-01 5.040464598537070628e+00 1.801859721859352947e-01 7.200798829666114897e-03
1.625418060200669146e+01 7.779791983217134214e-05 3.819725496570042234e-01 5.118548385468980833e+00 1.812167234392416670e-01 7.055955493426451647e-03
1.655518394648829528e+01 8.542398695470039180e-05 3.855980022687554021e-01 5.168821412776135382e+00 1.822474746925480116e-01 6.800861058672198235e-03
1.685618729096989910e+01 9.414818421536719738e-05 3.892234548805064698e-01 5.186279779755492036e+00 1.832782259458543561e-01 6.698035529698883467e-03
1.715719063545150647e+01 1.044051112953658684e-04 3.928489074922576485e-01 5.172937990080192172e+00 1.843089771991607284e-01 7.046997798417492000e-03
1.745819397993311028e+01 1.168807650854652839e-04 3.964743601040087162e-01 5.138733613612218143e+00 1.853397284524670729e-01 8.040749612194610790e-03
1.775919732441471766e+01 1.323603963682303789e-04 4.000998127157598949e-01 5.096565531769356561e+00 1.863704797057734175e-01 9.660917504936266179e-03
1.806020066889632147e+01 1.514972513211854100e-04 4.037252653275110181e-01 5.054464355825854405e+00 1.874012309590797898e-01 1.170203199717020047e-02
1.836120401337792885e+01 1.746026134102058962e-04 4.073507179392621413e-01 5.012415855503416395e+00 1.884319822123861066e-01 1.390674364977433942e-02
1.866220735785953266e+01 2.015430865172012449e-04 4.109761705510132646e-01 4.966687791885370018e+00 1.894627334656924789e-01 1.609813737120346921e-02
1.896321070234114003e+01 2.317674575561959132e-04 4.146016231627643878e-01 4.916920963796378885e+00 1.904934847189988234e-01 1.821135914424821048e-02
1.926421404682274385e+01 2.644210789612759754e-04 4.182270757745155110e-01 4.868224543560965678e+00 1.915242359723051679e-01 2.023313879614548408e-02
1.956521739130434767e+01 2.984848127773954735e-04 4.218525283862666342e-01 4.825294024127432913e+00 1.925549872256115402e-01 2.213040486548342387e-02
1.986622073578595504e+01 3.329020867248067440e-04 4.254779809980177574e-01 4.785003589850801653e+00 1.935857384789178848e-01 2.382460717273744005e-02
2.016722408026755886e+01 3.666955910267414892e-04 4.291034336097688806e-01 4.736485503218176518e+00 1.946164897322242293e-01 2.521708609389704606e-02
2.046822742474916623e+01 3.990860560190763614e-04 4.327288862215200038e-01 4.669066099952845050e+00 1.956472409855306016e-01 2.625561232713451154e-02
2.076923076923077005e+01 4.296058131311605529e-04 4.363543388332711270e-01 4.580024559939078088e+00 1.966779922388369461e-01 2.701205757995841714e-02
2.107023411371237742e+01 4.581802986363964626e-04 4.399797914450222502e-01 4.475487523584360972e+00 1.977087434921432907e-01 2.769885734340420819e-02
2.137123745819398124e+01 4.851586091511568902e-04 4.436052440567733735e-01 4.364998532669200237e+00 1.987394947454496630e-01 2.857193171202364324e-02
2.167224080267558861e+01 5.113004105718451991e-04 4.472306966685244967e-01 4.255149213347402259e+00 1.997702459987559798e-01 2.977785083309216277e-02
2.197324414715719243e+01 5.377362736587766590e-04 4.508561492802756754e-01 4.147022904247729791e+00 2.008009972520623521e-01 3.128305868776021931e-02
2.227424749163879625e+01 5.658965275400674880e-04 4.544816018920267986e-01 4.038435718956483456e+00 2.018317485053686966e-01 3.297195763297795096e-02
2.257525083612040362e+01 5.973799262643927563e-04 4.581070545037779218e-01 3.928124211821239609e+00 2.028624997586750411e-01 3.486366784779484224e-02
2.287625418060200744e+01 6.337546797394279837e-04 4.617325071155290450e-01 3.817403928496791110e+00 2.038932510119814134e-01 3.727719110118198759e-02
2.317725752508361481e+01 6.763570195311527800e-04 4.653579597272801682e-01 3.707731827988517637e+00 2.049240022652877580e-01 4.075690150194074407e-02
2.347826086956521863e+01 7.262177979417647764e-04 4.689834123390312914e-01 3.597853555623467425e+00 2.059547535185941025e-01 4.572311709040948607e-02
2.377926421404682600e+01 7.842247815078774329e-04 4.726088649507824146e-01 3.484878449757286223e+00 2.069855047719004748e-01 5.208300309703198933e-02
2.408026755852842982e+01 8.514930911024017057e-04 4.762343175625335379e-01 3.368405817229532584e+00 2.080162560252068193e-01 5.916566091869578103e-02
2.438127090301003363e+01 9.297450336039135392e-04 4.798597701742846611e-01 3.252549846678933765e+00 2.090470072785131639e-01 6.611431184933237726e-02
2.468227424749164101e+01 1.021428806689018975e-03 4.834852227860357843e-01 3.142760548717792535e+00 2.100777585318195362e-01 7.246647970012731754e-02
2.498327759197324482e+01 1.129419687994297379e-03 4.871106753977869075e-01 3.040795078360212678e+00 2.111085097851258530e-01 7.851542016620174924e-02
2.528428093645485220e+01 1.256396499715242395e-03 4.907361280095380307e-01 2.944020718937701453e+00 2.121392610384322253e-01 8.526209164333192758e-02
2.558528428093645601e+01 1.404201758576268527e-03 4.943615806212891539e-01 2.849422659403537672e+00 2.131700122917385698e-01 9.400766323492194820e-02
2.588628762541806339e+01 1.573517999394608491e-03 4.979870332330402771e-01 2.756249029429300279e+00 2.142007635450449143e-01 1.057392951707851469e-01
2.618729096989966720e+01 1.764008077576521664e-03 5.016124858447914558e-01 2.664294848475766031e+00 2.152315147983512866e-01 1.205795935360758769e-01
2.648829431438127102e+01 1.974808155493095602e-03 5.052379384565426346e-01 2.572074338106894231e+00 2.162622660516576312e-01 1.376657641177302938e-01
2.678929765886287839e+01 2.205097300510244773e-03 5.088633910682937023e-01 2.478571186517795955e+00 2.172930173049639757e-01 1.556209790570788898e-01
2.709030100334448221e+01 2.454471801490709908e-03 5.124888436800447700e-01 2.385386164124874586e+00 2.183237685582703480e-01 1.733244091053787184e-01
2.739130434782608958e+01 2.722981516956290461e-03 5.161142962917959487e-01 2.294933315118354855e+00 2.193545198115766925e-01 1.904455397887209189e-01
2.769230769230769340e+01 3.010850622428610200e-03 5.197397489035471274e-01 2.207000160931368082e+00 2.203852710648830371e-01 2.074827434282365546e-01
2.799331103678930077e+01 3.318042176221572704e-03 5.233652015152981951e-01 2.118925032016580001e+00 2.214160223181894094e-01 2.255430479740735406e-01
2.829431438127090459e+01 3.643900531335931680e-03 5.269906541270492628e-01 2.028847475199521799e+00 2.224467735714957262e-01 2.462077598845490711e-01
2.859531772575251196e+01 3.987087547954648072e-03 5.306161067388004415e-01 1.937296191646930454e+00 2.234775248248020985e-01 2.713851168183496476e-01
2.889632107023411578e+01 4.345902388738213072e-03 5.342415593505516203e-01 1.846192119730718728e+00 2.245082760781084430e-01 3.027142378818111768e-01
2.919732441471571960e+01 4.718881410323619990e-03 5.378670119623026880e-01 1.757884134327545977e+00 2.255390273314147875e-01 3.404974443637098780e-01
2.949832775919732697e+01 5.105418406427664549e-03 5.414924645740537557e-01 1.674512473347282038e+00 2.265697785847211598e-01 3.828750947753124523e-01
2.979933110367893079e+01 5.506130896772051288e-03 5.451179171858049344e-01 1.596437998706348393e+00 2.276005298380275044e-01 4.260301676542307958e-01
3.010033444816053816e+01 5.922845242285740448e-03 5.487433697975561131e-01 1.521333490460343496e+00 2.286312810913338489e-01 4.654871567613360628e-01
3.040133779264214198e+01 6.358287775235635896e-03 5.523688224093071808e-01 1.446252958116506226e+00 2.296620323446402212e-01 4.978678455728151042e-01
3.070234113712374935e+01 6.815701664754098520e-03 5.559942750210582485e-01 1.370626284652798565e+00 2.306927835979465657e-01 5.223433286338075021e-01
3.100334448160535317e+01 7.298564991383681318e-03 5.596197276328094272e-01 1.296027342271812266e+00 2.317235348512529103e-01 5.412422062193654737e-01
3.130434782608696054e+01 7.810401674712800189e-03 5.632451802445606059e-01 1.223139062558199930e+00 2.327542861045592826e-01 5.594689470607181470e-01
3.160535117056856436e+01 8.354502793290705456e-03 5.668706328563117847e-01 1.150570444743402865e+00 2.337850373578655994e-01 5.826677205031701723e-01
3.190635451505016817e+01 8.933359477918560720e-03 5.704960854680628524e-01 1.077421885179591587e+00 2.348157886111719717e-01 6.147493489155314572e-01
3.220735785953177555e+01 9.547779307494915976e-03 5.741215380798139201e-01 1.006089308297311247e+00 2.358465398644783440e-01 6.562160415423607951e-01
3.250836120401338292e+01 1.019591039334015112e-02 5.777469906915650988e-01 9.413171775876884029e-01 2.368772911177846607e-01 7.046804886755260178e-01
3.280936454849498318e+01 1.087258503442594879e-02 5.813724433033162775e-01 8.860569933728785763e-01 2.379080423710910330e-01 7.574656007634648081e-01
3.311036789297659055e+01 1.156942980222069872e-02 5.849978959150673452e-01 8.385956086867121240e-01 2.389387936243973776e-01 8.142067001527043546e-01
3.341137123745819792e+01 1.227604590264863745e-02 5.886233485268184129e-01 7.943168365039245948e-01 2.399695448777037221e-01 8.770780482858036020e-01
3.371237458193979819e+01 1.298223377752934747e-02 5.922488011385695916e-01 7.503254563595059823e-01 2.410002961310100944e-01 9.484010930905266701e-01
3.401337792642140556e+01 1.368075092509728891e-02 5.958742537503207704e-01 7.079508547370744198e-01 2.420310473843164389e-01 1.027943026919989622e+00
3.431438127090301293e+01 1.436962385444338040e-02 5.994997063620718381e-01 6.708198404685817851e-01 2.430617986376227835e-01 1.112450349854022802e+00
3.461538461538462030e+01 1.505290207689156598e-02 6.031251589738229058e-01 6.409232894114557100e-01 2.440925498909291558e-01 1.197767889348808623e+00
3.491638795986622057e+01 1.573919638813998934e-02 6.067506115855740845e-01 6.163726629755894582e-01 2.451233011442354726e-01 1.281706055440649195e+00
3.521739130434782794e+01 1.643829046489391280e-02 6.103760641973252632e-01 5.924513618780457014e-01 2.461540523975418449e-01 1.365437542628535894e+00
3.551839464882943531e+01 1.715707202986995611e-02 6.140015168090763309e-01 5.648822776119372113e-01 2.471848036508482171e-01 1.452372863888976129e+00
3.581939799331104268e+01 1.789643694717579780e-02 6.176269694208273986e-01 5.325597456602377822e-01 2.482155549041545339e-01 1.545308542621766756e+00
3.612040133779264295e+01 1.865043400786184705e-02 6.212524220325785773e-01 4.975551184300970320e-01 2.492463061574609062e-01 1.644207664159430760e+00
3.642140468227425032e+01 1.940795131756379438e-02 6.248778746443297560e-01 4.629148072381277790e-01 2.502770574107672230e-01 1.746675456838856055e+00
3.672240802675585769e+01 2.015617597867186417e-02 6.285033272560809348e-01 4.307861244605040718e-01 2.513078086640735953e-01 1.850602511558587349e+00
3.702341137123745796e+01 2.088435517888257917e-02 6.321287798678320025e-01 4.022667275903450967e-01 2.523385599173799676e-01 1.956256417439643069e+00
3.732441471571906533e+01 2.158633826952160648e-02 6.357542324795830702e-01 3.778261426094915443e-01 2.533693111706862844e-01 2.066108016573128037e+00
3.762541806020067270e+01 2.226102335354742875e-02 6.393796850913342489e-01 3.569361139367353553e-01 2.544000624239926567e-01 2.183381601621024348e+00
3.792642140468228007e+01 2.291089897803473899e-02 6.430051377030854276e-01 3.376583704471780578e-01 2.554308136772990290e-01 2.311022620611536738e+00
3.822742474916388034e+01 2.353981912482299224e-02 6.466305903148364953e-01 3.176241281499923574e-01 2.564615649306053458e-01 2.451255012743354555e+00
3.852842809364548771e+01 2.415141069150723158e-02 6.502560429265875630e-01 2.958756943131685690e-01 2.574923161839117181e-01 2.605112856722669346e+00
3.882943143812709508e+01 2.474888621398774885e-02 6.538814955383387417e-01 2.735641542915820956e-01 2.585230674372180903e-01 2.772235365178089328e+00
3.913043478260869534e+01 2.533590804931352969e-02 6.575069481500899204e-01 2.527243855839641506e-01 2.595538186905244071e-01 2.951739413287275404e+00
3.943143812709030271e+01 2.591729550240954097e-02 6.611324007618409881e-01 2.345033748265686890e-01 2.605845699438307794e-01 3.143901116471909951e+00
3.973244147157191009e+01 2.649840676047217000e-02 6.647578533735920558e-01 2.185888471049639570e-01 2.616153211971371517e-01 3.351041895614615296e+00
4.003344481605351746e+01 2.708297850150881078e-02 6.683833059853432346e-01 2.040551578466890392e-01 2.626460724504434685e-01 3.576171693638997784e+00
4.033444816053511772e+01 2.767044517554204108e-02 6.720087585970944133e-01 1.904114067195215032e-01 2.636768237037498408e-01 3.819751005225411333e+00
4.063545150501672509e+01 2.825443574245226769e-02 6.756342112088454810e-01 1.777895509230942028e-01 2.647075749570562131e-01 4.077016627718280439e+00
4.093645484949833246e+01 2.882372989373368014e-02 6.792596638205965487e-01 1.664766139260701050e-01 2.657383262103625299e-01 4.338682673376616172e+00
4.123745819397993273e+01 2.936560105205547958e-02 6.828851164323477274e-01 1.566506835949185439e-01 2.667690774636688467e-01 4.595435313265023858e+00
4.153846153846154010e+01 2.986998129136460289e-02 6.865105690440989061e-01 1.484653160059071775e-01 2.677998287169752745e-01 4.843124707835265497e+00
4.183946488294314747e+01 3.033225980530240146e-02 6.901360216558500849e-01 1.418923350529815164e-01 2.688305799702815913e-01 5.084498468571840846e+00
4.214046822742475484e+01 3.075330556965799600e-02 6.937614742676010415e-01 1.363248909931326358e-01 2.698613312235879080e-01 5.326284700187429166e+00
4.244147157190635511e+01 3.113706555558683892e-02 6.973869268793522203e-01 1.307344928406529716e-01 2.708920824768943358e-01 5.574499325832476870e+00
4.274247491638796248e+01 3.148763129176172793e-02 7.010123794911033990e-01 1.244735180661481339e-01 2.719228337302006526e-01 5.831785811295780775e+00
4.304347826086956985e+01 3.180786419842575319e-02 7.046378321028545777e-01 1.177168900747426056e-01 2.729535849835069694e-01 6.097891186027025512e+00
4.334448160535117722e+01 3.210037977606285814e-02 7.082632847146055344e-01 1.110079614450312363e-01 2.739843362368133417e-01 6.371387805047684871e+00
4.364548494983277749e+01 3.236989155018683145e-02 7.118887373263567131e-01 1.045564501744015995e-01 2.750150874901197140e-01 6.650341438012929096e+00
4.394648829431438486e+01 3.262492087616827852e-02 7.155141899381078918e-01 9.801039894871700631e-02 2.760458387434260308e-01 6.931538159491328344e+00
4.424749163879599223e+01 3.287730902576583430e-02 7.191396425498590705e-01 9.075499722937516167e-02 2.770765899967324031e-01 7.209881037004025828e+00
4.454849498327759250e+01 3.313937406539740199e-02 7.227650951616102493e-01 8.244210101820699521e-02 2.781073412500387754e-01 7.479714054964813563e+00
4.484949832775919987e+01 3.341991535442580263e-02 7.263905477733612059e-01 7.336339356658964916e-02 2.791380925033450922e-01 7.737885587764068873e+00
4.515050167224080724e+01 3.372080517019417079e-02 7.300160003851123847e-01 6.433625582789803676e-02 2.801688437566514644e-01 7.986185937516204092e+00
4.545150501672241461e+01 3.403551943470220498e-02 7.336414529968635634e-01 5.618791467252919752e-02 2.811995950099578367e-01 8.230945604911783064e+00
4.575250836120401488e+01 3.435006989848930076e-02 7.372669056086147421e-01 4.932066140362511425e-02 2.822303462632641535e-01 8.480294731857400237e+00
4.605351170568562225e+01 3.464592397095003773e-02 7.408923582203656988e-01 4.368447915777794177e-02 2.832610975165705258e-01 8.741774962262034876e+00
4.635451505016722962e+01 3.490394188294217853e-02 7.445178108321168775e-01 3.903301264156659039e-02 2.842918487698768981e-01 9.021890273608887512e+00
4.665551839464882988e+01 3.510818800247821753e-02 7.481432634438680562e-01 3.517532749239755258e-02 2.853226000231832149e-01 9.326201750742276531e+00
4.695652173913043725e+01 3.524863000251762107e-02 7.517687160556192350e-01 3.206852349594626478e-02 2.863533512764895872e-01 9.657665280146922271e+00
4.725752508361204463e+01 3.532215952738098491e-02 7.553941686673701916e-01 2.972871472189219863e-02 2.873841025297959595e-01 1.001337250084301722e+01
4.755852842809365200e+01 3.533196718079507220e-02 7.590196212791213703e-01 2.805043548307967899e-02 2.884148537831022763e-01 1.038266161942223320e+01
4.785953177257525226e+01 3.528590670287830300e-02 7.626450738908725491e-01 2.672890953349748785e-02 2.894456050364085931e-01 1.074931465501876460e+01
4.816053511705685963e+01 3.519480066630351067e-02 7.662705265026237278e-01 2.542095573613100887e-02 2.904763562897150209e-01 1.109747210999883116e+01
4.846153846153846700e+01 3.507141825940293667e-02 7.698959791143749065e-01 2.403238321810535413e-02 2.915071075430213376e-01 1.141785111164053212e+01
4.876254180602006727e+01 3.493012533892471405e-02 7.735214317261258632e-01 2.281600588686875583e-02 2.925378587963276544e-01 1.171004111607458320e+01
4.906354515050167464e+01 3.478640921532323571e-02 7.771468843378770419e-01 2.212173915079081871e-02 2.935686100496340822e-01 1.197877746474603811e+01
4.936454849498328201e+01 3.465524731718760965e-02 7.807723369496282206e-01 2.206222751450358580e-02 2.945993613029403990e-01 1.222657000692574236e+01
4.966555183946488938e+01 3.454795239395394568e-02 7.843977895613793994e-01 2.245212031503274891e-02 2.956301125562467158e-01 1.244867259074725752e+01
4.996655518394648965e+01 3.446836089857975571e-02 7.880232421731303560e-01 2.300953168211832683e-02 2.966608638095530881e-01 1.263497176673405065e+01
5.026755852842809702e+01 3.441019625409454802e-02 7.916486947848815348e-01 2.356252378584460308e-02 2.976916150628594604e-01 1.277772275294320181e+01
5.056856187290970439e+01 3.435737902776923869e-02 7.952741473966327135e-01 2.411626443713628040e-02 2.987223663161657772e-01 1.287987723621749403e+01
5.086956521739130466e+01 3.428786579055786987e-02 7.988996000083838922e-01 2.476797915217517770e-02 2.997531175694721495e-01 1.295884245493608944e+01
5.117056856187291203e+01 3.417990033571177699e-02 8.025250526201348489e-01 2.552500215913497753e-02 3.007838688227785218e-01 1.304270314493819782e+01
5.147157190635451940e+01 3.401828295061421620e-02 8.061505052318860276e-01 2.618737196107201806e-02 3.018146200760848386e-01 1.315917748399161269e+01
5.177257525083612677e+01 3.379809031590918361e-02 8.097759578436372063e-01 2.643038310443223196e-02 3.028453713293912108e-01 1.332227625564192408e+01
5.207357859531772704e+01 3.352433244584376859e-02 8.134014104553883850e-01 2.602097681986469471e-02 3.038761225826975831e-01 1.352452571992146169e+01
5.237458193979933441e+01 3.320785158181824293e-02 8.170268630671393417e-01 2.497313418923582246e-02 3.049068738360038999e-01 1.373978964759577615e+01
5.267558528428094178e+01 3.285949121941819651e-02 8.206523156788905204e-01 2.351858510557231982e-02 3.059376250893102722e-01 1.393532694319352849e+01
5.297658862876254204e+01 3.248529718665574273e-02 8.242777682906416992e-01 2.197547034720357187e-02 3.069683763426166445e-01 1.408681619167733423e+01
5.327759197324414941e+01 3.208482356075613440e-02 8.279032209023928779e-01 2.070475302126992267e-02 3.079991275959229613e-01 1.418836695286341865e+01
5.357859531772575679e+01 3.165289419056106085e-02 8.315286735141440566e-01 2.011965872100135791e-02 3.090298788492293336e-01 1.425133050897723841e+01
5.387959866220736416e+01 3.118347515226325625e-02 8.351541261258950133e-01 2.047947164194864264e-02 3.100606301025357059e-01 1.429235112112898243e+01
5.418060200668896442e+01 3.067365225292625897e-02 8.387795787376461920e-01 2.150572028068679920e-02 3.110913813558420227e-01 1.431978212736533784e+01
5.448160535117057179e+01 3.012627090604871535e-02 8.424050313493973707e-01 2.236873783629591064e-02 3.121221326091483395e-01 1.432973729782244021e+01
5.478260869565217916e+01 2.955084718273708055e-02 8.460304839611485495e-01 2.234291694415687160e-02 3.131528838624547673e-01 1.431424245865867384e+01
5.508361204013378654e+01 2.896294857324129349e-02 8.496559365728995061e-01 2.149878546091168324e-02 3.141836351157610840e-01 1.427221547438626104e+01
5.538461538461538680e+01 2.838210839621325282e-02 8.532813891846506849e-01 2.057134438771233281e-02 3.152143863690674008e-01 1.421192729379496633e+01
5.568561872909699417e+01 2.782811252046264727e-02 8.569068417964018636e-01 2.015223141389773168e-02 3.162451376223738286e-01 1.414324396137178574e+01
5.598662207357860154e+01 2.731597579978730164e-02 8.605322944081530423e-01 2.017874430048004902e-02 3.172758888756801454e-01 1.406838460075331909e+01
5.628762541806020181e+01 2.685109223245008697e-02 8.641577470199039990e-01 2.018889050678708899e-02 3.183066401289864622e-01 1.398038213708122157e+01
5.658862876254180918e+01 2.642688915494323734e-02 8.677831996316551777e-01 1.986546334817255663e-02 3.193373913822928345e-01 1.387001670162665690e+01
5.688963210702341655e+01 2.602674073373636293e-02 8.714086522434063564e-01 1.926442319837961062e-02 3.203681426355992068e-01 1.373418938505624887e+01
5.719063545150502392e+01 2.562985496286512496e-02 8.750341048551575351e-01 1.864959617747768625e-02 3.213988938889055236e-01 1.357794112593769675e+01
5.749163879598662419e+01 2.521859323450739362e-02 8.786595574669084918e-01 1.821236758860722560e-02 3.224296451422118959e-01 1.340802637115097440e+01
5.779264214046823156e+01 2.478380000542131784e-02 8.822850100786596705e-01 1.791760807028280889e-02 3.234603963955182682e-01 1.322373605859350221e+01
5.809364548494983893e+01 2.432585415216769256e-02 8.859104626904108493e-01 1.754240030636664699e-02 3.244911476488245849e-01 1.301412193025150543e+01
5.839464882943143920e+01 2.385153626279753677e-02 8.895359153021620280e-01 1.684554764093528639e-02 3.255218989021309572e-01 1.276524938825605027e+01
5.869565217391304657e+01 2.336891454699117909e-02 8.931613679139132067e-01 1.575874544271924776e-02 3.265526501554373295e-01 1.247101206590893163e+01
5.899665551839465394e+01 2.288310450304352137e-02 8.967868205256641634e-01 1.448181988971875694e-02 3.275834014087436463e-01 1.213750837454793974e+01
5.929765886287626131e+01 2.239479279222468533e-02 9.004122731374153421e-01 1.337715020711172445e-02 3.286141526620500186e-01 1.177807782432584638e+01
5.959866220735786158e+01 2.190162052890227973e-02 9.040377257491665208e-01 1.269994401046370749e-02 3.296449039153563909e-01 1.140537129844899944e+01
5.989966555183946895e+01 2.140102651994219701e-02 9.076631783609176995e-01 1.240232712814378323e-02 3.306756551686627077e-01 1.102824906531049010e+01
6.020066889632107632e+01 2.089272826497643940e-02 9.112886309726686562e-01 1.219360551840599147e-02 3.317064064219690800e-01 1.065463917249861403e+01
6.050167224080267658e+01 2.037967034212543466e-02 9.149140835844198349e-01 1.177300894821420654e-02 3.327371576752754523e-01 1.029493857894790487e+01
6.080267558528428395e+01 1.986735243069383608e-02 9.185395361961710137e-01 1.104628152433807277e-02 3.337679089285817691e-01 9.960741104475339114e+00
6.110367892976589133e+01 1.936222686722126676e-02 9.221649888079221924e-01 1.019655959793859708e-02 3.347986601818881414e-01 9.659045478351792724e+00
6.140468227424749870e+01 1.887002496794541045e-02 9.257904414196731491e-01 9.535345705158855545e-03 3.358294114351945137e-01 9.386349260256134031e+00
6.170568561872909896e+01 1.839461726982207987e-02 9.294158940314243278e-01 9.221487436129662332e-03 3.368601626885008304e-01 9.127229729698491667e+00
6.200668896321070633e+01 1.793764989600947837e-02 9.330413466431755065e-01 9.127741215751598858e-03 3.378909139418071472e-01 8.859616348873528224e+00
6.230769230769231370e+01 1.749887327961599168e-02 9.366667992549266852e-01 8.987616229264562551e-03 3.389216651951135750e-01 8.565036525326819472e+00
6.260869565217392108e+01 1.707682286019030632e-02 9.402922518666776419e-01 8.622123750379016502e-03 3.399524164484198918e-01 8.237647889865369777e+00
6.290969899665552134e+01 1.666942394781985998e-02 9.439177044784288206e-01 8.045721215046416908e-03 3.409831677017262086e-01 7.885209228544717952e+00
6.321070234113712871e+01 1.627428804207670457e-02 9.475431570901799994e-01 7.466567530803444076e-03 3.420139189550325809e-01 7.521362185965307923e+00
6.351170568561873608e+01 1.588884136406591707e-02 9.511686097019311781e-01 7.207481687424096770e-03 3.430446702083389532e-01 7.156221130327200086e+00
6.381270903010033635e+01 1.551063932086972630e-02 9.547940623136823568e-01 7.517390461180498834e-03 3.440754214616452700e-01 6.792647200604482904e+00
6.411371237458195083e+01 1.513802640984874062e-02 9.584195149254333135e-01 8.357418784943030851e-03 3.451061727149516423e-01 6.429020601281115965e+00
6.441471571906355109e+01 1.477085098872084334e-02 9.620449675371844922e-01 9.345933429498232831e-03 3.461369239682580146e-01 6.064223723089511964e+00
6.471571906354515136e+01 1.441067493623758057e-02 9.656704201489356709e-01 9.952751355427147048e-03 3.471676752215643313e-01 5.701079890045111398e+00
6.501672240802676583e+01 1.406011752220190369e-02 9.692958727606868496e-01 9.824905970270183739e-03 3.481984264748707036e-01 5.346888640112918090e+00
6.531772575250836610e+01 1.372150297199273457e-02 9.729213253724378063e-01 8.989078611779433708e-03 3.492291777281770759e-01 5.010742816290587598e+00
6.561872909698996637e+01 1.339543500703541459e-02 9.765467779841889850e-01 7.778854957473917836e-03 3.502599289814833927e-01 4.698658861545379040e+00
6.591973244147158084e+01 1.307999693918293106e-02 9.801722305959401638e-01 6.601986343821418177e-03 3.512906802347897650e-01 4.409935258176610695e+00
6.622073578595318111e+01 1.277097372716954303e-02 9.837976832076913425e-01 5.770743498787439356e-03 3.523214314880961373e-01 4.138184800784868500e+00
6.652173913043478137e+01 1.246302254240892228e-02 9.874231358194422992e-01 5.454704152743044231e-03 3.533521827414024541e-01 3.876440210578862899e+00
6.682274247491639585e+01 1.215131262562585066e-02 9.910485884311934779e-01 5.653266775366517193e-03 3.543829339947088264e-01 3.621757781031610168e+00
6.712374581939799612e+01 1.183297455079444435e-02 9.946740410429446566e-01 6.152302729548015867e-03 3.554136852480151987e-01 3.375627838559363436e+00
6.742474916387959638e+01 1.150781065193919386e-02 9.982994936546958353e-01 6.567909314579251784e-03 3.564444365013215155e-01 3.141007671751570474e+00
6.772575250836121086e+01 1.117806158868538298e-02 1.001924946266447014e+00 6.539410628980757076e-03 3.574751877546278878e-01 2.919562745321065300e+00
6.802675585284281112e+01 1.084741267321371119e-02 1.005550398878197971e+00 5.957226251058838143e-03 3.585059390079342601e-01 2.711315891967513991e+00
6.832775919732442560e+01 1.051966482536913217e-02 1.009175851489949149e+00 5.025025002080150092e-03 3.595366902612405768e-01 2.515955818089103069e+00
6.862876254180602587e+01 1.019753738198276097e-02 1.012801304101700328e+00 4.088877093778057678e-03 3.605674415145468936e-01 2.333818558257536147e+00
6.892976588628762613e+01 9.881996148394064927e-03 1.016426756713451507e+00 3.403041382113493937e-03 3.615981927678533214e-01 2.165475468026145656e+00
6.923076923076924061e+01 9.572362732279791550e-03 1.020052209325202464e+00 3.041895129346616506e-03 3.626289440211596382e-01 2.010449390994610397e+00
6.953177257525084087e+01 9.267197739453449448e-03 1.023677661936953642e+00 2.955246302657373036e-03 3.636596952744659550e-01 1.866442694030345795e+00
6.983277591973244114e+01 8.965534846054772078e-03 1.027303114548704821e+00 3.030870316453270451e-03 3.646904465277723273e-01 1.729986293524874874e+00
7.013377926421405562e+01 8.667689518147406180e-03 1.030928567160456000e+00 3.125912257024029452e-03 3.657211977810786996e-01 1.598014926050195905e+00
7.043478260869565588e+01 8.374952125154778645e-03 1.034554019772206956e+00 3.116025907800904892e-03 3.667519490343850164e-01 1.468943568793541488e+00
7.073578595317725615e+01 8.088151436524117222e-03 1.038179472383958135e+00 2.952139491839198167e-03 3.677827002876913887e-01 1.342481625553849423e+00
7.103678929765887062e+01 7.805966478116554280e-03 1.041804924995709314e+00 2.667001888106330671e-03 3.688134515409977610e-01 1.218931939416659116e+00
7.133779264214047089e+01 7.524268127263191927e-03 1.045430377607460493e+00 2.330760207067360951e-03 3.698442027943040777e-01 1.099093504554417899e+00
7.163879598662208537e+01 7.237257146573455174e-03 1.049055830219211449e+00 2.009743746670972046e-03 3.708749540476104500e-01 9.846146497654871821e-01
7.193979933110368563e+01 6.940026053922306037e-03 1.052681282830962628e+00 1.756679576771794093e-03 3.719057053009168223e-01 8.776866649209449367e-01
7.224080267558528590e+01 6.631237201174417298e-03 1.056306735442713807e+00 1.609187222028589078e-03 3.729364565542231391e-01 7.798711925532147982e-01
7.254180602006690037e+01 6.314550468269630908e-03 1.059932188054464985e+00 1.571656845882776201e-03 3.739672078075295114e-01 6.912486454634247934e-01
7.284280936454850064e+01 5.998210771383042858e-03 1.063557640666216164e+00 1.599586965707833425e-03 3.749979590608358837e-01 6.108421728928855599e-01
7.314381270903010090e+01 5.693161696889135343e-03 1.067183093277967121e+00 1.624050645069439851e-03 3.760287103141422005e-01 5.378078669571232373e-01
7.344481605351171538e+01 5.410532780850522278e-03 1.070808545889718300e+00 1.606445354467143753e-03 3.770594615674485173e-01 4.721626855594227012e-01
7.374581939799331565e+01 5.159228886166862191e-03 1.074433998501469478e+00 1.560719782771644287e-03 3.780902128207549451e-01 4.144754355690549175e-01
7.404682274247491591e+01 4.944006399935553346e-03 1.078059451113220657e+00 1.513624105812084444e-03 3.791209640740612619e-01 3.649787076405981989e-01
7.434782608695653039e+01 4.764263473032091280e-03 1.081684903724971614e+00 1.465474011569193984e-03 3.801517153273675786e-01 3.229831557936421182e-01
7.464882943143813065e+01 4.613847120739624809e-03 1.085310356336722792e+00 1.418137136129873519e-03 3.811824665806740065e-01 2.870908227652529399e-01
7.494983277591973092e+01 4.482195771975672205e-03 1.088935808948473971e+00 1.421941790954531822e-03 3.822132178339803232e-01 2.559438486296541915e-01
7.525083612040134540e+01 4.356815786681096994e-03 1.092561261560225150e+00 1.538392679033171893e-03 3.832439690872866400e-01 2.287911061973319504e-01
7.555183946488294566e+01 4.226491026770055545e-03 1.096186714171976107e+00 1.733353833810717497e-03 3.842747203405930678e-01 2.053908653602510292e-01
7.585284280936456014e+01 4.084127752706947882e-03 1.099812166783727285e+00 1.847045479261676636e-03 3.853054715938993846e-01 1.854266005220312485e-01
7.615384615384616041e+01 3.928146765448690091e-03 1.103437619395478464e+00 1.722537253051984428e-03 3.863362228472057014e-01 1.680450975236072453e-01
7.645484949832776067e+01 3.761939886365887106e-03 1.107063072007229643e+00 1.366268473354435853e-03 3.873669741005121292e-01 1.519423616762978491e-01
7.675585284280937515e+01 3.591785140424112125e-03 1.110688524618980599e+00 9.490080800269144485e-04 3.883977253538184460e-01 1.358849127841043614e-01
7.705685618729097541e+01 3.424246567376559077e-03 1.114313977230731778e+00 6.524641013910387460e-04 3.894284766071247628e-01 1.192396378814745139e-01
7.735785953177257568e+01 3.264124679434177081e-03 1.117939429842482957e+00 5.516873419738433726e-04 3.904592278604311906e-01 1.021988943063970590e-01
7.765886287625419016e+01 3.113531963952563281e-03 1.121564882454234136e+00 6.350312995049749512e-04 3.914899791137375074e-01 8.563667158392525292e-02
7.795986622073579042e+01 2.972033927580722962e-03 1.125190335065985314e+00 8.622587819313854958e-04 3.925207303670438241e-01 7.067229062958632624e-02
7.826086956521739069e+01 2.837423776968692017e-03 1.128815787677736271e+00 1.151772805743961478e-03 3.935514816203502519e-01 5.813255389384695826e-02
7.856187290969900516e+01 2.706711701453643100e-03 1.132441240289487450e+00 1.354245532753079947e-03 3.945822328736565687e-01 4.821986418798202695e-02
7.886287625418060543e+01 2.577114322238564532e-03 1.136066692901238628e+00 1.326032117819090413e-03 3.956129841269628855e-01 4.058566576703510898e-02
7.916387959866221991e+01 2.446945912367398928e-03 1.139692145512989807e+00 1.054691271670247024e-03 3.966437353802692023e-01 3.465481093167833287e-02
7.946488294314382017e+01 2.316247230473149257e-03 1.143317598124740764e+00 6.744162243665916597e-04 3.976744866335756301e-01 2.986419552677474151e-02
7.976588628762542044e+01 2.186895983252377853e-03 1.146943050736491942e+00 3.453355682588294230e-04 3.987052378868819469e-01 2.571524235140417933e-02
8.006688963210703491e+01 2.062036402139646833e-03 1.150568503348243121e+00 1.414187755643369617e-04 3.997359891401882637e-01 2.182315606290132284e-02
8.036789297658863518e+01 1.944970503393946828e-03 1.154193955959994300e+00 4.636722429566141523e-05 4.007667403934946915e-01 1.805591592200112699e-02
8.066889632107023544e+01 1.837967815470873800e-03 1.157819408571745257e+00 1.260616718236846639e-05 4.017974916468010083e-01 1.458613888617360348e-02
8.096989966555184992e+01 1.741527772293118437e-03 1.161444861183496435e+00 5.106576517654575834e-06 4.028282429001073250e-01 1.169606886034646118e-02
8.127090301003345019e+01 1.654398517558980765e-03 1.165070313795247614e+00 1.129158096542594482e-05 4.038589941534137528e-01 9.480340860170518441e-03
8.157190635451505045e+01 1.574268569376949430e-03 1.168695766406998793e+00 3.726908420979205809e-05 4.048897454067200696e-01 7.746263322567645097e-03
8.187290969899666493e+01 1.498740448185881561e-03 1.172321219018749749e+00 1.037673657152740479e-04 4.059204966600263864e-01 6.200390094179291170e-03
8.217391304347826519e+01 1.426121830414190999e-03 1.175946671630500928e+00 2.368977404337923958e-04 4.069512479133328142e-01 4.707427245665433448e-03
8.247491638795986546e+01 1.355732636391867706e-03 1.179572124242252107e+00 4.453922352332392669e-04 4.079819991666391310e-01 3.367488101873078628e-03
8.277591973244147994e+01 1.287713075630575162e-03 1.183197576854003286e+00 6.936558522170376603e-04 4.090127504199454478e-01 2.376652260887421840e-03
8.307692307692308020e+01 1.222571339458761218e-03 1.186823029465754242e+00 9.009590070507833559e-04 4.100435016732518756e-01 1.833854725374134669e-03
8.337792642140469468e+01 1.160796372821084731e-03 1.190448482077505421e+00 9.858050480872817406e-04 4.110742529265581924e-01 1.656296606574136649e-03
8.367892976588629494e+01 1.102735018923963395e-03 1.194073934689256600e+00 9.259251403287775380e-04 4.121050041798645092e-01 1.637071072870480842e-03
8.397993311036789521e+01 1.048680876100253076e-03 1.197699387301007778e+00 7.737072088692681241e-04 4.131357554331709370e-01 1.572494940285093946e-03
8.428093645484950969e+01 9.989325786892344541e-04 1.201324839912758735e+00 6.066896780116104969e-04 4.141665066864772538e-01 1.363486298591390236e-03
8.458193979933110995e+01 9.536124048978820988e-04 1.204950292524509914e+00 4.659811652377093892e-04 4.151972579397835705e-01 1.035042509751227030e-03
8.488294314381271022e+01 9.122830447431470738e-04 1.208575745136261093e+00 3.467504190743616373e-04 4.162280091930899983e-01 6.818416822150889789e-04
8.518394648829432469e+01 8.736624853375364206e-04 1.212201197748012271e+00 2.358530237322915292e-04 4.172587604463963151e-01 3.947652046841740618e-04
8.548494983277592496e+01 8.357764299417231625e-04 1.215826650359763228e+00 1.393806931390009589e-04 4.182895116997026319e-01 2.215646523279886588e-04
8.578595317725752523e+01 7.966340191715768184e-04 1.219452102971514407e+00 7.466929596238975426e-05 4.193202629530089487e-01 1.737426234486293965e-04
8.608695652173913970e+01 7.551400028642977309e-04 1.223077555583265585e+00 5.360851432687832043e-05 4.203510142063153765e-01 2.524440649147630155e-04
8.638795986622073997e+01 7.117495550530692806e-04 1.226703008195016764e+00 8.041960833399522857e-05 4.213817654596216933e-01 4.586384683158044122e-04
8.668896321070235444e+01 6.684914084514192870e-04 1.230328460806767721e+00 1.540956634837918680e-04 4.224125167129280101e-01 7.747027425950870358e-04
8.698996655518395471e+01 6.283399126723637935e-04 1.233953913418518900e+00 2.620659718016053524e-04 4.234432679662344379e-01 1.136274041705128118e-03
8.729096989966555498e+01 5.942518687870595052e-04 1.237579366030270078e+00 3.736845579142571605e-04 4.244740192195407547e-01 1.431224326283980774e-03
8.759197324414716945e+01 5.682940010161679481e-04 1.241204818642021257e+00 4.486689045658039283e-04 4.255047704728470714e-01 1.545684723038901398e-03
8.789297658862876972e+01 5.511591902765129291e-04 1.244830271253772436e+00 4.572418959277849181e-04 4.265355217261534992e-01 1.430972688694212959e-03
8.819397993311036998e+01 5.421464135306836235e-04 1.248455723865523392e+00 3.958866498345594512e-04 4.275662729794598160e-01 1.135523456013907452e-03
8.849498327759198446e+01 5.395070669359707059e-04 1.252081176477274571e+00 2.890446914567443661e-04 4.285970242327661328e-01 7.722156111505811297e-04
8.879598662207358473e+01 5.409851831924492862e-04 1.255706629089025750e+00 1.757276742432535208e-04 4.296277754860725606e-01 4.499248112443820927e-04
8.909698996655518499e+01 5.443683052349326422e-04 1.259332081700776929e+00 8.777285059711486420e-05 4.306585267393788774e-01 2.245142540691608232e-04
8.939799331103679947e+01 5.478904608405752146e-04 1.262957534312527885e+00 3.561247948371896175e-05 4.316892779926851942e-01 9.591015779756305629e-05
8.969899665551839973e+01 5.503965803040064336e-04 1.266582986924279064e+00 1.163996780277131353e-05 4.327200292459916220e-01 3.505866019744735177e-05
9.000000000000000000e+01 5.512905025682885958e-04 1.270208439536030243e+00 3.047707213104225995e-06 4.337507804992979388e-01 1.096017098050850086e-05
