0.000000000000000000e+00 1.217868873569168890e-45 3.322167433673324233e-01 2.977981603129852249e-06 3.634678543688226737e-01 5.124878767890328616e-06
3.010033444816053727e-01 1.134763792676879092e-44 3.405897565097714685e-01 8.964429732789984382e-06 3.674690955063226738e-01 1.533611337396230113e-05
6.020066889632107454e-01 2.004685881974970337e-43 3.489627696522105138e-01 2.334087288915632482e-05 3.714703366438226739e-01 3.979700942081672543e-05
9.030100334448161181e-01 3.385121895326978077e-42 3.573357827946496146e-01 5.261476053337006751e-05 3.754715777813226185e-01 8.963467898285837072e-05
1.204013377926421491e+00 5.448817732774664835e-41 3.657087959370886598e-01 1.028163945846744502e-04 3.794728189188226186e-01 1.754344138778225043e-04
1.505016722408026864e+00 8.360398243691017078e-40 3.740818090795277051e-01 1.745016766491156736e-04 3.834740600563226187e-01 2.988612944838450617e-04
1.806020066889632236e+00 1.222780113946834144e-38 3.824548222219667504e-01 2.579399748637734176e-04 3.874753011938226188e-01 4.441096492240465790e-04
2.107023411371237387e+00 1.704772766507080664e-37 3.908278353644057956e-01 3.334397451756164607e-04 3.914765423313226189e-01 5.774127794693649420e-04
2.408026755852842982e+00 2.265590300328498941e-36 3.992008485068448964e-01 3.794056187848774265e-04 3.954777834688225635e-01 6.597271390195769180e-04
2.709030100334448576e+00 2.870073509252897043e-35 4.075738616492839417e-01 3.841784242526354574e-04 3.994790246063225636e-01 6.670563584074210017e-04
3.010033444816053727e+00 3.465783695110723172e-34 4.159468747917229869e-01 3.535307674866727508e-04 4.034802657438225637e-01 6.042974808509926545e-04
3.311036789297658878e+00 3.989391975111000545e-33 4.243198879341620322e-01 3.091908172846021766e-04 4.074815068813225638e-01 5.019236882866793181e-04
3.612040133779264472e+00 4.377325327681261212e-32 4.326929010766010775e-01 2.812781901321025394e-04 4.114827480188225639e-01 3.979221186272740630e-04
3.913043478260870067e+00 4.578337961836552283e-31 4.410659142190401782e-01 3.007328860187860695e-04 4.154839891563225640e-01 3.179146925776202867e-04
4.214046822742474774e+00 4.564611692752523486e-30 4.494389273614791680e-01 3.945992445128928779e-04 4.194852302938225086e-01 2.660368835359410095e-04
4.515050167224080369e+00 4.338073143178422320e-29 4.578119405039182688e-01 5.828770593211043266e-04 4.234864714313225087e-01 2.302408920794304990e-04
4.816053511705685963e+00 3.929950100890090334e-28 4.661849536463573140e-01 8.749933666743046510e-04 4.274877125688225088e-01 1.958778521098280189e-04
5.117056856187291558e+00 3.393707835104835679e-27 4.745579667887963593e-01 1.265432169570604448e-03 4.314889537063225089e-01 1.572049611050500731e-04
5.418060200668897153e+00 2.793568073441282396e-26 4.829309799312354601e-01 1.728902085837616355e-03 4.354901948438224535e-01 1.200186852067333687e-04
5.719063545150501859e+00 2.192005489868420098e-25 4.913039930736744498e-01 2.216365370819458128e-03 4.394914359813224536e-01 9.627812769467815714e-05
6.020066889632107454e+00 1.639539220322913808e-24 4.996770062161135506e-01 2.656622677866021104e-03 4.434926771188224537e-01 9.661202736127360918e-05
6.321070234113713049e+00 1.168961085395145114e-23 5.080500193585526514e-01 2.971346101847300268e-03 4.474939182563224538e-01 1.259249306625385121e-04
6.622073578595317755e+00 7.944685573122622157e-23 5.164230325009916411e-01 3.106394305293710186e-03 4.514951593938224539e-01 1.839019578748939999e-04
6.923076923076923350e+00 5.146976915834974850e-22 5.247960456434307419e-01 3.066878766323592135e-03 4.554964005313224540e-01 2.696097961263445092e-04
7.224080267558528945e+00 3.178535817880660333e-21 5.331690587858697317e-01 2.931456223936143319e-03 4.594976416688224541e-01 3.874003279852662089e-04
7.525083612040134540e+00 1.871121760492348365e-20 5.415420719283088324e-01 2.829657697143532318e-03 4.634988828063223987e-01 5.493943698099574289e-04
7.826086956521740134e+00 1.049972373017926047e-19 5.499150850707479332e-01 2.891265131599420231e-03 4.675001239438223988e-01 7.708982240447328571e-04
8.127090301003345729e+00 5.616368753311533179e-19 5.582880982131869230e-01 3.195500742011781869e-03 4.715013650813223989e-01 1.061244713657829696e-03
8.428093645484949548e+00 2.863759676694620183e-18 5.666611113556259127e-01 3.744605847003178774e-03 4.755026062188223990e-01 1.418552455185183607e-03
8.729096989966555142e+00 1.391945878274734054e-17 5.750341244980650135e-01 4.469062551946038561e-03 4.795038473563223436e-01 1.834232797662612270e-03
9.030100334448160737e+00 6.449335399847974802e-17 5.834071376405041143e-01 5.256668411178328296e-03 4.835050884938223437e-01 2.301662955565927059e-03
9.331103678929766332e+00 2.848504552390297363e-16 5.917801507829432150e-01 5.991750225372812107e-03 4.875063296313223438e-01 2.815324753142420082e-03
9.632107023411371927e+00 1.199309686005321986e-15 6.001531639253822048e-01 6.590470922109775004e-03 4.915075707688223439e-01 3.354133376969968289e-03
9.933110367892977521e+00 4.813512869589638374e-15 6.085261770678211946e-01 7.018822541155367994e-03 4.955088119063223440e-01 3.862128205707594884e-03
1.023411371237458312e+01 1.841680043383694897e-14 6.168991902102602953e-01 7.284379297631816443e-03 4.995100530438223441e-01 4.250763086060661486e-03
1.053511705685618871e+01 6.717281813344731105e-14 6.252722033526993961e-01 7.408533960570501745e-03 5.035112941813223442e-01 4.432840710844242367e-03
1.083612040133779431e+01 2.335650831415500366e-13 6.336452164951384969e-01 7.405406253817170201e-03 5.075125353188223443e-01 4.368214121936181242e-03
1.113712374581939812e+01 7.742242513112648789e-13 6.420182296375774866e-01 7.290686084440839952e-03 5.115137764563222333e-01 4.086551589445771605e-03
1.143812709030100372e+01 2.446707669340482001e-12 6.503912427800164764e-01 7.110097835142203775e-03 5.155150175938223445e-01 3.670776197556161261e-03
1.173913043478260931e+01 7.371720566804536773e-12 6.587642559224555772e-01 6.949629047436158870e-03 5.195162587313222335e-01 3.218208618453733284e-03
1.204013377926421491e+01 2.117610034519215891e-11 6.671372690648946779e-01 6.907346537451068864e-03 5.235174998688222336e-01 2.810023129314595958e-03
1.234113712374582050e+01 5.800123362622057982e-11 6.755102822073337787e-01 7.051654518379187747e-03 5.275187410063222337e-01 2.502338756892128618e-03
1.264214046822742610e+01 1.514860517746825740e-10 6.838832953497727685e-01 7.406704423468095724e-03 5.315199821438222338e-01 2.328966490337197083e-03
1.294314381270903169e+01 3.773030565640756935e-10 6.922563084922117582e-01 7.972507755703397633e-03 5.355212232813222339e-01 2.303746910759525268e-03
1.324414715719063551e+01 8.962697297628170068e-10 7.006293216346508590e-01 8.747757348171729397e-03 5.395224644188222340e-01 2.423709351192771932e-03
1.354515050167224111e+01 2.030859223534202367e-09 7.090023347770899598e-01 9.726421410107195450e-03 5.435237055563222341e-01 2.677017973799452819e-03
1.384615384615384670e+01 4.390290125919346093e-09 7.173753479195290605e-01 1.087862004171347326e-02 5.475249466938222342e-01 3.048471768197490942e-03
1.414715719063545230e+01 9.056948509255982076e-09 7.257483610619680503e-01 1.214979294704611815e-02 5.515261878313222343e-01 3.514464573521585387e-03
1.444816053511705789e+01 1.783527994164593205e-08 7.341213742044070401e-01 1.348813045907005376e-02 5.555274289688221234e-01 4.037155191476654581e-03
1.474916387959866348e+01 3.354001355858693026e-08 7.424943873468461408e-01 1.487022535966014795e-02 5.595286701063222345e-01 4.575651080139057740e-03
1.505016722408026908e+01 6.026490349217271213e-08 7.508674004892852416e-01 1.629543888625180348e-02 5.635299112438221236e-01 5.108889820312045860e-03
1.535117056856187467e+01 1.035365625638172726e-07 7.592404136317243424e-01 1.776483132473244755e-02 5.675311523813221237e-01 5.639901570406467834e-03
1.565217391304348027e+01 1.702422491011683182e-07 7.676134267741633321e-01 1.928742115013777625e-02 5.715323935188221238e-01 6.168018439690075086e-03
1.595317725752508409e+01 2.682544907086893507e-07 7.759864399166023219e-01 2.091731381562248263e-02 5.755336346563221239e-01 6.660169704349881009e-03
1.625418060200669146e+01 4.057814558118804531e-07 7.843594530590414227e-01 2.276853529572139823e-02 5.795348757938221240e-01 7.061230856682138360e-03
1.655518394648829528e+01 5.906453248092723144e-07 7.927324662014805234e-01 2.497267548249424915e-02 5.835361169313221241e-01 7.336315050776847507e-03
1.685618729096989910e+01 8.298824982710951440e-07 8.011054793439195132e-01 2.763214340892437143e-02 5.875373580688221242e-01 7.496016775290272396e-03
1.715719063545150647e+01 1.130175916114176740e-06 8.094784924863586140e-01 3.085522357223053139e-02 5.915385992063221243e-01 7.577278600563112053e-03
1.745819397993311028e+01 1.499561939652574202e-06 8.178515056287976037e-01 3.486470262564168865e-02 5.955398403438221244e-01 7.609265758622327756e-03
1.775919732441471766e+01 1.950532020850250725e-06 8.262245187712367045e-01 4.005150975867605156e-02 5.995410814813220135e-01 7.610964240602534001e-03
1.806020066889632147e+01 2.504101440660843689e-06 8.345975319136758053e-01 4.685795626230677274e-02 6.035423226188221246e-01 7.624530135869898688e-03
1.836120401337792885e+01 3.193803221809249305e-06 8.429705450561147950e-01 5.553214824309381931e-02 6.075435637563220137e-01 7.737495110289045741e-03
1.866220735785953266e+01 4.068149802474391058e-06 8.513435581985538958e-01 6.594026269688120501e-02 6.115448048938220138e-01 8.045695637393799476e-03
1.896321070234114003e+01 5.190167629328700534e-06 8.597165713409928856e-01 7.760921550584674866e-02 6.155460460313220139e-01 8.564712996492258867e-03
1.926421404682274385e+01 6.633310857633253243e-06 8.680895844834319863e-01 9.000299796212371528e-02 6.195472871688220140e-01 9.162577372515724738e-03
1.956521739130434767e+01 8.474315890035250286e-06 8.764625976258710871e-01 1.028502556382215188e-01 6.235485283063220141e-01 9.592788094785229674e-03
1.986622073578595504e+01 1.078498897671060972e-05 8.848356107683100769e-01 1.162885141753698948e-01 6.275497694438220142e-01 9.631454016987610334e-03
2.016722408026755886e+01 1.362592792375185188e-05 8.932086239107491776e-01 1.307169398851692754e-01 6.315510105813220143e-01 9.227739895717143245e-03
2.046822742474916623e+01 1.704517430336637091e-05 9.015816370531881674e-01 1.464641079759830267e-01 6.355522517188219034e-01 8.557034750314128357e-03
2.076923076923077005e+01 2.108349156717278481e-05 9.099546501956272682e-01 1.635229209309280729e-01 6.395534928563220145e-01 7.941648124202971629e-03
2.107023411371237742e+01 2.578564004719498717e-05 9.183276633380663689e-01 1.815707773538491610e-01 6.435547339938219036e-01 7.696996693712573716e-03
2.137123745819398124e+01 3.121452329765756948e-05 9.267006764805053587e-01 2.002901129539587100e-01 6.475559751313220147e-01 7.991608421468225643e-03
2.167224080267558861e+01 3.746354840481798008e-05 9.350736896229444595e-01 2.197656617837868420e-01 6.515572162688219038e-01 8.778241799775102910e-03
2.197324414715719243e+01 4.466286967052500038e-05 9.434467027653834492e-01 2.406442234149658022e-01 6.555584574063219039e-01 9.814001346909987863e-03
2.227424749163879625e+01 5.297751198284179425e-05 9.518197159078225500e-01 2.639027873673973068e-01 6.595596985438219040e-01 1.076239964625624879e-02
2.257525083612040362e+01 6.259889720927341460e-05 9.601927290502616508e-01 2.903823722486144066e-01 6.635609396813219041e-01 1.134194545762993306e-02
2.287625418060200744e+01 7.373456646149231905e-05 9.685657421927006405e-01 3.204474865475939183e-01 6.675621808188219042e-01 1.145288998833116946e-02
2.317725752508361481e+01 8.660242581120566722e-05 9.769387553351397413e-01 3.540342008065709423e-01 6.715634219563219043e-01 1.121260103659208439e-02
2.347826086956521863e+01 1.014348040158938660e-04 9.853117684775787311e-01 3.910281182185711968e-01 6.755646630938219044e-01 1.088235320836811876e-02
2.377926421404682600e+01 1.184941400180299336e-04 9.936847816200178318e-01 4.316360339798138157e-01 6.795659042313217935e-01 1.073799608078807553e-02
2.408026755852842982e+01 1.380972451518434354e-04 1.002057794762456933e+00 4.764017052278405329e-01 6.835671453688219046e-01 1.096397753683057974e-02
2.438127090301003363e+01 1.606403429180036516e-04 1.010430807904895811e+00 5.257845003882444246e-01 6.875683865063217937e-01 1.161673092049358633e-02
2.468227424749164101e+01 1.866140901063633286e-04 1.018803821047335134e+00 5.795865579359197328e-01 6.915696276438219048e-01 1.264740577350674695e-02
2.498327759197324482e+01 2.165978885182148544e-04 1.027176834189774013e+00 6.366899939443509959e-01 6.955708687813217939e-01 1.394380843762844241e-02
2.528428093645485220e+01 2.512268022705129995e-04 1.035549847332213114e+00 6.953666888854662664e-01 6.995721099188217940e-01 1.536310196157017471e-02
2.558528428093645601e+01 2.911320951123059337e-04 1.043922860474652214e+00 7.539926386320412455e-01 7.035733510563217941e-01 1.675792624214709689e-02
2.588628762541806339e+01 3.368661131798599711e-04 1.052295873617091093e+00 8.117188418895980861e-01 7.075745921938217942e-01 1.801120662862969873e-02
2.618729096989966720e+01 3.888307165370928457e-04 1.060668886759530416e+00 8.687438121104118505e-01 7.115758333313217943e-01 1.907255586755373516e-02
2.648829431438127102e+01 4.472317095216225271e-04 1.069041899901969295e+00 9.261442636260238670e-01 7.155770744688217944e-01 1.996283531291047700e-02
2.678929765886287839e+01 5.120767597440970421e-04 1.077414913044408395e+00 9.854415292055103137e-01 7.195783156063217945e-01 2.073208784039280370e-02
2.709030100334448221e+01 5.832211892053768216e-04 1.085787926186847496e+00 1.048080750666919636e+00 7.235795567438216835e-01 2.141293177649843116e-02
2.739130434782608958e+01 6.604488208168415820e-04 1.094160939329286375e+00 1.114899705923589224e+00 7.275807978813217947e-01 2.203035988466053516e-02
2.769230769230769340e+01 7.435606929483695726e-04 1.102533952471725698e+00 1.185662559402071548e+00 7.315820390188216837e-01 2.266441929364419391e-02
2.799331103678930077e+01 8.324396581190372704e-04 1.110906965614164577e+00 1.258866429070925719e+00 7.355832801563217949e-01 2.348502370504363182e-02
2.829431438127090459e+01 9.270667404868518932e-04 1.119279978756603677e+00 1.332085040872099224e+00 7.395845212938216839e-01 2.469370490844740793e-02
2.859531772575251196e+01 1.027483154243270759e-03 1.127652991899042778e+00 1.402856541903268583e+00 7.435857624313216840e-01 2.640517406043947635e-02
2.889632107023411578e+01 1.133712933328770217e-03 1.136026005041481657e+00 1.469648653330725585e+00 7.475870035688216841e-01 2.856532659924325424e-02
2.919732441471571960e+01 1.245676683035144101e-03 1.144399018183920980e+00 1.532230622496340011e+00 7.515882447063216842e-01 3.096850527121522423e-02
2.949832775919732697e+01 1.363131061065574320e-03 1.152772031326359858e+00 1.591218315495259272e+00 7.555894858438216843e-01 3.336170299206658169e-02
2.979933110367893079e+01 1.485660233172422752e-03 1.161145044468798959e+00 1.647287504721831830e+00 7.595907269813215734e-01 3.557689139333174849e-02
3.010033444816053816e+01 1.612728621019822711e-03 1.169518057611238060e+00 1.700733731216243827e+00 7.635919681188216845e-01 3.761795276281601486e-02
3.040133779264214198e+01 1.743785298642354853e-03 1.177891070753676939e+00 1.751461321455313414e+00 7.675932092563215736e-01 3.963928549809316720e-02
3.070234113712374935e+01 1.878395553035653882e-03 1.186264083896116261e+00 1.798951545668417085e+00 7.715944503938216847e-01 4.181717547209963526e-02
3.100334448160535317e+01 2.016367955185744115e-03 1.194637097038555140e+00 1.842079108044334390e+00 7.755956915313215738e-01 4.421703126650231713e-02
3.130434782608696054e+01 2.157846175663066714e-03 1.203010110180994241e+00 1.879302549168591518e+00 7.795969326688215739e-01 4.679044320541324298e-02
3.160535117056856436e+01 2.303341904135953154e-03 1.211383123323433342e+00 1.909586816151121802e+00 7.835981738063215740e-01 4.951579855887165010e-02
3.190635451505016817e+01 2.453696120020755489e-03 1.219756136465872220e+00 1.933406242678990639e+00 7.875994149438215741e-01 5.252367567705461954e-02
3.220735785953177555e+01 2.609968541882999246e-03 1.228129149608311543e+00 1.952674327759950978e+00 7.916006560813215742e-01 5.603156513235898334e-02
3.250836120401338292e+01 2.773267760079979691e-03 1.236502162750750422e+00 1.969344117243728487e+00 7.956018972188215743e-01 6.011446372738048216e-02
3.280936454849498318e+01 2.944545691327615615e-03 1.244875175893189523e+00 1.983822383645693632e+00 7.996031383563215744e-01 6.455345060740844132e-02
3.311036789297659055e+01 3.124387719256509124e-03 1.253248189035628624e+00 1.994602425629718789e+00 8.036043794938214635e-01 6.896962897167693840e-02
3.341137123745819792e+01 3.312832795248679338e-03 1.261621202178067502e+00 1.999295553472967724e+00 8.076056206313215746e-01 7.316663585715525719e-02
3.371237458193979819e+01 3.509255966052349848e-03 1.269994215320506603e+00 1.995915974218726685e+00 8.116068617688214637e-01 7.736882197961231222e-02
3.401337792642140556e+01 3.712340998277312981e-03 1.278367228462945704e+00 1.983324583435709387e+00 8.156081029063215748e-01 8.211916026410094605e-02
3.431438127090301293e+01 3.920164758882009604e-03 1.286740241605384805e+00 1.960968689333621340e+00 8.196093440438214639e-01 8.791881453532010560e-02
3.461538461538462030e+01 4.130407135388776581e-03 1.295113254747823905e+00 1.928847119829218304e+00 8.236105851813214640e-01 9.492314860195913417e-02
3.491638795986622057e+01 4.340686446160876323e-03 1.303486267890262784e+00 1.888008436800418632e+00 8.276118263188214641e-01 1.029371721522526345e-01
3.521739130434782794e+01 4.548995436456092743e-03 1.311859281032701885e+00 1.840814509520369180e+00 8.316130674563214642e-01 1.116749293083072192e-01
3.551839464882943531e+01 4.754176571828726446e-03 1.320232294175140986e+00 1.790241621357368640e+00 8.356143085938214643e-01 1.210349084928845770e-01
3.581939799331104268e+01 4.956336464921071681e-03 1.328605307317580086e+00 1.738626127004221367e+00 8.396155497313214644e-01 1.311635370199228379e-01
3.612040133779264295e+01 5.157076247809295674e-03 1.336978320460019187e+00 1.686954063561818984e+00 8.436167908688214645e-01 1.422728635492838956e-01
3.642140468227425032e+01 5.359427550865085259e-03 1.345351333602458066e+00 1.635182713730069404e+00 8.476180320063213536e-01 1.543645854140928142e-01
3.672240802675585769e+01 5.567442113570471307e-03 1.353724346744897167e+00 1.583047793590025343e+00 8.516192731438214647e-01 1.670589616867949601e-01
3.702341137123745796e+01 5.785476818788395925e-03 1.362097359887336268e+00 1.530581166011705685e+00 8.556205142813213538e-01 1.796413349392501080e-01
3.732441471571906533e+01 6.017315388579031442e-03 1.370470373029775368e+00 1.478155405540249268e+00 8.596217554188214649e-01 1.913156821234414939e-01
3.762541806020067270e+01 6.265335122250013412e-03 1.378843386172214469e+00 1.426392234634598521e+00 8.636229965563213540e-01 2.015655380687615683e-01
3.792642140468228007e+01 6.529932902134267039e-03 1.387216399314653348e+00 1.376196439922830139e+00 8.676242376938213541e-01 2.104745522060656460e-01
3.822742474916388034e+01 6.809363147485420278e-03 1.395589412457092449e+00 1.328791160564516627e+00 8.716254788313213542e-01 2.188425137574031010e-01
3.852842809364548771e+01 7.100031359419558923e-03 1.403962425599531549e+00 1.285469535172178102e+00 8.756267199688213543e-01 2.279776553518962634e-01
3.882943143812709508e+01 7.397167297074245911e-03 1.412335438741970650e+00 1.247014981752398777e+00 8.796279611063213544e-01 2.391951348613703676e-01
3.913043478260869534e+01 7.695709881080025141e-03 1.420708451884409751e+00 1.213112903382762120e+00 8.836292022438213545e-01 2.532548957835583647e-01
3.943143812709030271e+01 7.991196701139161376e-03 1.429081465026848630e+00 1.182212511413849754e+00 8.876304433813213546e-01 2.700546164024462126e-01
3.973244147157191009e+01 8.280469331004463793e-03 1.437454478169287730e+00 1.152070698803893345e+00 8.916316845188213547e-01 2.887351352076292788e-01
4.003344481605351746e+01 8.562067881059395175e-03 1.445827491311726831e+00 1.120778845869975449e+00 8.956329256563213548e-01 3.080896698647897503e-01
4.033444816053511772e+01 8.836270272608847190e-03 1.454200504454165932e+00 1.087710316005516153e+00 8.996341667938212439e-01 3.270495707896174942e-01
4.063545150501672509e+01 9.104809023172079005e-03 1.462573517596605033e+00 1.053784071953309809e+00 9.036354079313212440e-01 3.450881871553106439e-01
4.093645484949833246e+01 9.370353716147002479e-03 1.470946530739043911e+00 1.020826406918529328e+00 9.076366490688212441e-01 3.624441101830143119e-01
4.123745819397993273e+01 9.635874578665729051e-03 1.479319543881483012e+00 9.904131136908458366e-01 9.116378902063212442e-01 3.800415020404539490e-01
4.153846153846154010e+01 9.904005144331510732e-03 1.487692557023922113e+00 9.629292340867693367e-01 9.156391313438212443e-01 3.990696668456893970e-01
4.183946488294314747e+01 1.017650797730274177e-02 1.496065570166361214e+00 9.374088627699324050e-01 9.196403724813212444e-01 4.204596198211598135e-01
4.214046822742475484e+01 1.045392388755381728e-02 1.504438583308800315e+00 9.121649219380464357e-01 9.236416136188212445e-01 4.446520201616561141e-01
4.244147157190635511e+01 1.073545437797218671e-02 1.512811596451239193e+00 8.857080162204339358e-01 9.276428547563212446e-01 4.717824500051198688e-01
4.274247491638796248e+01 1.101908812247324662e-02 1.521184609593678294e+00 8.573509340602181172e-01 9.316440958938212447e-01 5.019607285702483157e-01
4.304347826086956985e+01 1.130193551552941683e-02 1.529557622736117395e+00 8.272518223437901330e-01 9.356453370313212448e-01 5.352415595916513169e-01
4.334448160535117722e+01 1.158068816243510227e-02 1.537930635878556496e+00 7.961203492417734395e-01 9.396465781688211338e-01 5.712778677275495154e-01
4.364548494983277749e+01 1.185208802851952029e-02 1.546303649020995596e+00 7.649631239172806074e-01 9.436478193063211339e-01 6.090486941903900941e-01
4.394648829431438486e+01 1.211329137451591133e-02 1.554676662163434475e+00 7.350061897383443066e-01 9.476490604438211340e-01 6.470494043799767114e-01
4.424749163879599223e+01 1.236205435900501921e-02 1.563049675305873576e+00 7.076258632192566900e-01 9.516503015813211341e-01 6.839610076726785337e-01
4.454849498327759250e+01 1.259674087426293672e-02 1.571422688448312677e+00 6.840715274811098867e-01 9.556515427188211342e-01 7.193777833665047083e-01
4.484949832775919987e+01 1.281623033012041502e-02 1.579795701590751777e+00 6.650061555807282865e-01 9.596527838563211343e-01 7.540098219483490904e-01
4.515050167224080724e+01 1.301984700523050285e-02 1.588168714733190878e+00 6.501617177397871483e-01 9.636540249938211344e-01 7.891240107539385651e-01
4.545150501672241461e+01 1.320741682206620637e-02 1.596541727875629757e+00 6.383938541047766702e-01 9.676552661313211345e-01 8.256437420583678799e-01
4.575250836120401488e+01 1.337948228495388671e-02 1.604914741018068858e+00 6.281000289929344893e-01 9.716565072688211346e-01 8.636384626710927881e-01
4.605351170568562225e+01 1.353760308887445515e-02 1.613287754160507959e+00 6.176907496951016263e-01 9.756577484063211347e-01 9.025236436071403245e-01
4.635451505016722962e+01 1.368458837439169053e-02 1.621660767302947059e+00 6.058881359115119158e-01 9.796589895438211348e-01 9.416406905671936833e-01
4.665551839464882988e+01 1.382449125878751524e-02 1.630033780445386160e+00 5.919060029615125229e-01 9.836602306813210239e-01 9.807280402243775397e-01
4.695652173913043725e+01 1.396226292775470598e-02 1.638406793587825039e+00 5.756163795756522594e-01 9.876614718188210240e-01 1.020140757531179387e+00
4.725752508361204463e+01 1.410308919496879553e-02 1.646779806730264140e+00 5.575845114766496691e-01 9.916627129563210241e-01 1.060927871243593668e+00
4.755852842809365200e+01 1.425156421766096346e-02 1.655152819872703240e+00 5.387868485057915047e-01 9.956639540938210242e-01 1.104755037193681177e+00
4.785953177257525226e+01 1.441093570654420654e-02 1.663525833015142341e+00 5.201387189230299857e-01 9.996651952313210243e-01 1.153512748214342354e+00
4.816053511705685963e+01 1.458264726777160764e-02 1.671898846157581442e+00 5.022440664057366000e-01 1.003666436368821024e+00 1.208630348402064403e+00
4.846153846153846700e+01 1.476630930994326379e-02 1.680271859300020321e+00 4.855688312798642214e-01 1.007667677506320913e+00 1.270464544319556799e+00
4.876254180602006727e+01 1.496009008359346255e-02 1.688644872442459421e+00 4.707406827635130520e-01 1.011668918643821025e+00 1.338215976630327653e+00
4.906354515050167464e+01 1.516138978288052858e-02 1.697017885584898522e+00 4.585261110225810621e-01 1.015670159781321136e+00 1.410480248663737557e+00
4.936454849498328201e+01 1.536758986614921059e-02 1.705390898727337623e+00 4.494092160986865037e-01 1.019671400918821025e+00 1.486034379821159046e+00
4.966555183946488938e+01 1.557667308433839659e-02 1.713763911869776502e+00 4.431220437709955107e-01 1.023672642056320914e+00 1.564254779942290119e+00
4.996655518394648965e+01 1.578757042139544362e-02 1.722136925012215602e+00 4.385213378013222418e-01 1.027673883193820803e+00 1.644892969827882023e+00
5.026755852842809702e+01 1.600017460327916863e-02 1.730509938154654703e+00 4.339449336087889408e-01 1.031675124331320914e+00 1.727537949960496366e+00
5.056856187290970439e+01 1.621503548241623807e-02 1.738882951297093804e+00 4.278947863989387423e-01 1.035676365468821025e+00 1.811355509970523858e+00
5.086956521739130466e+01 1.643280856730770442e-02 1.747255964439532905e+00 4.197066416191981286e-01 1.039677606606320914e+00 1.895280380106918683e+00
5.117056856187291203e+01 1.665356952704081725e-02 1.755628977581971784e+00 4.098292781312766198e-01 1.043678847743820803e+00 1.978217741983731237e+00
5.147157190635451940e+01 1.687614281572564004e-02 1.764001990724410884e+00 3.995352198417541079e-01 1.047680088881320914e+00 2.058824140870318953e+00
5.177257525083612677e+01 1.709761792616981690e-02 1.772375003866849985e+00 3.902476455500001884e-01 1.051681330018821026e+00 2.135152205469783127e+00
5.207357859531772704e+01 1.731322366630957954e-02 1.780748017009289086e+00 3.828972060903505503e-01 1.055682571156320915e+00 2.204901598808123531e+00
5.237458193979933441e+01 1.751667779153119262e-02 1.789121030151728187e+00 3.776218677262774825e-01 1.059683812293820804e+00 2.266497442722488209e+00
5.267558528428094178e+01 1.770102054938495206e-02 1.797494043294167065e+00 3.738418833036962763e-01 1.063685053431320915e+00 2.320282252210558394e+00
5.297658862876254204e+01 1.785979827235540870e-02 1.805867056436606166e+00 3.705567723992923557e-01 1.067686294568821026e+00 2.368856704009774106e+00
5.327759197324414941e+01 1.798833354981799887e-02 1.814240069579045267e+00 3.667030996061081960e-01 1.071687535706320915e+00 2.416251710778733575e+00
5.357859531772575679e+01 1.808475417081060327e-02 1.822613082721484368e+00 3.614712870957856317e-01 1.075688776843820804e+00 2.466424530023252348e+00
5.387959866220736416e+01 1.815048843612676946e-02 1.830986095863923468e+00 3.545132628205926451e-01 1.079690017981320693e+00 2.521894520556068997e+00
5.418060200668896442e+01 1.819006868114808953e-02 1.839359109006362347e+00 3.459898070267783399e-01 1.083691259118820804e+00 2.583109781629437940e+00
5.448160535117057179e+01 1.821027900757151222e-02 1.847732122148801448e+00 3.364470289519526092e-01 1.087692500256320915e+00 2.648627732724715855e+00
5.478260869565217916e+01 1.821887359563952036e-02 1.856105135291240549e+00 3.265736959589423671e-01 1.091693741393820805e+00 2.715760625875824452e+00
5.508361204013378654e+01 1.822321351740487441e-02 1.864478148433679650e+00 3.169375631416077033e-01 1.095694982531320694e+00 2.781305008174637106e+00
5.538461538461538680e+01 1.822918060493532860e-02 1.872851161576118750e+00 3.077994807235501229e-01 1.099696223668820805e+00 2.842285996745117505e+00
5.568561872909699417e+01 1.824062340159403675e-02 1.881224174718557629e+00 2.990633450232384472e-01 1.103697464806320916e+00 2.896806088628356868e+00
5.598662207357860154e+01 1.825940962927364089e-02 1.889597187860996730e+00 2.903668874207580575e-01 1.107698705943820805e+00 2.944795054291263536e+00
5.628762541806020181e+01 1.828596568954480445e-02 1.897970201003435831e+00 2.812708623199694502e-01 1.111699947081320694e+00 2.988120951551960669e+00
5.658862876254180918e+01 1.832004304365856054e-02 1.906343214145874931e+00 2.714633561432336362e-01 1.115701188218820583e+00 3.029750537577196923e+00
5.688963210702341655e+01 1.836140847573096424e-02 1.914716227288314032e+00 2.608883759436800842e-01 1.119702429356320694e+00 3.072370264574443510e+00
5.719063545150502392e+01 1.841021721996438307e-02 1.923089240430752911e+00 2.497677907450473744e-01 1.123703670493820805e+00 3.117361969996648163e+00
5.749163879598662419e+01 1.846696412294841078e-02 1.931462253573192012e+00 2.385561671813666018e-01 1.127704911631320694e+00 3.164733955639556395e+00
5.779264214046823156e+01 1.853206538770390405e-02 1.939835266715631112e+00 2.278485158128196186e-01 1.131706152768820584e+00 3.213797903189330007e+00
5.809364548494983893e+01 1.860524911317402996e-02 1.948208279858070213e+00 2.182050836835451035e-01 1.135707393906320695e+00 3.263829356784837099e+00
5.839464882943143920e+01 1.868499285939167684e-02 1.956581293000509314e+00 2.099188145406771511e-01 1.139708635043820806e+00 3.314147501411371710e+00
5.869565217391304657e+01 1.876823269466873501e-02 1.964954306142948193e+00 2.028794785881420371e-01 1.143709876181320695e+00 3.363716646959438616e+00
5.899665551839465394e+01 1.885049274580695433e-02 1.973327319285387293e+00 1.966605658400157053e-01 1.147711117318820584e+00 3.410804383341325519e+00
5.929765886287626131e+01 1.892646887238114486e-02 1.981700332427826394e+00 1.907618147280013554e-01 1.151712358456320695e+00 3.453086155375894695e+00
5.959866220735786158e+01 1.899096917746045249e-02 1.990073345570265495e+00 1.848252274684555330e-01 1.155713599593820584e+00 3.488127458603048847e+00
5.989966555183946895e+01 1.903999536214438099e-02 1.998446358712704596e+00 1.787180988541389737e-01 1.159714840731320695e+00 3.513867980213855713e+00
6.020066889632107632e+01 1.907167585416087024e-02 2.006819371855143253e+00 1.725010614583876445e-01 1.163716081868820584e+00 3.528837385219845579e+00
6.050167224080267658e+01 1.908676829940164632e-02 2.015192384997582575e+00 1.663404185367867161e-01 1.167717323006320473e+00 3.532234563800557225e+00
6.080267558528428395e+01 1.908855369971625485e-02 2.023565398140021898e+00 1.604039180424375599e-01 1.171718564143820585e+00 3.524208931187837734e+00
6.110367892976589133e+01 1.908212968749830457e-02 2.031938411282460777e+00 1.547660359729118584e-01 1.175719805281320696e+00 3.506306715011566766e+00
6.140468227424749870e+01 1.907331570393877920e-02 2.040311424424899656e+00 1.493623759114973693e-01 1.179721046418820585e+00 3.481501779917421935e+00
6.170568561872909896e+01 1.906752316735320016e-02 2.048684437567338534e+00 1.440389991425123362e-01 1.183722287556320474e+00 3.453391411812819278e+00
6.200668896321070633e+01 1.906894959298089873e-02 2.057057450709777857e+00 1.386920095693396360e-01 1.187723528693820585e+00 3.424978545468550628e+00
6.230769230769231370e+01 1.908031379046878917e-02 2.065430463852217180e+00 1.333991349454024533e-01 1.191724769831320696e+00 3.397874582745401550e+00
6.260869565217392108e+01 1.910311762283269099e-02 2.073803476994656059e+00 1.284120128362971347e-01 1.195726010968820585e+00 3.372211407657538462e+00
6.290969899665552134e+01 1.913820350163355360e-02 2.082176490137094937e+00 1.239818812455809049e-01 1.199727252106320474e+00 3.346935349651970260e+00
6.321070234113712871e+01 1.918627594365958366e-02 2.090549503279533816e+00 1.201522552480470685e-01 1.203728493243820363e+00 3.320255589336388091e+00
6.351170568561873608e+01 1.924811351536872411e-02 2.098922516421973139e+00 1.166968171205387539e-01 1.207729734381320474e+00 3.290291392787527247e+00
6.381270903010033635e+01 1.932437912978829039e-02 2.107295529564412462e+00 1.132513862668833859e-01 1.211730975518820586e+00 3.255738499762398153e+00
6.411371237458195083e+01 1.941514797837115211e-02 2.115668542706851341e+00 1.095236150546603920e-01 1.215732216656320475e+00 3.216160739831888993e+00
6.441471571906355109e+01 1.951941032777181409e-02 2.124041555849290219e+00 1.054280928329652256e-01 1.219733457793820364e+00 3.171931029555916659e+00
6.471571906354515136e+01 1.963481070755224156e-02 2.132414568991729098e+00 1.010871512137873351e-01 1.223734698931320475e+00 3.124263655634343273e+00
6.501672240802676583e+01 1.975776518801644621e-02 2.140787582134168421e+00 9.673473236496069050e-02 1.227735940068820586e+00 3.075343956725311578e+00
6.531772575250836610e+01 1.988392380749758395e-02 2.149160595276607744e+00 9.259307355145611484e-02 1.231737181206320475e+00 3.027881408541415631e+00
6.561872909698996637e+01 2.000880534696759111e-02 2.157533608419046622e+00 8.878312916818241474e-02 1.235738422343820364e+00 2.983747260933420353e+00
6.591973244147158084e+01 2.012838958301229123e-02 2.165906621561485501e+00 8.530039901199455710e-02 1.239739663481320253e+00 2.942520787084031753e+00
6.622073578595318111e+01 2.023951465654276471e-02 2.174279634703924380e+00 8.204179254559114398e-02 1.243740904618820364e+00 2.901247198904792768e+00
6.652173913043478137e+01 2.034004666237586995e-02 2.182652647846363703e+00 7.884533919568219307e-02 1.247742145756320475e+00 2.855795534903312394e+00
6.682274247491639585e+01 2.042889334411466737e-02 2.191025660988803025e+00 7.553240507105206392e-02 1.251743386893820364e+00 2.802854499929277488e+00
6.712374581939799612e+01 2.050596893314411695e-02 2.199398674131241904e+00 7.197069223687693751e-02 1.255744628031320254e+00 2.741154435169216086e+00
6.742474916387959638e+01 2.057217291903159703e-02 2.207771687273680783e+00 6.814751744002030265e-02 1.259745869168820365e+00 2.671282945073858883e+00
6.772575250836121086e+01 2.062935889102381071e-02 2.216144700416119662e+00 6.419859644504918861e-02 1.263747110306320476e+00 2.594663703121389720e+00
6.802675585284281112e+01 2.068020040685385197e-02 2.224517713558558984e+00 6.035720410503078726e-02 1.267748351443820365e+00 2.512754727883005579e+00
6.832775919732442560e+01 2.072785726021997635e-02 2.232890726700998307e+00 5.685557474261216521e-02 1.271749592581320254e+00 2.426906806471496036e+00
6.862876254180602587e+01 2.077541785137160604e-02 2.241263739843437186e+00 5.383853425080678545e-02 1.275750833718820365e+00 2.338431859324609619e+00
6.892976588628762613e+01 2.082520924368924664e-02 2.249636752985876065e+00 5.131748233681854288e-02 1.279752074856320476e+00 2.248372359707885959e+00
6.923076923076924061e+01 2.087816793082088521e-02 2.258009766128314944e+00 4.916139328686705556e-02 1.283753315993820365e+00 2.157199145490296122e+00
6.953177257525084087e+01 2.093349688061697453e-02 2.266382779270754266e+00 4.712639192453557668e-02 1.287754557131320254e+00 2.065051306161250100e+00
6.983277591973244114e+01 2.098877373496613186e-02 2.274755792413193589e+00 4.493488953006855718e-02 1.291755798268820143e+00 1.972513187066368801e+00
7.013377926421405562e+01 2.104053879949186606e-02 2.283128805555632468e+00 4.239205448516240177e-02 1.295757039406320255e+00 1.881096014864140686e+00
7.043478260869565588e+01 2.108523156075253757e-02 2.291501818698071347e+00 3.948341100664804620e-02 1.299758280543820366e+00 1.792738870741966473e+00
7.073578595317725615e+01 2.112022381496006171e-02 2.299874831840510225e+00 3.638389664964971487e-02 1.303759521681320255e+00 1.708700715393448366e+00
7.103678929765887062e+01 2.114466231671012497e-02 2.308247844982949548e+00 3.336180101267077758e-02 1.307760762818820144e+00 1.628916481827024310e+00
7.133779264214047089e+01 2.115989457221382000e-02 2.316620858125388871e+00 3.064382231992393915e-02 1.311762003956320255e+00 1.552401280728219035e+00
7.163879598662208537e+01 2.116938039033225069e-02 2.324993871267827750e+00 2.833332812718794211e-02 1.315763245093820366e+00 1.478205057364763597e+00
7.193979933110368563e+01 2.117813806671953528e-02 2.333366884410266628e+00 2.641604760394209925e-02 1.319764486231320255e+00 1.405957884037867034e+00
7.224080267558528590e+01 2.119188647263837988e-02 2.341739897552705951e+00 2.481838404049108160e-02 1.323765727368820144e+00 1.335611343136991813e+00
7.254180602006690037e+01 2.121609184026847575e-02 2.350112910695144830e+00 2.346957360407486010e-02 1.327766968506320033e+00 1.266853302364982170e+00
7.284280936454850064e+01 2.125510859145669437e-02 2.358485923837583709e+00 2.233928509886636340e-02 1.331768209643820144e+00 1.198917530527902953e+00
7.314381270903010090e+01 2.131153963222276460e-02 2.366858936980023032e+00 2.143460703636703574e-02 1.335769450781320256e+00 1.130969319585578337e+00
7.344481605351171538e+01 2.138586709340099118e-02 2.375231950122461910e+00 2.075451069016048464e-02 1.339770691918820145e+00 1.062603257860583739e+00
7.374581939799331565e+01 2.147634977579318885e-02 2.383604963264901233e+00 2.023282907478497414e-02 1.343771933056320034e+00 9.939432904968676930e-01
7.404682274247491591e+01 2.157916328547504481e-02 2.391977976407340112e+00 1.971977074263815341e-02 1.347773174193820145e+00 9.253547119066047877e-01
7.434782608695653039e+01 2.168876731202675628e-02 2.400350989549778991e+00 1.902312319095583043e-02 1.351774415331320256e+00 8.572018374085158543e-01
7.464882943143813065e+01 2.179849923211357385e-02 2.408724002692218313e+00 1.798281575477330210e-02 1.355775656468820145e+00 7.899446593247737569e-01
7.494983277591973092e+01 2.190138688018189103e-02 2.417097015834657192e+00 1.653779918904469196e-02 1.359776897606320034e+00 7.244072267861512149e-01
7.525083612040134540e+01 2.199112987773964994e-02 2.425470028977096515e+00 1.476051614694378310e-02 1.363778138743819923e+00 6.618339529358854278e-01
7.555183946488294566e+01 2.206312612550197227e-02 2.433843042119535394e+00 1.284573309656583846e-02 1.367779379881320256e+00 6.035578818630845666e-01
7.585284280936456014e+01 2.211535008247800943e-02 2.442216055261974272e+00 1.104658716648099226e-02 1.371780621018820145e+00 5.504523726657339910e-01
7.615384615384616041e+01 2.214886445003462837e-02 2.450589068404413595e+00 9.576608523773271625e-03 1.375781862156320035e+00 5.025289655438983649e-01
7.645484949832776067e+01 2.216779594603328352e-02 2.458962081546852474e+00 8.528805026114017612e-03 1.379783103293819924e+00 4.589967859973061448e-01
7.675585284280937515e+01 2.217872610145437198e-02 2.467335094689291797e+00 7.857771131066603257e-03 1.383784344431320257e+00 4.188183173624802635e-01
7.705685618729097541e+01 2.218960165715081270e-02 2.475708107831730675e+00 7.425578996302189573e-03 1.387785585568820146e+00 3.813981749160071377e-01
7.735785953177257568e+01 2.220839951355555938e-02 2.484081120974169554e+00 7.073969531812231669e-03 1.391786826706320035e+00 3.468662806757456529e-01
7.765886287625419016e+01 2.224183929131882953e-02 2.492454134116608877e+00 6.684215624045345208e-03 1.395788067843819924e+00 3.157306988964113659e-01
7.795986622073579042e+01 2.229440369392046706e-02 2.500827147259047756e+00 6.205288307662443908e-03 1.399789308981319813e+00 2.882269414669001995e-01
7.826086956521739069e+01 2.236782157005225147e-02 2.509200160401487079e+00 5.646925404176412512e-03 1.403790550118820146e+00 2.639214497418946315e-01
7.856187290969900516e+01 2.246103549528546614e-02 2.517573173543925957e+00 5.046894818132047905e-03 1.407791791256320035e+00 2.418465093051567483e-01
7.886287625418060543e+01 2.257056368013881514e-02 2.525946186686364836e+00 4.435702839518197715e-03 1.411793032393819924e+00 2.209975115727111639e-01
7.916387959866221991e+01 2.269110741135468498e-02 2.534319199828804159e+00 3.824722217627304216e-03 1.415794273531319813e+00 2.008127927872819518e-01
7.946488294314382017e+01 2.281625576144094211e-02 2.542692212971243038e+00 3.222795191231786135e-03 1.419795514668820147e+00 1.813527557955789682e-01
7.976588628762542044e+01 2.293918104595481927e-02 2.551065226113682360e+00 2.657232177772402958e-03 1.423796755806320036e+00 1.631188243946308514e-01
8.006688963210703491e+01 2.305327197767216563e-02 2.559438239256121239e+00 2.170533717763444264e-03 1.427797996943819925e+00 1.466368228663295914e-01
8.036789297658863518e+01 2.315268971772981715e-02 2.567811252398560118e+00 1.792379101586820097e-03 1.431799238081319814e+00 1.320382880532368908e-01
8.066889632107023544e+01 2.323284106253355533e-02 2.576184265540999441e+00 1.515984647113970000e-03 1.435800479218819703e+00 1.189045768727755997e-01
8.096989966555184992e+01 2.329074576071046149e-02 2.584557278683438319e+00 1.304490163379049168e-03 1.439801720356320036e+00 1.065143547390098588e-01
8.127090301003345019e+01 2.332524867541099778e-02 2.592930291825877642e+00 1.121293591564933960e-03 1.443802961493819925e+00 9.433695394069756268e-02
8.157190635451505045e+01 2.333701574552261848e-02 2.601303304968316521e+00 9.547838385491688598e-04 1.447804202631319814e+00 8.237702611856521917e-02
8.187290969899666493e+01 2.332827405241268831e-02 2.609676318110755400e+00 8.166820945461144253e-04 1.451805443768819703e+00 7.109434601494489525e-02
8.217391304347826519e+01 2.330231371199292800e-02 2.618049331253194723e+00 7.206964576762783315e-04 1.455806684906320037e+00 6.102057975009463064e-02
8.247491638795986546e+01 2.326284515646661818e-02 2.626422344395633601e+00 6.641486218396775538e-04 1.459807926043819926e+00 5.243969145375333707e-02
8.277591973244147994e+01 2.321336656417273894e-02 2.634795357538072924e+00 6.274049273692777502e-04 1.463809167181319815e+00 4.534075141680195264e-02
8.307692307692308020e+01 2.315670913926862889e-02 2.643168370680511803e+00 5.876899532941223152e-04 1.467810408318819704e+00 3.953525583742523858e-02
8.337792642140469468e+01 2.309487683238706235e-02 2.651541383822950682e+00 5.335698259912102304e-04 1.471811649456320037e+00 3.473979884846431498e-02
8.367892976588629494e+01 2.302919549895078577e-02 2.659914396965390004e+00 4.692801462073017786e-04 1.475812890593819926e+00 3.059224217419960479e-02
8.397993311036789521e+01 2.296067434382777564e-02 2.668287410107828883e+00 4.076037885213917703e-04 1.479814131731319815e+00 2.670896666799589536e-02
8.428093645484950969e+01 2.289040839201970934e-02 2.676660423250268206e+00 3.581745786814204938e-04 1.483815372868819704e+00 2.282391857947331515e-02
8.458193979933110995e+01 2.281984811603905705e-02 2.685033436392707085e+00 3.203281021386279997e-04 1.487816614006319593e+00 1.890754680985531899e-02
8.488294314381271022e+01 2.275083233424250034e-02 2.693406449535145963e+00 2.851274559786128146e-04 1.491817855143819926e+00 1.514991690084193862e-02
8.518394648829432469e+01 2.268539055562347403e-02 2.701779462677585286e+00 2.436017260963790952e-04 1.495819096281319815e+00 1.181455990688285058e-02
8.548494983277592496e+01 2.262542058655240065e-02 2.710152475820024165e+00 1.939293107887373759e-04 1.499820337418819705e+00 9.077260469594334094e-03
8.578595317725752523e+01 2.257239236375388480e-02 2.718525488962463488e+00 1.425186555402481491e-04 1.503821578556319594e+00 6.956552120337885885e-03
8.608695652173913970e+01 2.252720269871564054e-02 2.726898502104902366e+00 9.954929867279146017e-05 1.507822819693819927e+00 5.353165043751503295e-03
8.638795986622073997e+01 2.249022484825361975e-02 2.735271515247341245e+00 7.305307732850038066e-05 1.511824060831319816e+00 4.135845079802608071e-03
8.668896321070235444e+01 2.246150238358406159e-02 2.743644528389780568e+00 6.505525092151097908e-05 1.515825301968819705e+00 3.199768447819635944e-03
8.698996655518395471e+01 2.244097260920050602e-02 2.752017541532219447e+00 7.092081674526791273e-05 1.519826543106319594e+00 2.472726863764752609e-03
8.729096989966555498e+01 2.242859725083927447e-02 2.760390554674658770e+00 8.152978669893391371e-05 1.523827784243819483e+00 1.896942485949810976e-03
8.759197324414716945e+01 2.242432623904327266e-02 2.768763567817097648e+00 8.735828319189244812e-05 1.527829025381319816e+00 1.422525559755567423e-03
8.789297658862876972e+01 2.242789952847664553e-02 2.777136580959536527e+00 8.276815267182561207e-05 1.531830266518819705e+00 1.017853808368736736e-03
8.819397993311036998e+01 2.243856758038450389e-02 2.785509594101975850e+00 6.813485249102308101e-05 1.535831507656319594e+00 6.767525370411659608e-04
8.849498327759198446e+01 2.245485434188760482e-02 2.793882607244414729e+00 4.846920629829021786e-05 1.539832748793819484e+00 4.087686461334317524e-04
8.879598662207358473e+01 2.247448312752739485e-02 2.802255620386854051e+00 2.974656159999276335e-05 1.543833989931319817e+00 2.206391911353379573e-04
8.909698996655518499e+01 2.249453836932978346e-02 2.810628633529292930e+00 1.574214985439422969e-05 1.547835231068819706e+00 1.052692641319491121e-04
8.939799331103679947e+01 2.251186077841322436e-02 2.819001646671731809e+00 7.182590756705462811e-06 1.551836472206319595e+00 4.408862884003374454e-05
8.969899665551839973e+01 2.252359406998011987e-02 2.827374659814171132e+00 2.825319416181262929e-06 1.555837713343819484e+00 1.613912284558882676e-05
9.000000000000000000e+01 2.252774386050424710e-02 2.835747672956610010e+00 9.581136427861786303e-07 1.559838954481319817e+00 5.149736763819694600e-06
