0.000000000000000000e+00 1.047275433616393601e-02 4.388394749688939722e-04 2.713105639082920018e-01 1.701458981981651686e-04 1.212428394385486330e+00
3.010033444816053727e-01 1.048333197761252243e-02 1.103669040156184805e-02 2.719722959259016637e-01 3.193909522291840837e-03 1.207792221084827311e+00
6.020066889632107454e-01 1.051460779779493475e-02 2.163454132815480213e-02 2.738563848110590060e-01 6.217673146385516506e-03 1.195328596852189618e+00
9.030100334448161181e-01 1.056530126349871160e-02 3.223239225474775621e-02 2.769657240131807030e-01 9.241436770479193041e-03 1.176380375788724120e+00
1.204013377926421491e+00 1.063355875407483858e-02 4.283024318134071029e-02 2.813127589673040663e-01 1.226520039457286784e-02 1.152868443489986294e+00
1.505016722408026864e+00 1.071730347948692680e-02 5.342809410793366437e-02 2.869287175233904974e-01 1.528896401866654264e-02 1.126957219839680890e+00
1.806020066889632236e+00 1.081460328976656914e-02 6.402594503452661845e-02 2.938729003415097019e-01 1.831272764276022091e-02 1.100717698929173372e+00
2.107023411371237387e+00 1.092397491558409761e-02 7.462379596111956559e-02 3.022394595071994927e-01 2.133649126685389572e-02 1.075859205763428861e+00
2.408026755852842982e+00 1.104456470969688436e-02 8.522164688771252661e-02 3.121594713289624345e-01 2.436025489094757052e-02 1.053571664737422919e+00
2.709030100334448576e+00 1.117618211198434866e-02 9.581949781430548763e-02 3.237969445482511976e-01 2.738401851504124532e-02 1.034485480654380396e+00
3.010033444816053727e+00 1.131920203265189724e-02 1.064173487408984348e-01 3.373385018615322473e-01 3.040778213913492012e-02 1.018728356128428603e+00
3.311036789297658878e+00 1.147438442250768575e-02 1.170151996674913819e-01 3.529775818902019524e-01 3.343154576322859839e-02 1.006044341398895314e+00
3.612040133779264472e+00 1.164267444101225492e-02 1.276130505940843429e-01 3.708948950942216327e-01 3.645530938732227666e-02 9.959402279003302105e-01
3.913043478260870067e+00 1.182504134047174769e-02 1.382109015206773039e-01 3.912373690438596396e-01 3.947907301141594799e-02 9.878327398129403969e-01
4.214046822742474774e+00 1.202239155920080405e-02 1.488087524472702372e-01 4.140978830198719929e-01 4.250283663550962626e-02 9.811793830757374879e-01
4.515050167224080369e+00 1.223556006323910615e-02 1.594066033738631982e-01 4.394977737459284661e-01 4.552660025960329759e-02 9.755807984696750479e-01
4.816053511705685963e+00 1.246535455108769078e-02 1.700044543004561592e-01 4.673735230782553041e-01 4.855036388369697586e-02 9.708426822113039867e-01
5.117056856187291558e+00 1.271260923999032594e-02 1.806023052270491203e-01 4.975683729320339310e-01 5.157412750779065413e-02 9.669855658596586689e-01
5.418060200668897153e+00 1.297820379929383316e-02 1.912001561536420813e-01 5.298289970179039798e-01 5.459789113188432547e-02 9.641971119807858370e-01
5.719063545150501859e+00 1.326301828268314741e-02 2.017980070802350145e-01 5.638068985072065553e-01 5.762165475597800374e-02 9.627361265053665518e-01
6.020066889632107454e+00 1.356782136143947805e-02 2.123958580068279756e-01 5.990639560799609908e-01 6.064541838007167507e-02 9.628151616823998893e-01
6.321070234113713049e+00 1.389311827740543487e-02 2.229937089334209366e-01 6.350815202740032195e-01 6.366918200416535334e-02 9.644995147367019239e-01
6.622073578595317755e+00 1.423900727013678244e-02 2.335915598600138698e-01 6.712726339419419208e-01 6.669294562825903161e-02 9.676564966229702636e-01
6.923076923076923350e+00 1.460510079637236842e-02 2.441894107866068309e-01 7.069972335078882342e-01 6.971670925235270988e-02 9.719699047135279546e-01
7.224080267558528945e+00 1.499055645960780184e-02 2.547872617131997641e-01 7.415804570980282229e-01 7.274047287644638815e-02 9.770095346693529192e-01
7.525083612040134540e+00 1.539423370501429716e-02 2.653851126397926974e-01 7.743342961301322713e-01 7.576423650054005254e-02 9.823268960158391128e-01
7.826086956521740134e+00 1.581495382868225094e-02 2.759829635663857417e-01 8.045826558627476865e-01 7.878800012463373081e-02 9.875445195430234691e-01
8.127090301003345729e+00 1.625180526214108079e-02 2.865808144929786749e-01 8.316893913586261844e-01 8.181176374872740908e-02 9.924168782952113022e-01
8.428093645484949548e+00 1.670441672247926015e-02 2.971786654195716082e-01 8.550881281699798109e-01 8.483552737282108736e-02 9.968578439007254044e-01
8.729096989966555142e+00 1.717312637191907923e-02 3.077765163461645415e-01 8.743118486408475443e-01 8.785929099691476563e-02 1.000942814493176902e+00
9.030100334448160737e+00 1.765900538000404058e-02 3.183743672727574747e-01 8.890195794399456952e-01 9.088305462100843002e-02 1.004897351475709799e+00
9.331103678929766332e+00 1.816373910518761028e-02 3.289722181993505190e-01 8.990172892026084828e-01 9.390681824510210829e-02 1.009079006419298485e+00
9.632107023411371927e+00 1.868941192950214492e-02 3.395700691259434523e-01 9.042704239930444698e-01 9.693058186919578656e-02 1.013950454550302194e+00
9.933110367892977521e+00 1.923826616026963823e-02 3.501679200525363855e-01 9.049063389621336828e-01 9.995434549328946483e-02 1.020036611060560761e+00
1.023411371237458312e+01 1.981250192555683923e-02 3.607657709791293188e-01 9.012060425358232596e-01 1.029781091173831431e-01 1.027860311960173911e+00
1.053511705685618871e+01 2.041415518873051366e-02 3.713636219057222521e-01 8.935858883488365656e-01 1.060018727414768075e-01 1.037860397537837542e+00
1.083612040133779431e+01 2.104504690409347498e-02 3.819614728323152963e-01 8.825708786069221823e-01 1.090256363655704858e-01 1.050308311777415682e+00
1.113712374581939812e+01 2.170675579943067562e-02 3.925593237589082296e-01 8.687619257891324720e-01 1.120493999896641640e-01 1.065247715217155999e+00
1.143812709030100372e+01 2.240054732104127672e-02 4.031571746855011629e-01 8.527997314295212572e-01 1.150731636137578423e-01 1.082480020084783723e+00
1.173913043478260931e+01 2.312720168580406285e-02 4.137550256120940961e-01 8.353279583181199008e-01 1.180969272378515206e-01 1.101605699539099925e+00
1.204013377926421491e+01 2.388672326028292922e-02 4.243528765386870294e-01 8.169582130689023725e-01 1.211206908619451850e-01 1.122111589756636718e+00
1.234113712374582050e+01 2.467796860895374311e-02 4.349507274652799627e-01 7.982391109043613930e-01 1.241444544860388632e-01 1.143477506193989912e+00
1.264214046822742610e+01 2.549828096312967488e-02 4.455485783918730069e-01 7.796313922042894529e-01 1.271682181101325415e-01 1.165269859447106482e+00
1.294314381270903169e+01 2.634324385153806111e-02 4.561464293184659402e-01 7.614906722853712617e-01 1.301919817342262198e-01 1.187198052367188783e+00
1.324414715719063551e+01 2.720665365827286061e-02 4.667442802450588735e-01 7.440588851859022412e-01 1.332157453583198981e-01 1.209126120750384725e+00
1.354515050167224111e+01 2.808076124701530327e-02 4.773421311716518067e-01 7.274648110071417761e-01 1.362395089824135763e-01 1.231048083673748961e+00
1.384615384615384670e+01 2.895676184483543525e-02 4.879399820982447400e-01 7.117332950521777502e-01 1.392632726065072546e-01 1.253043551062976713e+00
1.414715719063545230e+01 2.982544366373279451e-02 4.985378330248377843e-01 6.968019717380458111e-01 1.422870362306009329e-01 1.275229275066683599e+00
1.444816053511705789e+01 3.067786186718061275e-02 5.091356839514307175e-01 6.825436173286111297e-01 1.453107998546946111e-01 1.297717012332957109e+00
1.474916387959866348e+01 3.150589889212335182e-02 5.197335348780236508e-01 6.687917748349183622e-01 1.483345634787882616e-01 1.320583640688112625e+00
1.505016722408026908e+01 3.230260509149251308e-02 5.303313858046165841e-01 6.553670742456071396e-01 1.513583271028819399e-01 1.343857733520758435e+00
1.535117056856187467e+01 3.306227338695537366e-02 5.409292367312096284e-01 6.421017094224394928e-01 1.543820907269756182e-01 1.367525343883210009e+00
1.565217391304348027e+01 3.378026890287331996e-02 5.515270876578025616e-01 6.288597940512951068e-01 1.574058543510692965e-01 1.391553343272932564e+00
1.595317725752508409e+01 3.445268879058327460e-02 5.621249385843954949e-01 6.155517658187289465e-01 1.604296179751629747e-01 1.415921259668966314e+00
1.625418060200669146e+01 3.507595279230287660e-02 5.727227895109884281e-01 6.021416219592538033e-01 1.634533815992566530e-01 1.440646470935226464e+00
1.655518394648829528e+01 3.564641584506432481e-02 5.833206404375813614e-01 5.886465444785908829e-01 1.664771452233503313e-01 1.465788578515375695e+00
1.685618729096989910e+01 3.616005787361896429e-02 5.939184913641742947e-01 5.751293852302125087e-01 1.695009088474440095e-01 1.491429157250246940e+00
1.715719063545150647e+01 3.661226246622765329e-02 6.045163422907673390e-01 5.616854496971274147e-01 1.725246724715376878e-01 1.517638675364165524e+00
1.745819397993311028e+01 3.699766908554406875e-02 6.151141932173602722e-01 5.484258918994904253e-01 1.755484360956313661e-01 1.544453820590903748e+00
1.775919732441471766e+01 3.731008842379465035e-02 6.257120441439532055e-01 5.354606099936595198e-01 1.785721997197250166e-01 1.571886786675598557e+00
1.806020066889632147e+01 3.754250437256215212e-02 6.363098950705461387e-01 5.228836230002605889e-01 1.815959633438186949e-01 1.599971374499866705e+00
1.836120401337792885e+01 3.768722564078375720e-02 6.469077459971390720e-01 5.107634122895006179e-01 1.846197269679123731e-01 1.628827119825970726e+00
1.866220735785953266e+01 3.773626299908396792e-02 6.575055969237321163e-01 4.991396732562417005e-01 1.876434905920060514e-01 1.658706246690685004e+00
1.896321070234114003e+01 3.768197189622728843e-02 6.681034478503250496e-01 4.880265491744267825e-01 1.906672542160997297e-01 1.689990348658099606e+00
1.926421404682274385e+01 3.751791796436859672e-02 6.787012987769179828e-01 4.774210306198470866e-01 1.936910178401934080e-01 1.723124711966385725e+00
1.956521739130434767e+01 3.723982613427807148e-02 6.892991497035109161e-01 4.673141432136077023e-01 1.967147814642870862e-01 1.758506782466853213e+00
1.986622073578595504e+01 3.684640835250463375e-02 6.998970006301038493e-01 4.577020756492488629e-01 1.997385450883807645e-01 1.796365815716334691e+00
2.016722408026755886e+01 3.633986649997446305e-02 7.104948515566968936e-01 4.485946193864878140e-01 2.027623087124744428e-01 1.836673543705977574e+00
2.046822742474916623e+01 3.572594308613583763e-02 7.210927024832898269e-01 4.400191118260827206e-01 2.057860723365681210e-01 1.879112278092983646e+00
2.076923076923077005e+01 3.501351554831471508e-02 7.316905534098827601e-01 4.320192503626159586e-01 2.088098359606617993e-01 1.923106873706653230e+00
2.107023411371237742e+01 3.421385210297433338e-02 7.422884043364756934e-01 4.246493534360892275e-01 2.118335995847554498e-01 1.967910059312629301e+00
2.137123745819398124e+01 3.333972151595670369e-02 7.528862552630686267e-01 4.179655871712667503e-01 2.148573632088491281e-01 2.012720616361565629e+00
2.167224080267558861e+01 3.240455230002046300e-02 7.634841061896616710e-01 4.120161587524574509e-01 2.178811268329428064e-01 2.056809230165099311e+00
2.197324414715719243e+01 3.142177667913703676e-02 7.740819571162546042e-01 4.068324540402089018e-01 2.209048904570364846e-01 2.099625613777290400e+00
2.227424749163879625e+01 3.040440372891692333e-02 7.846798080428475375e-01 4.024226590562053341e-01 2.239286540811301629e-01 2.140863887986280467e+00
2.257525083612040362e+01 2.936478419296068010e-02 7.952776589694404707e-01 3.987687326037336333e-01 2.269524177052238412e-01 2.180473832262931566e+00
2.287625418060200744e+01 2.831448550218183466e-02 8.058755098960334040e-01 3.958268890933632211e-01 2.299761813293175194e-01 2.218622596290818816e+00
2.317725752508361481e+01 2.726419722890015621e-02 8.164733608226263373e-01 3.935311633072678950e-01 2.329999449534111977e-01 2.255627610799094906e+00
2.347826086956521863e+01 2.622362199286666640e-02 8.270712117492193816e-01 3.917992441924410540e-01 2.360237085775048760e-01 2.291886910993016002e+00
2.377926421404682600e+01 2.520135122792499169e-02 8.376690626758123148e-01 3.905395907511251541e-01 2.390474722015985543e-01 2.327823342141620344e+00
2.408026755852842982e+01 2.420475697472017698e-02 8.482669136024052481e-01 3.896588399796293567e-01 2.420712358256922048e-01 2.363840478604810613e+00
2.438127090301003363e+01 2.323993796937407971e-02 8.588647645289981813e-01 3.890686311340390002e-01 2.450949994497858830e-01 2.400274925963474359e+00
2.468227424749164101e+01 2.231174186774883758e-02 8.694626154555911146e-01 3.886911592918736447e-01 2.481187630738795613e-01 2.437333885386847143e+00
2.498327759197324482e+01 2.142385688239871466e-02 8.800604663821841589e-01 3.884630071630269521e-01 2.511425266979732118e-01 2.475027429140364887e+00
2.528428093645485220e+01 2.057894085316380392e-02 8.906583173087770922e-01 3.883370668079482724e-01 2.541662903220669456e-01 2.513126636104616285e+00
2.558528428093645601e+01 1.977874644678651733e-02 9.012561682353700254e-01 3.882826254816321154e-01 2.571900539461605684e-01 2.551182398973195209e+00
2.588628762541806339e+01 1.902421243536236983e-02 9.118540191619629587e-01 3.882839151586957027e-01 2.602138175702543021e-01 2.588617121289957801e+00
2.618729096989966720e+01 1.831551760487080960e-02 9.224518700885558919e-01 3.883375754514545308e-01 2.632375811943479249e-01 2.624863349328406148e+00
2.648829431438127102e+01 1.765212276509116676e-02 9.330497210151488252e-01 3.884495323797980681e-01 2.662613448184416587e-01 2.659493317894559450e+00
2.678929765886287839e+01 1.703284238166107370e-02 9.436475719417418695e-01 3.886317561702219425e-01 2.692851084425352814e-01 2.692282076505177812e+00
2.709030100334448221e+01 1.645598037542840911e-02 9.542454228683348028e-01 3.888992607580513683e-01 2.723088720666290152e-01 2.723177409714909292e+00
2.739130434782608958e+01 1.591953509818058374e-02 9.648432737949277360e-01 3.892675861213182875e-01 2.753326356907226380e-01 2.752195438676956485e+00
2.769230769230769340e+01 1.542143843919474046e-02 9.754411247215206693e-01 3.897508916852985839e-01 2.783563993148163718e-01 2.779296208040812566e+00
2.799331103678930077e+01 1.495976229025687901e-02 9.860389756481136025e-01 3.903606934726703281e-01 2.813801629389099945e-01 2.804300707680000837e+00
2.829431438127090459e+01 1.453281916126470882e-02 9.966368265747066468e-01 3.911051926319493166e-01 2.844039265630037283e-01 2.826888524643933032e+00
2.859531772575251196e+01 1.413910921620201676e-02 1.007234677501299469e+00 3.919890630639577545e-01 2.874276901870973511e-01 2.846677284578582601e+00
2.889632107023411578e+01 1.377711583146411060e-02 1.017832528427892402e+00 3.930135018587215812e-01 2.904514538111910849e-01 2.863349648603127573e+00
2.919732441471571960e+01 1.344500719418422439e-02 1.028430379354485336e+00 3.941763250420871612e-01 2.934752174352847076e-01 2.876774547642853452e+00
2.949832775919732697e+01 1.314034087834410440e-02 1.039028230281078269e+00 3.954719385042216317e-01 2.964989810593783304e-01 2.887071544882274132e+00
2.979933110367893079e+01 1.285987691423816880e-02 1.049626081207671202e+00 3.968911310348207655e-01 2.995227446834720642e-01 2.894588114527548939e+00
3.010033444816053816e+01 1.259958029885977805e-02 1.060223932134264135e+00 3.984207868348844106e-01 3.025465083075656869e-01 2.899791545899677470e+00
3.040133779264214198e+01 1.235484584186208323e-02 1.070821783060857069e+00 4.000437352455597506e-01 3.055702719316594207e-01 2.903109389459082035e+00
3.070234113712374935e+01 1.212092240187334982e-02 1.081419633987450224e+00 4.017389856199295450e-01 3.085940355557530435e-01 2.904773390791712373e+00
3.100334448160535317e+01 1.189346438611216597e-02 1.092017484914043157e+00 4.034825124983761335e-01 3.116177991798467772e-01 2.904723320231275885e+00
3.130434782608696054e+01 1.166910471029842036e-02 1.102615335840636090e+00 4.052485914283197044e-01 3.146415628039404000e-01 2.902607682765160568e+00
3.160535117056856436e+01 1.144592891033863538e-02 1.113213186767229024e+00 4.070115104008725782e-01 3.176653264280341338e-01 2.897885015205479142e+00
3.190635451505016817e+01 1.122373661972149959e-02 1.123811037693821957e+00 4.087473716147647096e-01 3.206890900521277565e-01 2.889994783805595269e+00
3.220735785953177555e+01 1.100400660932030969e-02 1.134408888620414890e+00 4.104356936993173166e-01 3.237128536762214903e-01 2.878543167202014086e+00
3.250836120401338292e+01 1.078953640242226279e-02 1.145006739547007824e+00 4.120606119558105629e-01 3.267366173003151131e-01 2.863443912318437423e+00
3.280936454849498318e+01 1.058380228782916134e-02 1.155604590473600757e+00 4.136115974064396572e-01 3.297603809244088469e-01 2.844969097060914720e+00
3.311036789297659055e+01 1.039016474514261809e-02 1.166202441400193690e+00 4.150837106324202219e-01 3.327841445485024696e-01 2.823694102203405443e+00
3.341137123745819792e+01 1.021110252323900909e-02 1.176800292326786623e+00 4.164774387399711730e-01 3.358079081725962034e-01 2.800355911775795459e+00
3.371237458193979819e+01 1.004766950704662209e-02 1.187398143253379557e+00 4.177981442982308669e-01 3.388316717966898262e-01 2.775672154425097737e+00
3.401337792642140556e+01 9.899317924187491652e-03 1.197995994179972712e+00 4.190551283716512643e-01 3.418554354207835599e-01 2.750179391832180187e+00
3.431438127090301293e+01 9.764128054944807775e-03 1.208593845106565645e+00 4.202603218768856119e-01 3.448791990448771827e-01 2.724138376174619403e+00
3.461538461538462030e+01 9.639360768795601428e-03 1.219191696033158578e+00 4.214266862710441819e-01 3.479029626689709165e-01 2.697526103175374779e+00
3.491638795986622057e+01 9.522149733440472136e-03 1.229789546959751512e+00 4.225665002061044784e-01 3.509267262930645392e-01 2.670102451267407417e+00
3.521739130434782794e+01 9.410113436317573549e-03 1.240387397886344445e+00 4.236897813355410825e-01 3.539504899171582730e-01 2.641517567549956258e+00
3.551839464882943531e+01 9.301707841148351696e-03 1.250985248812937378e+00 4.248030964818640953e-01 3.569742535412518958e-01 2.611422737585743725e+00
3.581939799331104268e+01 9.196242335961061359e-03 1.261583099739530311e+00 4.259089389817874993e-01 3.599980171653455185e-01 2.579559157946643921e+00
3.612040133779264295e+01 9.093604408808492190e-03 1.272180950666123245e+00 4.270057319019486819e-01 3.630217807894392523e-01 2.545815088018998473e+00
3.642140468227425032e+01 8.993835417947484284e-03 1.282778801592716178e+00 4.280884049759359211e-01 3.660455444135328751e-01 2.510252191957671020e+00
3.672240802675585769e+01 8.896736957140828975e-03 1.293376652519309111e+00 4.291494333996293542e-01 3.690693080376266089e-01 2.473103823030562864e+00
3.702341137123745796e+01 8.801656228496634524e-03 1.303974503445902267e+00 4.301802185008059554e-01 3.720930716617202316e-01 2.434746501363148408e+00
3.732441471571906533e+01 8.707517634325881439e-03 1.314572354372495200e+00 4.311726915739974575e-01 3.751168352858139654e-01 2.395647532822613002e+00
3.762541806020067270e+01 8.613071317683051661e-03 1.325170205299088133e+00 4.321209777044487388e-01 3.781405989099075882e-01 2.356298422026522399e+00
3.792642140468228007e+01 8.517253918248174349e-03 1.335768056225681066e+00 4.330228430193200362e-01 3.811643625340013219e-01 2.317150897767012108e+00
3.822742474916388034e+01 8.419526323930132811e-03 1.346365907152274000e+00 4.338805072245574546e-01 3.841881261580949447e-01 2.278573372547427756e+00
3.852842809364548771e+01 8.320072200022749637e-03 1.356963758078866933e+00 4.347003326681754265e-01 3.872118897821886785e-01 2.240837694373430278e+00
3.882943143812709508e+01 8.219795998949902191e-03 1.367561609005459866e+00 4.354910113350119460e-01 3.902356534062823012e-01 2.204132571706211241e+00
3.913043478260869534e+01 8.120126325361012518e-03 1.378159459932052799e+00 4.362602133138920313e-01 3.932594170303760350e-01 2.168588275544698796e+00
3.943143812709030271e+01 8.022686559824644334e-03 1.388757310858645733e+00 4.370101740469924390e-01 3.962831806544696578e-01 2.134293354564998690e+00
3.973244147157191009e+01 7.928924648369275324e-03 1.399355161785238666e+00 4.377332098459326137e-01 3.993069442785633916e-01 2.101290023490766767e+00
4.003344481605351746e+01 7.839794745881015561e-03 1.409953012711831599e+00 4.384084371082285214e-01 4.023307079026570143e-01 2.069547823893084448e+00
4.033444816053511772e+01 7.755561317875640098e-03 1.420550863638424754e+00 4.390008561648643948e-01 4.053544715267507481e-01 2.038929344379206476e+00
4.063545150501672509e+01 7.675762081299415153e-03 1.431148714565017688e+00 4.394634158667093948e-01 4.083782351508443709e-01 2.009170661168272698e+00
4.093645484949833246e+01 7.599329845366008251e-03 1.441746565491610621e+00 4.397418502579873989e-01 4.114019987749381047e-01 1.979897619145553511e+00
4.123745819397993273e+01 7.524841701985623271e-03 1.452344416418203554e+00 4.397812574404170727e-01 4.144257623990317274e-01 1.950685884210105359e+00
4.153846153846154010e+01 7.450840889852545189e-03 1.462942267344796488e+00 4.395328751651301213e-01 4.174495260231254612e-01 1.921152281785190485e+00
4.183946488294314747e+01 7.376164263748918697e-03 1.473540118271389421e+00 4.389594885538021241e-01 4.204732896472190840e-01 1.891046775614144693e+00
4.214046822742475484e+01 7.300208249758211379e-03 1.484137969197982354e+00 4.380383781185483438e-01 4.234970532713127067e-01 1.860308993019127666e+00
4.244147157190635511e+01 7.223078905754561595e-03 1.494735820124575287e+00 4.367614845294618409e-01 4.265208168954064405e-01 1.829065710925285915e+00
4.274247491638796248e+01 7.145595295263788491e-03 1.505333671051168221e+00 4.351332315040232768e-01 4.295445805195000633e-01 1.797571724602303300e+00
4.304347826086956985e+01 7.069144996059571924e-03 1.515931521977761154e+00 4.331669406601973971e-01 4.325683441435937970e-01 1.766122855290769289e+00
4.334448160535117722e+01 6.995419573935859892e-03 1.526529372904354309e+00 4.308808649366204224e-01 4.355921077676874198e-01 1.734981621162693832e+00
4.364548494983277749e+01 6.926080048961181720e-03 1.537127223830947242e+00 4.282946155187457582e-01 4.386158713917811536e-01 1.704345837760400384e+00
4.394648829431438486e+01 6.862414000640071170e-03 1.547725074757540176e+00 4.254263531394723019e-01 4.416396350158747763e-01 1.674363378524073465e+00
4.424749163879599223e+01 6.805046333333715156e-03 1.558322925684133109e+00 4.222907814299506346e-01 4.446633986399685101e-01 1.645167981682319258e+00
4.454849498327759250e+01 6.753756442297397140e-03 1.568920776610726042e+00 4.188978607001295207e-01 4.476871622640621329e-01 1.616898023564748321e+00
4.484949832775919987e+01 6.707437947313899321e-03 1.579518627537318975e+00 4.152522540273983487e-01 4.507109258881558667e-01 1.589670624570875379e+00
4.515050167224080724e+01 6.664215422218507795e-03 1.590116478463911909e+00 4.113536909892240856e-01 4.537346895122494894e-01 1.563512011277501834e+00
4.545150501672241461e+01 6.621707522303750711e-03 1.600714329390504842e+00 4.071985030022227670e-01 4.567584531363432232e-01 1.538276114668089001e+00
4.575250836120401488e+01 6.577399931052499253e-03 1.611312180317097775e+00 4.027824175265043438e-01 4.597822167604368460e-01 1.513599599856738864e+00
4.605351170568562225e+01 6.529068107955244421e-03 1.621910031243690709e+00 3.981042996376040199e-01 4.628059803845305797e-01 1.488933035786114134e+00
4.635451505016722962e+01 6.475173673749864793e-03 1.632507882170283642e+00 3.931700480838749012e-01 4.658297440086242025e-01 1.463657441198150000e+00
4.665551839464882988e+01 6.415154675509773287e-03 1.643105733096876797e+00 3.879955215278342306e-01 4.688535076327179363e-01 1.437256911183078634e+00
4.695652173913043725e+01 6.349543148482307206e-03 1.653703584023469730e+00 3.826073949589434697e-01 4.718772712568115590e-01 1.409489557354287603e+00
4.725752508361204463e+01 6.279874455523927132e-03 1.664301434950062664e+00 3.770413000190227515e-01 4.749010348809052928e-01 1.380493853056199871e+00
4.755852842809365200e+01 6.208397902183471206e-03 1.674899285876655597e+00 3.713373785672008376e-01 4.779247985049989156e-01 1.350787785779528738e+00
4.785953177257525226e+01 6.137647283923228225e-03 1.685497136803248530e+00 3.655342187550583710e-01 4.809485621290926494e-01 1.321154765925621088e+00
4.816053511705685963e+01 6.069969144578335994e-03 1.696094987729841463e+00 3.596627397644394097e-01 4.839723257531862721e-01 1.292448032528891844e+00
4.846153846153846700e+01 6.007121380034704909e-03 1.706692838656434397e+00 3.537417120138950377e-01 4.869960893772798949e-01 1.265370955273886322e+00
4.876254180602006727e+01 5.950037114349685137e-03 1.717290689583027330e+00 3.477761795660576638e-01 4.900198530013736287e-01 1.240297085041266012e+00
4.906354515050167464e+01 5.898801113706021552e-03 1.727888540509620263e+00 3.417592204802787914e-01 4.930436166254672514e-01 1.217180681530535713e+00
4.936454849498328201e+01 5.852822791072102501e-03 1.738486391436213196e+00 3.356765124387739996e-01 4.960673802495609852e-01 1.195580232108283791e+00
4.966555183946488938e+01 5.811132721083260913e-03 1.749084242362806130e+00 3.295123799026860589e-01 4.990911438736546080e-01 1.174782216323534190e+00
4.996655518394648965e+01 5.772698842826960719e-03 1.759682093289399285e+00 3.232556301963722678e-01 5.021149074977483417e-01 1.153981100966248841e+00
5.026755852842809702e+01 5.736664581143591408e-03 1.770279944215992218e+00 3.169036359500198574e-01 5.051386711218420755e-01 1.132456068586630726e+00
5.056856187290970439e+01 5.702450053202066417e-03 1.780877795142585152e+00 3.104637176658645026e-01 5.081624347459356983e-01 1.109692601642193965e+00
5.086956521739130466e+01 5.669713041880151960e-03 1.791475646069178085e+00 3.039517176002692334e-01 5.111861983700294321e-01 1.085425004043979680e+00
5.117056856187291203e+01 5.638216969712457616e-03 1.802073496995771018e+00 2.973884717065803374e-01 5.142099619941230548e-01 1.059610668987061466e+00
5.147157190635451940e+01 5.607680758962747987e-03 1.812671347922363951e+00 2.907954434781251929e-01 5.172337256182166776e-01 1.032370734090729325e+00
5.177257525083612677e+01 5.577682433649667863e-03 1.823269198848956885e+00 2.841909384802939198e-01 5.202574892423104114e-01 1.003933598643475866e+00
5.207357859531772704e+01 5.547658823313664223e-03 1.833867049775549818e+00 2.775880525938356769e-01 5.232812528664040341e-01 9.746000480849555947e-01
5.237458193979933441e+01 5.517001051835064562e-03 1.844464900702142751e+00 2.709949211701131455e-01 5.263050164904977679e-01 9.447253042421721592e-01
5.267558528428094178e+01 5.485206174292612744e-03 1.855062751628735684e+00 2.644171132782707767e-01 5.293287801145913907e-01 9.146997708399060567e-01
5.297658862876254204e+01 5.452023041531045382e-03 1.865660602555328618e+00 2.578613650322393314e-01 5.323525437386851245e-01 8.849137089785318322e-01
5.327759197324414941e+01 5.417531824619904214e-03 1.876258453481921773e+00 2.513394478795168419e-01 5.353763073627787472e-01 8.557067294703621929e-01
5.357859531772575679e+01 5.382119827532841176e-03 1.886856304408514706e+00 2.448709233375218897e-01 5.384000709868724810e-01 8.273187253079569148e-01
5.387959866220736416e+01 5.346352518141295890e-03 1.897454155335107640e+00 2.384838442844815498e-01 5.414238346109661038e-01 7.998639229012840524e-01
5.418060200668896442e+01 5.310775676450291832e-03 1.908052006261700573e+00 2.322130253962590707e-01 5.444475982350598375e-01 7.733410861309866213e-01
5.448160535117057179e+01 5.275709939671292988e-03 1.918649857188293506e+00 2.260961558877881972e-01 5.474713618591534603e-01 7.476760342601914688e-01
5.478260869565217916e+01 5.241104313283576933e-03 1.929247708114886439e+00 2.201685849044490439e-01 5.504951254832471941e-01 7.227773069157337194e-01
5.508361204013378654e+01 5.206498232888934208e-03 1.939845559041479373e+00 2.144579307077432995e-01 5.535188891073408168e-01 6.985802723635076150e-01
5.538461538461538680e+01 5.171107617687032906e-03 1.950443409968072306e+00 2.089796839438591292e-01 5.565426527314345506e-01 6.750617726857993661e-01
5.568561872909699417e+01 5.134010311870630498e-03 1.961041260894665239e+00 2.037347166334908810e-01 5.595664163555281734e-01 6.522225977558908649e-01
5.598662207357860154e+01 5.094374325165816619e-03 1.971639111821258172e+00 1.987091664507019129e-01 5.625901799796219072e-01 6.300507832628521321e-01
5.628762541806020181e+01 5.051660010199356468e-03 1.982236962747851328e+00 1.938766666031067343e-01 5.656139436037155299e-01 6.084873117986129287e-01
5.658862876254180918e+01 5.005739308120950998e-03 1.992834813674444261e+00 1.892024517787963545e-01 5.686377072278092637e-01 5.874136218124417219e-01
5.688963210702341655e+01 4.956906593138463331e-03 2.003432664601037416e+00 1.846485687219245608e-01 5.716614708519028865e-01 5.666691432395443151e-01
5.719063545150502392e+01 4.905793813441065680e-03 2.014030515527630349e+00 1.801792884392841576e-01 5.746852344759966202e-01 5.460926691260080679e-01
5.749163879598662419e+01 4.853232412531890451e-03 2.024628366454223283e+00 1.757658507274265647e-01 5.777089981000902430e-01 5.255705190952125738e-01
5.779264214046823156e+01 4.800114855410498801e-03 2.035226217380816216e+00 1.713898429024338366e-01 5.807327617241839768e-01 5.050718179546449527e-01
5.809364548494983893e+01 4.747297236331386033e-03 2.045824068307409149e+00 1.670447840475823842e-01 5.837565253482775995e-01 4.846574819284235058e-01
5.839464882943143920e+01 4.695558548949142069e-03 2.056421919234002083e+00 1.627358069325621215e-01 5.867802889723712223e-01 4.644612838663572107e-01
5.869565217391304657e+01 4.645604465728783890e-03 2.067019770160595016e+00 1.584776482927255092e-01 5.898040525964649561e-01 4.446528330519623484e-01
5.899665551839465394e+01 4.598086042364754426e-03 2.077617621087187949e+00 1.542914180754151321e-01 5.928278162205585788e-01 4.253980154506408207e-01
5.929765886287626131e+01 4.553602836163006366e-03 2.088215472013780882e+00 1.502007719492849114e-01 5.958515798446523126e-01 4.068301620296428944e-01
5.959866220735786158e+01 4.512673643070763338e-03 2.098813322940373816e+00 1.462281348132530578e-01 5.988753434687459354e-01 3.890371616703389157e-01
5.989966555183946895e+01 4.475678275386456989e-03 2.109411173866966749e+00 1.423915257849559246e-01 6.018991070928396692e-01 3.720612101957158080e-01
6.020066889632107632e+01 4.442790529676910252e-03 2.120009024793559682e+00 1.387023577354110360e-01 6.049228707169332919e-01 3.559038779536827235e-01
6.050167224080267658e+01 4.413928629579871865e-03 2.130606875720152615e+00 1.351643823896220287e-01 6.079466343410270257e-01 3.405311511238217625e-01
6.080267558528428395e+01 4.388743624962200551e-03 2.141204726646745549e+00 1.317737737744839321e-01 6.109703979651206485e-01 3.258782809501692967e-01
6.110367892976589133e+01 4.366652796149897257e-03 2.151802577573338926e+00 1.285202130964266387e-01 6.139941615892143822e-01 3.118579657384514259e-01
6.140468227424749870e+01 4.346911259849022685e-03 2.162400428499931859e+00 1.253887552456362520e-01 6.170179252133080050e-01 2.983745573876271373e-01
6.170568561872909896e+01 4.328706883886949616e-03 2.172998279426524793e+00 1.223622041348029627e-01 6.200416888374017388e-01 2.853423782855923907e-01
6.200668896321070633e+01 4.311263313557057129e-03 2.183596130353117726e+00 1.194236860592440552e-01 6.230654524614953615e-01 2.727015921347749616e-01
6.230769230769231370e+01 4.293940536949199076e-03 2.194193981279710659e+00 1.165590864076641586e-01 6.260892160855890953e-01 2.604242016977492136e-01
6.260869565217392108e+01 4.276326372616851869e-03 2.204791832206303592e+00 1.137590189095862153e-01 6.291129797096827181e-01 2.485067714359165403e-01
6.290969899665552134e+01 4.258311097710727397e-03 2.215389683132896526e+00 1.110200455248067930e-01 6.321367433337764519e-01 2.369531375116286087e-01
6.321070234113712871e+01 4.240131211609368331e-03 2.225987534059489459e+00 1.083449664953890362e-01 6.351605069578700746e-01 2.257556527754623898e-01
6.351170568561873608e+01 4.222362252600176356e-03 2.236585384986082392e+00 1.057421433660889754e-01 6.381842705819638084e-01 2.148842705796586150e-01
6.381270903010033635e+01 4.205842107036100903e-03 2.247183235912675325e+00 1.032239760089151553e-01 6.412080342060574312e-01 2.042886100668499239e-01
6.411371237458195083e+01 4.191520105675031020e-03 2.257781086839268259e+00 1.008047942514842810e-01 6.442317978301511650e-01 1.939115202742966448e-01
6.441471571906355109e+01 4.180251362239960529e-03 2.268378937765861192e+00 9.849851667429224134e-02 6.472555614542447877e-01 1.837072602379728192e-01
6.471571906354515136e+01 4.172581142290993951e-03 2.278976788692454125e+00 9.631645667000783562e-02 6.502793250783384105e-01 1.736559597500689500e-01
6.501672240802676583e+01 4.168578346219546128e-03 2.289574639619047058e+00 9.426561576301638323e-02 6.533030887024321443e-01 1.637688191440958008e-01
6.531772575250836610e+01 4.167771494087050589e-03 2.300172490545639992e+00 9.234770470205407034e-02 6.563268523265257670e-01 1.540835113603372664e-01
6.561872909698996637e+01 4.169214248425631708e-03 2.310770341472232925e+00 9.055899103365969149e-02 6.593506159506195008e-01 1.446535389438751984e-01
6.591973244147158084e+01 4.171668975609911338e-03 2.321368192398825858e+00 8.889091247977910781e-02 6.623743795747131236e-01 1.355368304755666109e-01
6.622073578595318111e+01 4.173859998687106353e-03 2.331966043325418791e+00 8.733124989961411899e-02 6.653981431988068573e-01 1.267874653422648434e-01
6.652173913043478137e+01 4.174726207161573617e-03 2.342563894252011725e+00 8.586555628107722660e-02 6.684219068229004801e-01 1.184515244350832774e-01
6.682274247491639585e+01 4.173602822871234040e-03 2.353161745178604658e+00 8.447851808060588552e-02 6.714456704469942139e-01 1.105655879984284440e-01
6.712374581939799612e+01 4.170283652785404180e-03 2.363759596105197591e+00 8.315499450932141434e-02 6.744694340710878366e-01 1.031555985141692638e-01
6.742474916387959638e+01 4.164950647979739906e-03 2.374357447031790525e+00 8.188062474660005863e-02 6.774931976951815704e-01 9.623476300840863584e-02
6.772575250836121086e+01 4.157996070540300772e-03 2.384955297958383902e+00 8.064206982831373383e-02 6.805169613192751932e-01 8.980098355139899680e-02
6.802675585284281112e+01 4.149793008950436457e-03 2.395553148884976835e+00 7.942710371353128851e-02 6.835407249433689270e-01 8.383569419148254043e-02
6.832775919732442560e+01 4.140484020682541448e-03 2.406150999811569768e+00 7.822482713238501639e-02 6.865644885674625497e-01 7.830598704764515916e-02
6.862876254180602587e+01 4.129851548924480878e-03 2.416748850738162702e+00 7.702621489816553757e-02 6.895882521915562835e-01 7.317042029989322127e-02
6.892976588628762613e+01 4.117309311350385997e-03 2.427346701664755635e+00 7.582503388831993152e-02 6.926120158156499063e-01 6.838676475560834245e-02
6.923076923076924061e+01 4.102018366242470189e-03 2.437944552591348568e+00 7.461894402082865085e-02 6.956357794397436400e-01 6.391851887036682778e-02
6.953177257525084087e+01 4.083095820768865326e-03 2.448542403517941501e+00 7.341040789943457934e-02 6.986595430638372628e-01 5.973733169265792176e-02
6.983277591973244114e+01 4.059859025468934984e-03 2.459140254444534435e+00 7.220697309428274202e-02 7.016833066879309966e-01 5.582051056528921501e-02
7.013377926421405562e+01 4.032040697946652485e-03 2.469738105371127368e+00 7.102060081221399368e-02 7.047070703120246193e-01 5.214544669640533425e-02
7.043478260869565588e+01 3.999921584906469645e-03 2.480335956297720301e+00 6.986597739032415766e-02 7.077308339361183531e-01 4.868452055593434913e-02
7.073578595317725615e+01 3.964351735272144892e-03 2.490933807224313234e+00 6.875807712222718748e-02 7.107545975602119759e-01 4.540381577210224340e-02
7.103678929765887062e+01 3.926660480176607897e-03 2.501531658150906168e+00 6.770952637029958865e-02 7.137783611843055986e-01 4.226686999156978319e-02
7.133779264214047089e+01 3.888480275997733063e-03 2.512129509077499101e+00 6.672843964018847218e-02 7.168021248083993324e-01 3.924188605088239912e-02
7.163879598662208537e+01 3.851525167255577618e-03 2.522727360004092034e+00 6.581730338032443228e-02 7.198258884324929552e-01 3.630888372045001228e-02
7.193979933110368563e+01 3.817369093892266935e-03 2.533325210930684968e+00 6.497319691530908936e-02 7.228496520565866890e-01 3.346328303379071667e-02
7.224080267558528590e+01 3.787263791291412950e-03 2.543923061857277901e+00 6.418925702982701542e-02 7.258734156806803117e-01 3.071435628468354578e-02
7.254180602006690037e+01 3.762023180169271185e-03 2.554520912783870834e+00 6.345694172322924320e-02 7.288971793047740455e-01 2.807971217458221300e-02
7.284280936454850064e+01 3.741984037509656687e-03 2.565118763710463767e+00 6.276844214588184201e-02 7.319209429288676683e-01 2.557885540752929607e-02
7.314381270903010090e+01 3.727035091260476676e-03 2.575716614637056701e+00 6.211858628594107978e-02 7.349447065529614020e-01 2.322881411598164136e-02
7.344481605351171538e+01 3.716692897615401017e-03 2.586314465563649634e+00 6.150575912637802622e-02 7.379684701770550248e-01 2.104301636865302597e-02
7.374581939799331565e+01 3.710197196223740963e-03 2.596912316490242567e+00 6.093165972931702951e-02 7.409922338011487586e-01 1.903232748813443731e-02
7.404682274247491591e+01 3.706603039343294402e-03 2.607510167416835944e+00 6.040002919474420778e-02 7.440159974252423813e-01 1.720595166585998231e-02
7.434782608695653039e+01 3.704859913939800593e-03 2.618108018343428878e+00 5.991472875713049762e-02 7.470397610493361151e-01 1.557044381831360069e-02
7.464882943143813065e+01 3.703883031121449863e-03 2.628705869270021811e+00 5.947767368321966314e-02 7.500635246734297379e-01 1.412681784183901501e-02
7.494983277591973092e+01 3.702630748614608829e-03 2.639303720196614744e+00 5.908712685811946808e-02 7.530872882975234717e-01 1.286737371947792655e-02
7.525083612040134540e+01 3.700198961172982380e-03 2.649901571123207678e+00 5.873674919654432031e-02 7.561110519216170944e-01 1.177431852014501450e-02
7.555183946488294566e+01 3.695928723493384360e-03 2.660499422049800611e+00 5.841563188465133394e-02 7.591348155457108282e-01 1.082136572099494723e-02
7.585284280936456014e+01 3.689504720228263882e-03 2.671097272976393544e+00 5.810933928750479371e-02 7.621585791698044510e-01 9.977985467259026589e-03
7.615384615384616041e+01 3.681010245138180773e-03 2.681695123902986477e+00 5.780180566655439278e-02 7.651823427938981848e-01 9.214813607018474198e-03
7.645484949832776067e+01 3.670907403580950940e-03 2.692292974829579411e+00 5.747777881876864337e-02 7.682061064179918075e-01 8.508450660045156419e-03
7.675585284280937515e+01 3.659930255193456251e-03 2.702890825756172344e+00 5.712540598948055715e-02 7.712298700420855413e-01 7.844381821390002119e-03
7.705685618729097541e+01 3.648906280143414480e-03 2.713488676682765277e+00 5.673852126123744150e-02 7.742536336661791641e-01 7.217538368230724463e-03
7.735785953177257568e+01 3.638546131975175461e-03 2.724086527609358210e+00 5.631822174836649542e-02 7.772773972902727868e-01 6.630678488459815223e-03
7.765886287625419016e+01 3.629253081226891352e-03 2.734684378535951144e+00 5.587340856628502522e-02 7.803011609143665206e-01 6.091166654505342573e-03
7.795986622073579042e+01 3.620998390870817756e-03 2.745282229462544077e+00 5.542010796566313596e-02 7.833249245384601434e-01 5.606958636666421400e-03
7.826086956521739069e+01 3.613291083624825626e-03 2.755880080389137010e+00 5.497956317692292288e-02 7.863486881625538771e-01 5.182727615266444383e-03
7.856187290969900516e+01 3.605248319398649589e-03 2.766477931315729943e+00 5.457527826105040836e-02 7.893724517866474999e-01 4.817053619571899821e-03
7.886287625418060543e+01 3.595753223157754572e-03 2.777075782242322877e+00 5.422937601240954142e-02 7.923962154107412337e-01 4.501362850404561945e-03
7.916387959866221991e+01 3.583673536282262415e-03 2.787673633168915810e+00 5.395877184536695959e-02 7.954199790348348564e-01 4.220859981042649443e-03
7.946488294314382017e+01 3.568105761953440248e-03 2.798271484095508743e+00 5.377173148165643318e-02 7.984437426589285902e-01 3.957189819961654843e-03
7.976588628762542044e+01 3.548603268920401572e-03 2.808869335022101676e+00 5.366534435392635027e-02 8.014675062830222130e-01 3.692171994881420470e-03
8.006688963210703491e+01 3.525343208075483719e-03 2.819467185948694610e+00 5.362429619253938906e-02 8.044912699071159468e-01 3.411760747352440143e-03
8.036789297658863518e+01 3.499189683583424013e-03 2.830065036875287987e+00 5.362108118474329110e-02 8.075150335312095695e-01 3.109362478858485046e-03
8.066889632107023544e+01 3.471624216389632318e-03 2.840662887801880920e+00 5.361750805965588562e-02 8.105387971553033033e-01 2.787736054071178384e-03
8.096989966555184992e+01 3.444540862729660556e-03 2.851260738728473854e+00 5.356710340578031693e-02 8.135625607793969261e-01 2.458907212382660263e-03
8.127090301003345019e+01 3.419937720223874093e-03 2.861858589655066787e+00 5.341788203047630884e-02 8.165863244034906598e-01 2.141905965110168369e-03
8.157190635451505045e+01 3.399568179093286156e-03 2.872456440581659720e+00 5.311499470862612871e-02 8.196100880275842826e-01 1.858687482815184677e-03
8.187290969899666493e+01 3.384631612954407207e-03 2.883054291508252653e+00 5.260298020741741021e-02 8.226338516516780164e-01 1.629175917360712418e-03
8.217391304347826519e+01 3.375576202401454895e-03 2.893652142434845587e+00 5.182767561175649629e-02 8.256576152757716391e-01 1.466716707130350872e-03
8.247491638795986546e+01 3.372057267364959952e-03 2.904249993361438520e+00 5.073815613666855101e-02 8.286813788998653729e-01 1.375127691864841970e-03
8.277591973244147994e+01 3.373053061758105129e-03 2.914847844288031453e+00 4.928924464300930147e-02 8.317051425239589957e-01 1.348008787474995300e-03
8.307692307692308020e+01 3.377101230721528662e-03 2.925445695214624386e+00 4.744504849368073873e-02 8.347289061480527295e-01 1.370244505101876620e-03
8.337792642140469468e+01 3.382595507567213045e-03 2.936043546141217320e+00 4.518362631110281469e-02 8.377526697721463522e-01 1.421042386229095112e-03
8.367892976588629494e+01 3.388078542845199877e-03 2.946641397067810253e+00 4.250234434007238438e-02 8.407764333962399750e-01 1.477610886502821316e-03
8.397993311036789521e+01 3.392479182932468980e-03 2.957239247994403186e+00 3.942292636177275461e-02 8.438001970203337088e-01 1.518689209163308351e-03
8.428093645484950969e+01 3.395262119413091847e-03 2.967837098920996119e+00 3.599484383668172249e-02 8.468239606444273315e-01 1.527422278959339203e-03
8.458193979933110995e+01 3.396476169718942728e-03 2.978434949847589053e+00 3.229570635567899362e-02 8.498477242685210653e-01 1.493324715355552222e-03
8.488294314381271022e+01 3.396700764244908136e-03 2.989032800774181986e+00 2.842775925855432761e-02 8.528714878926146881e-01 1.413205891750016555e-03
8.518394648829432469e+01 3.396899986150420537e-03 2.999630651700774919e+00 2.451039272920488982e-02 8.558952515167084218e-01 1.290982212178546197e-03
8.548494983277592496e+01 3.398203588782191652e-03 3.010228502627367853e+00 2.066950293237128020e-02 8.589190151408020446e-01 1.136394369260603854e-03
8.578595317725752523e+01 3.401647001971775004e-03 3.020826353553960786e+00 1.702534618441721437e-02 8.619427787648957784e-01 9.628367954346158612e-04
8.608695652173913970e+01 3.407915498181933282e-03 3.031424204480553719e+00 1.368094776963283202e-02 8.649665423889894011e-01 7.847404245251173418e-04
8.638795986622073997e+01 3.417145840513589623e-03 3.042022055407146652e+00 1.071303934896129448e-02 8.679903060130831349e-01 6.150971539839645728e-04
8.668896321070235444e+01 3.428835608979786172e-03 3.052619906333740030e+00 8.166933093077487910e-03 8.710140696371767577e-01 4.636673894307886327e-04
8.698996655518395471e+01 3.441892659714157216e-03 3.063217757260332963e+00 6.055870571873666133e-03 8.740378332612704915e-01 3.361709166868922486e-04
8.729096989966555498e+01 3.454826737983306226e-03 3.073815608186925896e+00 4.364462538888547009e-03 8.770615968853641142e-01 2.344370851443730163e-04
8.759197324414716945e+01 3.466049335780376286e-03 3.084413459113518829e+00 3.055105517356764434e-03 8.800853605094578480e-01 1.572299856627321741e-04
8.789297658862876972e+01 3.474216728217283372e-03 3.095011310040111763e+00 2.075881355647606757e-03 8.831091241335514708e-01 1.013610570000440288e-04
8.819397993311036998e+01 3.478534648056533056e-03 3.105609160966704696e+00 1.368453700540605070e-03 8.861328877576452046e-01 6.275381233691399037e-05
8.849498327759198446e+01 3.478947417341175970e-03 3.116207011893297629e+00 8.747950426357479483e-04 8.891566513817388273e-01 3.726242317335646718e-05
8.879598662207358473e+01 3.476159743600418586e-03 3.126804862819890563e+00 5.420658235915870680e-04 8.921804150058325611e-01 2.118571656848130386e-05
8.909698996655518499e+01 3.471479750004457816e-03 3.137402713746483496e+00 3.254682377142889354e-04 8.952041786299261839e-01 1.151154675649784998e-05
8.939799331103679947e+01 3.466516557638787792e-03 3.148000564673076429e+00 1.892933031948535198e-04 8.982279422540199176e-01 5.965873476884159090e-06
8.969899665551839973e+01 3.462802902464450893e-03 3.158598415599669362e+00 1.066121287445127332e-04 9.012517058781135404e-01 2.943078331857198290e-06
9.000000000000000000e+01 3.461432982071593716e-03 3.169196266526262296e+00 5.813141277111884243e-05 9.042754695022071632e-01 1.379437743833555265e-06
