0.000000000000000000e+00 2.642976935730593276e-03 2.531683249722416207e-04 1.392875572566055764e-01 1.686278502489313436e-04 4.487566927880348167e-01
3.010033444816053727e-01 2.644057814579157169e-03 1.074490075359154501e-02 1.394686133186471555e-01 5.961091635963552612e-03 4.479321681034182934e-01
6.020066889632107454e-01 2.647303117964562320e-03 2.123663318221084839e-02 1.399834738204993045e-01 1.175355542167817388e-02 4.455893455195417130e-01
9.030100334448161181e-01 2.652724042920821378e-03 3.172836561083015178e-02 1.407996277400214713e-01 1.754601920739279342e-02 4.418415048062647732e-01
1.204013377926421491e+00 2.660348940425071463e-03 4.222009803944945516e-02 1.418684633114385418e-01 2.333848299310741642e-02 4.368657918657045114e-01
1.505016722408026864e+00 2.670234689768264703e-03 5.271183046806875855e-02 1.431330269861983140e-01 2.913094677882203942e-02 4.308905802653107409e-01
1.806020066889632236e+00 2.682477054613643420e-03 6.320356289668806193e-02 1.445383060394229979e-01 3.492341056453665549e-02 4.241812279967301924e-01
2.107023411371237387e+00 2.697216050481310648e-03 7.369529532530735838e-02 1.460426235091154545e-01 4.071587435025127849e-02 4.170251061699693507e-01
2.408026755852842982e+00 2.714633128308957359e-03 8.418702775392666871e-02 1.476279367514949092e-01 4.650833813596590149e-02 4.097153736465381502e-01
2.709030100334448576e+00 2.734938598737646394e-03 9.467876018254597903e-02 1.493065721320889216e-01 5.230080192168052450e-02 4.025323927285944792e-01
3.010033444816053727e+00 2.758349854388006742e-03 1.051704926111652755e-01 1.511224725270378932e-01 5.809326570739514750e-02 3.957226660829945564e-01
3.311036789297658878e+00 2.785063122296917333e-03 1.156622250397845719e-01 1.531462869212991129e-01 6.388572949310976357e-02 3.894775452472109545e-01
3.612040133779264472e+00 2.815223191533204172e-03 1.261539574684038822e-01 1.554651908769499047e-01 6.967819327882437963e-02 3.839165362472925502e-01
3.913043478260870067e+00 2.848896395733536285e-03 1.366456898970231926e-01 1.581696750588070244e-01 7.547065706453900957e-02 3.790811395162546615e-01
4.214046822742474774e+00 2.886051867686911191e-03 1.471374223256424751e-01 1.613402419545700572e-01 8.126312085025362564e-02 3.749435607999153652e-01
4.515050167224080369e+00 2.926554762616806124e-03 1.576291547542617855e-01 1.650367797196893027e-01 8.705558463596825558e-02 3.714303228818182090e-01
4.816053511705685963e+00 2.970173059639604884e-03 1.681208871828810958e-01 1.692923646094409984e-01 9.284804842168287164e-02 3.684553095230014286e-01
5.117056856187291558e+00 3.016597162846304785e-03 1.786126196115004061e-01 1.741116883237626700e-01 9.864051220739748771e-02 3.659525377896632459e-01
5.418060200668897153e+00 3.065469350053162591e-03 1.891043520401197164e-01 1.794727867255934695e-01 1.044329759931121177e-01 3.638981931895173827e-01
5.719063545150501859e+00 3.116418589790278387e-03 1.995960844687389990e-01 1.853299546987460522e-01 1.102254397788267337e-01 3.623149369270843301e-01
6.020066889632107454e+00 3.169095612076931051e-03 2.100878168973583093e-01 1.916161581471789721e-01 1.160179035645413637e-01 3.612579790361789001e-01
6.321070234113713049e+00 3.223203399899991165e-03 2.205795493259776197e-01 1.982448050892189895e-01 1.218103673502559797e-01 3.607891665058557407e-01
6.622073578595317755e+00 3.278519297996071100e-03 2.310712817545969022e-01 2.051125868522489237e-01 1.276028311359705958e-01 3.609494178187628299e-01
6.923076923076923350e+00 3.334906433226006179e-03 2.415630141832162125e-01 2.121060078126618675e-01 1.333952949216852257e-01 3.617395527762995999e-01
7.224080267558528945e+00 3.392313807743162820e-03 2.520547466118355229e-01 2.191132644901377102e-01 1.391877587073998279e-01 3.631152993215041591e-01
7.525083612040134540e+00 3.450766017256364816e-03 2.625464790404548054e-01 2.260404199905891309e-01 1.449802224931144579e-01 3.649961959807973555e-01
7.826086956521740134e+00 3.510344899938826028e-03 2.730382114690741435e-01 2.328276553164073670e-01 1.507726862788290878e-01 3.672830631045402860e-01
8.127090301003345729e+00 3.571166444535580405e-03 2.835299438976934261e-01 2.394596552502709641e-01 1.565651500645437177e-01 3.698767005351563109e-01
8.428093645484949548e+00 3.633356919405108815e-03 2.940216763263127087e-01 2.459652666194827864e-01 1.623576138502583199e-01 3.726918111901422748e-01
8.729096989966555142e+00 3.697032367767443938e-03 3.045134087549320467e-01 2.524053623671183577e-01 1.681500776359729499e-01 3.756635795754496576e-01
9.030100334448160737e+00 3.762285280395365975e-03 3.150051411835513293e-01 2.588526980525707732e-01 1.739425414216875798e-01 3.787478823527496985e-01
9.331103678929766332e+00 3.829181353138599603e-03 3.254968736121706674e-01 2.653710554715167924e-01 1.797350052074021820e-01 3.819182097694812650e-01
9.632107023411371927e+00 3.897767771286730562e-03 3.359886060407899500e-01 2.720012936126849357e-01 1.855274689931168119e-01 3.851625392772372591e-01
9.933110367892977521e+00 3.968092548997619387e-03 3.464803384694092325e-01 2.787588265969062062e-01 1.913199327788314419e-01 3.884821533297680429e-01
1.023411371237458312e+01 4.040232329311975630e-03 3.569720708980285706e-01 2.856420206027182052e-01 1.971123965645460441e-01 3.918926992570718193e-01
1.053511705685618871e+01 4.114324068725776738e-03 3.674638033266478532e-01 2.926464848582199796e-01 2.029048603502606740e-01 3.954264198211034365e-01
1.083612040133779431e+01 4.190594596202202801e-03 3.779555357552671913e-01 2.997783194993361433e-01 2.086973241359753040e-01 3.991337181317128890e-01
1.113712374581939812e+01 4.269381529783695256e-03 3.884472681838864738e-01 3.070607804142631014e-01 2.144897879216899061e-01 4.030819874164230376e-01
1.143812709030100372e+01 4.351139715596336922e-03 3.989390006125057564e-01 3.145325748506198060e-01 2.202822517074045361e-01 4.073498492967480011e-01
1.173913043478260931e+01 4.436429284645145542e-03 4.094307330411250945e-01 3.222400881031513564e-01 2.260747154931191660e-01 4.120157149102993133e-01
1.204013377926421491e+01 4.525884412077284605e-03 4.199224654697443770e-01 3.302282427730005576e-01 2.318671792788337960e-01 4.171411132468311744e-01
1.234113712374582050e+01 4.620165466287668062e-03 4.304141978983636596e-01 3.385343833859525420e-01 2.376596430645483982e-01 4.227514727554149143e-01
1.264214046822742610e+01 4.719900802759070119e-03 4.409059303269829977e-01 3.471869659547559550e-01 2.434521068502630281e-01 4.288194032508110820e-01
1.294314381270903169e+01 4.825627244659277948e-03 4.513976627556022803e-01 3.562074784472595290e-01 2.492445706359776580e-01 4.352569011563533485e-01
1.324414715719063551e+01 4.937739606040663851e-03 4.618893951842215628e-01 3.656118419492928595e-01 2.550370344216922325e-01 4.419221295501693514e-01
1.354515050167224111e+01 5.056458977851696103e-03 4.723811276128409009e-01 3.754078567933383792e-01 2.608294982074068624e-01 4.486429768981008426e-01
1.384615384615384670e+01 5.181826795234253068e-03 4.828728600414601835e-01 3.855880791112044070e-01 2.666219619931214924e-01 4.552541304492567775e-01
1.414715719063545230e+01 5.313727260236595154e-03 4.933645924700795216e-01 3.961214478238179737e-01 2.724144257788361223e-01 4.616387778927346641e-01
1.444816053511705789e+01 5.451935257198808026e-03 5.038563248986988041e-01 4.069497981313243140e-01 2.782068895645507522e-01 4.677627015497990981e-01
1.474916387959866348e+01 5.596181525598870402e-03 5.143480573273181422e-01 4.179951025311350876e-01 2.839993533502653822e-01 4.736893343519816280e-01
1.505016722408026908e+01 5.746222700606657373e-03 5.248397897559373693e-01 4.291792552510842462e-01 2.897918171359800121e-01 4.795695994043680521e-01
1.535117056856187467e+01 5.901901887610472297e-03 5.353315221845567073e-01 4.404518186650911993e-01 2.955842809216946421e-01 4.856083709729193121e-01
1.565217391304348027e+01 6.063186292479642858e-03 5.458232546131760454e-01 4.518153462602610415e-01 3.013767447074092720e-01 4.920170891825041970e-01
1.595317725752508409e+01 6.230172105568907749e-03 5.563149870417952725e-01 4.633359292005911900e-01 3.071692084931239020e-01 4.989663032317327995e-01
1.625418060200669146e+01 6.403052750585194915e-03 5.668067194704146106e-01 4.751302934207744522e-01 3.129616722788385319e-01 5.065510211431732968e-01
1.655518394648829528e+01 6.582053675179695175e-03 5.772984518990339486e-01 4.873293010488594090e-01 3.187541360645530508e-01 5.147763003082568289e-01
1.685618729096989910e+01 6.767343718415520966e-03 5.877901843276531757e-01 5.000277525530483214e-01 3.245465998502676808e-01 5.235631024152094248e-01
1.715719063545150647e+01 6.958938394275539750e-03 5.982819167562725138e-01 5.132375010932442860e-01 3.303390636359823107e-01 5.327683329872455742e-01
1.745819397993311028e+01 7.156613128218354374e-03 6.087736491848918519e-01 5.268616126070341243e-01 3.361315274216969406e-01 5.422105468458061628e-01
1.775919732441471766e+01 7.359844025178046215e-03 6.192653816135111899e-01 5.407008522092500158e-01 3.419239912074115706e-01 5.516943947345663846e-01
1.806020066889632147e+01 7.567790171854956935e-03 6.297571140421304170e-01 5.544925102370052983e-01 3.477164549931262005e-01 5.610309009814452574e-01
1.836120401337792885e+01 7.779325373910719356e-03 6.402488464707497551e-01 5.679699884403123233e-01 3.535089187788408305e-01 5.700545215713656022e-01
1.866220735785953266e+01 7.993119599220990454e-03 6.507405788993690932e-01 5.809242702284707072e-01 3.593013825645554604e-01 5.786395130852287627e-01
1.896321070234114003e+01 8.207762452612381993e-03 6.612323113279883202e-01 5.932481271068372752e-01 3.650938463502700904e-01 5.867168217698833788e-01
1.926421404682274385e+01 8.421913964098632147e-03 6.717240437566076583e-01 6.049503938345549559e-01 3.708863101359847203e-01 5.942895328898833984e-01
1.956521739130434767e+01 8.634462885499408907e-03 6.822157761852269964e-01 6.161379172321169717e-01 3.766787739216993502e-01 6.014419495943525984e-01
1.986622073578595504e+01 8.844670325437575115e-03 6.927075086138462234e-01 6.269727332956611665e-01 3.824712377074139802e-01 6.083365187137323993e-01
2.016722408026755886e+01 9.052277311926785683e-03 7.031992410424655615e-01 6.376183062873144181e-01 3.882637014931286101e-01 6.151949236135055843e-01
2.046822742474916623e+01 9.257558753219159720e-03 7.136909734710848996e-01 6.481899768505435810e-01 3.940561652788431291e-01 6.222641039184779732e-01
2.076923076923077005e+01 9.461312854561995320e-03 7.241827058997041267e-01 6.587219103128113540e-01 3.998486290645577590e-01 6.297730021514209575e-01
2.107023411371237742e+01 9.664783529577131854e-03 7.346744383283234647e-01 6.691576704328410230e-01 4.056410928502723889e-01 6.378894417710048170e-01
2.137123745819398124e+01 9.869522578810480812e-03 7.451661707569428028e-01 6.793657368678165387e-01 4.114335566359870189e-01 6.466872721212406638e-01
2.167224080267558861e+01 1.007720704833645238e-02 7.556579031855621409e-01 6.891757242902302183e-01 4.172260204217016488e-01 6.561315120408968138e-01
2.197324414715719243e+01 1.028943386615063967e-02 7.661496356141813679e-01 6.984261957913925345e-01 4.230184842074162788e-01 6.660846302485684545e-01
2.227424749163879625e+01 1.050751744104369730e-02 7.766413680428007060e-01 7.070115418015877617e-01 4.288109479931309087e-01 6.763319836907111249e-01
2.257525083612040362e+01 1.073231571267555667e-02 7.871331004714200441e-01 7.149147273532869828e-01 4.346034117788455386e-01 6.866204432047421369e-01
2.287625418060200744e+01 1.096410611450178256e-02 7.976248329000392712e-01 7.222159919495322322e-01 4.403958755645601686e-01 6.967023552901555616e-01
2.317725752508361481e+01 1.120252570350568043e-02 8.081165653286586092e-01 7.290747131152799376e-01 4.461883393502747985e-01 7.063772666791158228e-01
2.347826086956521863e+01 1.144658057901799808e-02 8.186082977572779473e-01 7.356905121934291802e-01 4.519808031359894285e-01 7.155255470991305211e-01
2.377926421404682600e+01 1.169472027753007057e-02 8.291000301858971744e-01 7.422567614598887253e-01 4.577732669217040584e-01 7.241301551132313108e-01
2.408026755852842982e+01 1.194496473199463220e-02 8.395917626145165125e-01 7.489217211565045718e-01 4.635657307074186884e-01 7.322845008161913416e-01
2.438127090301003363e+01 1.219506592432852490e-02 8.500834950431358505e-01 7.557685148760161509e-01 4.693581944931332073e-01 7.401854409859889294e-01
2.468227424749164101e+01 1.244268422128645690e-02 8.605752274717550776e-01 7.628168491442538501e-01 4.751506582788478372e-01 7.481112660476495480e-01
2.498327759197324482e+01 1.268556050662795684e-02 8.710669599003744157e-01 7.700406115402791407e-01 4.809431220645624672e-01 7.563857666238921196e-01
2.528428093645485220e+01 1.292166887109764441e-02 8.815586923289937538e-01 7.773900947520925309e-01 4.867355858502770971e-01 7.653315761753690660e-01
2.558528428093645601e+01 1.314933962179794420e-02 8.920504247576129808e-01 7.848076131952892442e-01 4.925280496359917271e-01 7.752188413084653007e-01
2.588628762541806339e+01 1.336734744689543723e-02 9.025421571862323189e-01 7.922301312935138284e-01 4.983205134217063570e-01 7.862180042903534893e-01
2.618729096989966720e+01 1.357496367858551482e-02 9.130338896148516570e-01 7.995796316490340061e-01 5.041129772074209869e-01 7.983667817688442359e-01
2.648829431438127102e+01 1.377197417586755075e-02 9.235256220434708840e-01 8.067481429903479162e-01 5.099054409931356169e-01 8.115601477065719216e-01
2.678929765886287839e+01 1.395866540656340304e-02 9.340173544720902221e-01 8.135872307824453253e-01 5.156979047788502468e-01 8.255679426059844284e-01
2.709030100334448221e+01 1.413578133645036934e-02 9.445090869007095602e-01 8.199104793056304352e-01 5.214903685645648768e-01 8.400784262726121998e-01
2.739130434782608958e+01 1.430445348573581611e-02 9.550008193293288983e-01 8.255127839219585928e-01 5.272828323502795067e-01 8.547593924221855710e-01
2.769230769230769340e+01 1.446610672097467000e-02 9.654925517579481253e-01 8.302039416662932991e-01 5.330752961359941366e-01 8.693234129717922753e-01
2.799331103678930077e+01 1.462234446694995332e-02 9.759842841865674634e-01 8.338483016388623659e-01 5.388677599217087666e-01 8.835820014164073033e-01
2.829431438127090459e+01 1.477481906930976606e-02 9.864760166151868015e-01 8.363990451554188521e-01 5.446602237074233965e-01 8.974756501735295933e-01
2.859531772575251196e+01 1.492509559674099449e-02 9.969677490438060286e-01 8.379160630363780005e-01 5.504526874931380265e-01 9.110723621198689726e-01
2.889632107023411578e+01 1.507451971705777403e-02 1.007459481472425367e+00 8.385602504553014702e-01 5.562451512788525454e-01 9.245350687476756590e-01
2.919732441471571960e+01 1.522410161263410174e-02 1.017951213901044705e+00 8.385631306143548347e-01 5.620376150645671753e-01 9.380662286316067133e-01
2.949832775919732697e+01 1.537442758607443678e-02 1.028442946329664043e+00 8.381772372013577277e-01 5.678300788502818053e-01 9.518438258238752780e-01
2.979933110367893079e+01 1.552560878187943944e-02 1.038934678758283381e+00 8.376178693432049238e-01 5.736225426359964352e-01 9.659652197749815095e-01
3.010033444816053816e+01 1.567727250145728793e-02 1.049426411186902497e+00 8.370094361909050651e-01 5.794150064217110652e-01 9.804130193622866418e-01
3.040133779264214198e+01 1.582859651684033475e-02 1.059918143615521835e+00 8.363490584480919310e-01 5.852074702074256951e-01 9.950508273301141848e-01
3.070234113712374935e+01 1.597838145975504290e-02 1.070409876044141173e+00 8.354964519976071369e-01 5.909999339931403251e-01 1.009648109340696820e+00
3.100334448160535317e+01 1.612515170986997953e-02 1.080901608472760511e+00 8.341930652811839764e-01 5.967923977788549550e-01 1.023925237352752093e+00
3.130434782608696054e+01 1.626727202740136172e-02 1.091393340901379849e+00 8.321063314299956826e-01 6.025848615645695849e-01 1.037604601378014690e+00
3.160535117056856436e+01 1.640306598304617364e-02 1.101885073329999187e+00 8.288886557054886417e-01 6.083773253502842149e-01 1.050453261735943222e+00
3.190635451505016817e+01 1.653092317980311976e-02 1.112376805758618303e+00 8.242373833840989095e-01 6.141697891359988448e-01 1.062306947239585631e+00
3.220735785953177555e+01 1.664938511405298152e-02 1.122868538187237641e+00 8.179426912130635108e-01 6.199622529217134748e-01 1.073072592993652874e+00
3.250836120401338292e+01 1.675720374916380914e-02 1.133360270615856980e+00 8.099148071918248482e-01 6.257547167074281047e-01 1.082714273311610187e+00
3.280936454849498318e+01 1.685337171548772009e-02 1.143852003044476318e+00 8.001883289087445839e-01 6.315471804931426236e-01 1.091232550556371805e+00
3.311036789297659055e+01 1.693712764892565947e-02 1.154343735473095656e+00 7.889071301342064357e-01 6.373396442788572536e-01 1.098648246982411925e+00
3.341137123745819792e+01 1.700794371832253793e-02 1.164835467901714994e+00 7.762964864736527915e-01 6.431321080645718835e-01 1.104998448198239558e+00
3.371237458193979819e+01 1.706550423371447703e-02 1.175327200330334110e+00 7.626292329363186795e-01 6.489245718502865135e-01 1.110346695584462084e+00
3.401337792642140556e+01 1.710968404812334559e-02 1.185818932758953448e+00 7.481911213051887222e-01 6.547170356360011434e-01 1.114803136718698129e+00
3.431438127090301293e+01 1.714053334082198121e-02 1.196310665187572786e+00 7.332487816969460726e-01 6.605094994217157733e-01 1.118546010889101661e+00
3.461538461538462030e+01 1.715827179428026580e-02 1.206802397616192124e+00 7.180229457983245966e-01 6.663019632074304033e-01 1.121834481460954880e+00
3.491638795986622057e+01 1.716329099049176618e-02 1.217294130044811462e+00 7.026698204256113245e-01 6.720944269931450332e-01 1.125004602487961636e+00
3.521739130434782794e+01 1.715616007623708972e-02 1.227785862473430800e+00 6.872737454464082907e-01 6.778868907788596632e-01 1.128444367280097893e+00
3.551839464882943531e+01 1.713762735496864031e-02 1.238277594902050138e+00 6.718534383571509450e-01 6.836793545645742931e-01 1.132549143089790933e+00
3.581939799331104268e+01 1.710861014147486286e-02 1.248769327330669254e+00 6.563817656236301534e-01 6.894718183502889230e-01 1.137664090276502060e+00
3.612040133779264295e+01 1.707016717146713283e-02 1.259261059759288592e+00 6.408155794568729524e-01 6.952642821360035530e-01 1.144024253636690913e+00
3.642140468227425032e+01 1.702345173287396138e-02 1.269752792187907930e+00 6.251289329099786185e-01 7.010567459217181829e-01 1.151704957971160681e+00
3.672240802675585769e+01 1.696964860211457732e-02 1.280244524616527269e+00 6.093413220155697863e-01 7.068492097074327019e-01 1.160594321345884028e+00
3.702341137123745796e+01 1.690990261401663017e-02 1.290736257045146607e+00 5.935334357294127505e-01 7.126416734931473318e-01 1.170396015427323411e+00
3.732441471571906533e+01 1.684525000006477716e-02 1.301227989473765945e+00 5.778462405694565485e-01 7.184341372788619617e-01 1.180664438871878996e+00
3.762541806020067270e+01 1.677656449110041456e-02 1.311719721902385061e+00 5.624640654926924555e-01 7.242266010645765917e-01 1.190867498331463326e+00
3.792642140468228007e+01 1.670452813565127120e-02 1.322211454331004399e+00 5.475869530469229529e-01 7.300190648502912216e-01 1.200465899337411990e+00
3.822742474916388034e+01 1.662963208364460002e-02 1.332703186759623737e+00 5.334001814858638779e-01 7.358115286360058516e-01 1.208993862102857975e+00
3.852842809364548771e+01 1.655220618987070930e-02 1.343194919188243075e+00 5.200486223877113234e-01 7.416039924217204815e-01 1.216125560959885998e+00
3.882943143812709508e+01 1.647246969153605758e-02 1.353686651616862413e+00 5.076208287149013287e-01 7.473964562074351115e-01 1.221714532901520434e+00
3.913043478260869534e+01 1.639059008084888663e-02 1.364178384045481751e+00 4.961438944119388461e-01 7.531889199931497414e-01 1.225799111566089561e+00
3.943143812709030271e+01 1.630673505237379903e-02 1.374670116474101089e+00 4.855869843522448437e-01 7.589813837788643713e-01 1.228574267417130272e+00
3.973244147157191009e+01 1.622110383592866023e-02 1.385161848902720205e+00 4.758702240192267396e-01 7.647738475645790013e-01 1.230337426175489357e+00
4.003344481605351746e+01 1.613392920834763253e-02 1.395653581331339543e+00 4.668764125013343813e-01 7.705663113502936312e-01 1.231421291185956557e+00
4.033444816053511772e+01 1.604544896518009939e-02 1.406145313759958881e+00 4.584647213196498816e-01 7.763587751360082612e-01 1.232129129272192092e+00
4.063545150501672509e+01 1.595585388350172218e-02 1.416637046188578219e+00 4.504866779677199617e-01 7.821512389217227801e-01 1.232686696520710168e+00
4.093645484949833246e+01 1.586522620993534999e-02 1.427128778617197558e+00 4.428043094796711432e-01 7.879437027074374100e-01 1.233220129942454335e+00
4.123745819397993273e+01 1.577348670045786855e-02 1.437620511045816896e+00 4.353084595350206198e-01 7.937361664931520400e-01 1.233761871092116769e+00
4.153846153846154010e+01 1.568036815403065984e-02 1.448112243474436012e+00 4.279331936100452261e-01 7.995286302788666699e-01 1.234279050748730899e+00
4.183946488294314747e+01 1.558542911196667165e-02 1.458603975903055350e+00 4.206614434632393040e-01 8.053210940645812999e-01 1.234713096279832723e+00
4.214046822742475484e+01 1.548811379488222728e-02 1.469095708331674688e+00 4.135185933020249505e-01 8.111135578502959298e-01 1.235017417226389025e+00
4.244147157190635511e+01 1.538785500310131497e-02 1.479587440760294026e+00 4.065543189142509783e-01 8.169060216360105597e-01 1.235182330491948477e+00
4.274247491638796248e+01 1.528420753131763503e-02 1.490079173188913364e+00 3.998172420374997427e-01 8.226984854217251897e-01 1.235241771111266207e+00
4.304347826086956985e+01 1.517699245699862150e-02 1.500570905617532702e+00 3.933300095402640362e-01 8.284909492074398196e-01 1.235262593589264046e+00
4.334448160535117722e+01 1.506642879851208434e-02 1.511062638046152040e+00 3.870728981706860750e-01 8.342834129931544496e-01 1.235322158511959589e+00
4.364548494983277749e+01 1.495322916069392015e-02 1.521554370474771156e+00 3.809817084857969327e-01 8.400758767788690795e-01 1.235482115100153155e+00
4.394648829431438486e+01 1.483864001421297645e-02 1.532046102903390494e+00 3.749613539330192147e-01 8.458683405645837095e-01 1.235765849899934654e+00
4.424749163879599223e+01 1.472441447161554166e-02 1.542537835332009832e+00 3.689116105127094314e-01 8.516608043502983394e-01 1.236144947807317207e+00
4.454849498327759250e+01 1.461271465560173149e-02 1.553029567760629170e+00 3.627574795341159675e-01 8.574532681360128583e-01 1.236537346661811698e+00
4.484949832775919987e+01 1.450595060430613301e-02 1.563521300189248509e+00 3.564747142813747272e-01 8.632457319217274883e-01 1.236817329135035060e+00
4.515050167224080724e+01 1.440657171400728208e-02 1.574013032617867847e+00 3.501019188215437894e-01 8.690381957074421182e-01 1.236835175814073651e+00
4.545150501672241461e+01 1.431683374372781647e-02 1.584504765046486963e+00 3.437342244499976274e-01 8.748306594931567481e-01 1.236442121423046547e+00
4.575250836120401488e+01 1.423856846877941812e-02 1.594996497475106301e+00 3.374990850978526469e-01 8.806231232788713781e-01 1.235514480729058784e+00
4.605351170568562225e+01 1.417298363783243628e-02 1.605488229903725639e+00 3.315206353551818363e-01 8.864155870645860080e-01 1.233970218374541572e+00
4.635451505016722962e+01 1.412051786628094711e-02 1.615979962332344977e+00 3.258833120278414874e-01 8.922080508503006380e-01 1.231772714663840640e+00
4.665551839464882988e+01 1.408076883566957392e-02 1.626471694760964315e+00 3.206063067066114436e-01 8.980005146360152679e-01 1.228920292104758394e+00
4.695652173913043725e+01 1.405250442200766184e-02 1.636963427189583653e+00 3.156372457194684400e-01 9.037929784217298979e-01 1.225425297225589683e+00
4.725752508361204463e+01 1.403375624228985104e-02 1.647455159618202769e+00 3.108672272521227908e-01 9.095854422074445278e-01 1.221291155399719441e+00
4.755852842809365200e+01 1.402198491812642160e-02 1.657946892046822107e+00 3.061622764658330498e-01 9.153779059931591577e-01 1.216497529416679324e+00
4.785953177257525226e+01 1.401429751918259296e-02 1.668438624475441445e+00 3.014010959417212088e-01 9.211703697788737877e-01 1.211001142619765103e+00
4.816053511705685963e+01 1.400769146752037057e-02 1.678930356904060783e+00 2.965075663308671117e-01 9.269628335645884176e-01 1.204753468110589365e+00
4.846153846153846700e+01 1.399929662928158999e-02 1.689422089332680121e+00 2.914690459061778927e-01 9.327552973503029365e-01 1.197728764779250721e+00
4.876254180602006727e+01 1.398658883094873115e-02 1.699913821761299459e+00 2.863367694716458800e-01 9.385477611360175665e-01 1.189950264369056043e+00
4.906354515050167464e+01 1.396755337756398242e-02 1.710405554189918798e+00 2.812103409998231163e-01 9.443402249217321964e-01 1.181501491082817878e+00
4.936454849498328201e+01 1.394078538909562272e-02 1.720897286618537914e+00 2.762124204523404569e-01 9.501326887074468264e-01 1.172514532081261773e+00
4.966555183946488938e+01 1.390552341951005987e-02 1.731389019047157252e+00 2.714611706167101568e-01 9.559251524931614563e-01 1.163135869907041764e+00
4.996655518394648965e+01 1.386162211947649867e-02 1.741880751475776590e+00 2.670470027870706087e-01 9.617176162788760863e-01 1.153479605722355750e+00
5.026755852842809702e+01 1.380947699314818804e-02 1.752372483904395928e+00 2.630176595814295304e-01 9.675100800645907162e-01 1.143583735644337906e+00
5.056856187290970439e+01 1.374991841013630152e-02 1.762864216333015266e+00 2.593729566322736657e-01 9.733025438503053461e-01 1.133385165958854301e+00
5.086956521739130466e+01 1.368409254251135888e-02 1.773355948761634604e+00 2.560684692298538789e-01 9.790950076360199761e-01 1.122723325968419728e+00
5.117056856187291203e+01 1.361334420398456306e-02 1.783847681190253720e+00 2.530263351536188865e-01 9.848874714217346060e-01 1.111372825324770330e+00
5.147157190635451940e+01 1.353911175694121755e-02 1.794339413618873058e+00 2.501508432220166944e-01 9.906799352074492360e-01 1.099096135049990597e+00
5.177257525083612677e+01 1.346283877108181946e-02 1.804831146047492396e+00 2.473461360085363048e-01 9.964723989931638659e-01 1.085701070777280064e+00
5.207357859531772704e+01 1.338590238326057419e-02 1.815322878476111734e+00 2.445329949705415118e-01 1.002264862778878385e+00 1.071086804672993109e+00
5.237458193979933441e+01 1.330955535018686631e-02 1.825814610904731072e+00 2.416615397300309331e-01 1.008057326564592904e+00 1.055266145806255107e+00
5.267558528428094178e+01 1.323487801816579032e-02 1.836306343333350410e+00 2.387172116009082523e-01 1.013849790350307645e+00 1.038359154969299647e+00
5.297658862876254204e+01 1.316273761814071297e-02 1.846798075761969526e+00 2.357188706668665867e-01 1.019642254136022164e+00 1.020561243356378212e+00
5.327759197324414941e+01 1.309375467711495003e-02 1.857289808190588865e+00 2.327099519962202712e-01 1.025434717921736905e+00 1.002095378100835044e+00
5.357859531772575679e+01 1.302827891102032419e-02 1.867781540619208203e+00 2.297456577603025907e-01 1.031227181707451424e+00 9.831614057530488893e-01
5.387959866220736416e+01 1.296637876329850315e-02 1.878273273047827541e+00 2.268802447228774610e-01 1.037019645493166164e+00 9.638954282599005996e-01
5.418060200668896442e+01 1.290784910599021562e-02 1.888765005476446879e+00 2.241580763636258633e-01 1.042812109278880683e+00 9.443491129602453737e-01
5.448160535117057179e+01 1.285224030023481359e-02 1.899256737905066217e+00 2.216103514727253421e-01 1.048604573064595202e+00 9.244937343042084477e-01
5.478260869565217916e+01 1.279890906989866912e-02 1.909748470333685555e+00 2.192570010596491259e-01 1.054397036850309943e+00 9.042477180246513146e-01
5.508361204013378654e+01 1.274708811377442234e-02 1.920240202762304671e+00 2.171111464651016842e-01 1.060189500636024462e+00 8.835206175117160665e-01
5.538461538461538680e+01 1.269596792606328753e-02 1.930731935190924009e+00 2.151825637415040460e-01 1.065981964421739203e+00 8.622619905471808899e-01
5.568561872909699417e+01 1.264478177696472770e-02 1.941223667619543347e+00 2.134771472256088987e-01 1.071774428207453722e+00 8.405017494658303390e-01
5.598662207357860154e+01 1.259288388853045670e-02 1.951715400048162685e+00 2.119911748352561742e-01 1.077566891993168463e+00 8.183700982244224154e-01
5.628762541806020181e+01 1.253981182155508925e-02 1.962207132476782023e+00 2.107015828595902585e-01 1.083359355778882982e+00 7.960902176171399391e-01
5.658862876254180918e+01 1.248532681053313512e-02 1.972698864905401361e+00 2.095556269790532777e-01 1.089151819564597723e+00 7.739443343362324423e-01
5.688963210702341655e+01 1.242942965525459763e-02 1.983190597334020477e+00 2.084644863876511933e-01 1.094944283350312242e+00 7.522215701027887835e-01
5.719063545150502392e+01 1.237235390418314762e-02 1.993682329762639815e+00 2.073050503008832257e-01 1.100736747136026983e+00 7.311614675578675948e-01
5.749163879598662419e+01 1.231454146430900447e-02 2.004174062191259154e+00 2.059321691711967772e-01 1.106529210921741502e+00 7.109083712368572394e-01
5.779264214046823156e+01 1.225660763475384246e-02 2.014665794619878270e+00 2.042004110606911449e-01 1.112321674707456021e+00 6.914883945063972082e-01
5.809364548494983893e+01 1.219930248013750308e-02 2.025157527048497386e+00 2.019907607295414187e-01 1.118114138493170762e+00 6.728137418753397103e-01
5.839464882943143920e+01 1.214347356254168522e-02 2.035649259477117390e+00 1.992350821105280112e-01 1.123906602278885281e+00 6.547111458099765802e-01
5.869565217391304657e+01 1.209003198353479983e-02 2.046140991905736506e+00 1.959308286923596432e-01 1.129699066064600022e+00 6.369648256225699523e-01
5.899665551839465394e+01 1.203992044041596494e-02 2.056632724334355622e+00 1.921409981187457428e-01 1.135491529850314540e+00 6.193615744074513207e-01
5.929765886287626131e+01 1.199407962270041504e-02 2.067124456762974738e+00 1.879790328837306346e-01 1.141283993636029281e+00 6.017267733375414318e-01
5.959866220735786158e+01 1.195340856043302161e-02 2.077616189191594742e+00 1.835834809367396236e-01 1.147076457421743800e+00 5.839443505669075218e-01
5.989966555183946895e+01 1.191871578315461568e-02 2.088107921620213858e+00 1.790905895602566966e-01 1.152868921207458541e+00 5.659591462600651601e-01
6.020066889632107632e+01 1.189066106697728858e-02 2.098599654048832974e+00 1.746131571185285392e-01 1.158661384993173060e+00 5.477649880274013672e-01
6.050167224080267658e+01 1.186969134667206945e-02 2.109091386477452090e+00 1.702309222084872620e-01 1.164453848778887801e+00 5.293847941040663585e-01
6.080267558528428395e+01 1.185597799514764156e-02 2.119583118906071206e+00 1.659929982386647573e-01 1.170246312564602320e+00 5.108498145760788089e-01
6.110367892976589133e+01 1.184936510875423885e-02 2.130074851334691211e+00 1.619285142973000968e-01 1.176038776350317061e+00 4.921840017373124154e-01
6.140468227424749870e+01 1.184933897917180186e-02 2.140566583763310327e+00 1.580594537128799937e-01 1.181831240136031580e+00 4.733971466171118525e-01
6.170568561872909896e+01 1.185502734742917980e-02 2.151058316191929443e+00 1.544102658075061085e-01 1.187623703921746099e+00 4.544875769010915945e-01
6.200668896321070633e+01 1.186523357241577557e-02 2.161550048620548559e+00 1.510114450363099492e-01 1.193416167707460840e+00 4.354525444760796171e-01
6.230769230769231370e+01 1.187850612482974945e-02 2.172041781049167675e+00 1.478974224659254932e-01 1.199208631493175359e+00 4.163024819017626665e-01
6.260869565217392108e+01 1.189323864857375936e-02 2.182533513477787679e+00 1.451013136377760082e-01 1.205001095278890100e+00 3.970744787136751275e-01
6.290969899665552134e+01 1.190779104163765950e-02 2.193025245906406795e+00 1.426495286391209205e-01 1.210793559064604619e+00 3.778408007142967096e-01
6.321070234113712871e+01 1.192061831782723069e-02 2.203516978335025911e+00 1.405581509965284914e-01 1.216586022850319360e+00 3.587098943471691004e-01
6.351170568561873608e+01 1.193039197597076453e-02 2.214008710763645027e+00 1.388312468920825105e-01 1.222378486636033879e+00 3.398195642373217917e-01
6.381270903010033635e+01 1.193609859980580487e-02 2.224500443192264143e+00 1.374599703342380963e-01 1.228170950421748620e+00 3.213241395770983222e-01
6.411371237458195083e+01 1.193710261613978134e-02 2.234992175620884147e+00 1.364211634041181953e-01 1.233963414207463138e+00 3.033787721515376901e-01
6.441471571906355109e+01 1.193316448354818197e-02 2.245483908049503263e+00 1.356750538048208665e-01 1.239755877993177879e+00 2.861242104586944612e-01
6.471571906354515136e+01 1.192441168828702915e-02 2.255975640478122379e+00 1.351629292418481676e-01 1.245548341778892398e+00 2.696746254715264857e-01
6.501672240802676583e+01 1.191126704056484978e-02 2.266467372906741495e+00 1.348064441115163492e-01 1.251340805564607139e+00 2.541098306166278964e-01
6.531772575250836610e+01 1.189434579459716819e-02 2.276959105335361500e+00 1.345099682018277565e-01 1.257133269350321658e+00 2.394721002564560997e-01
6.561872909698996637e+01 1.187433874300581303e-02 2.287450837763980616e+00 1.341662582841043894e-01 1.262925733136036177e+00 2.257670765366847909e-01
6.591973244147158084e+01 1.185190137677637374e-02 2.297942570192599732e+00 1.336644172346468096e-01 1.268718196921750918e+00 2.129679663461362948e-01
6.622073578595318111e+01 1.182756853178499462e-02 2.308434302621218848e+00 1.328984075598743653e-01 1.274510660707465437e+00 2.010221631457845548e-01
6.652173913043478137e+01 1.180170940373538764e-02 2.318926035049837964e+00 1.317746997411732568e-01 1.280303124493180178e+00 1.898593881107807635e-01
6.682274247491639585e+01 1.177452999635936366e-02 2.329417767478457968e+00 1.302186694774025155e-01 1.286095588278894697e+00 1.794003940117173124e-01
6.712374581939799612e+01 1.174612038976782270e-02 2.339909499907077084e+00 1.281803102213193990e-01 1.291888052064609438e+00 1.695653103663978534e-01
6.742474916387959638e+01 1.171653466413404010e-02 2.350401232335696200e+00 1.256399210546247924e-01 1.297680515850323957e+00 1.602809123493798837e-01
6.772575250836121086e+01 1.168588400632904027e-02 2.360892964764315316e+00 1.226134696499655841e-01 1.303472979636038698e+00 1.514864057905133399e-01
6.802675585284281112e+01 1.165442019760570998e-02 2.371384697192934432e+00 1.191559000074080971e-01 1.309265443421753217e+00 1.431375375754743717e-01
6.832775919732442560e+01 1.162258822945501195e-02 2.381876429621554436e+00 1.153597926324003153e-01 1.315057907207467958e+00 1.352087885683691815e-01
6.862876254180602587e+01 1.159103303284230585e-02 2.392368162050173552e+00 1.113473240745748161e-01 1.320850370993182477e+00 1.276931167934448608e-01
6.892976588628762613e+01 1.156055496552415782e-02 2.402859894478792668e+00 1.072554765922281439e-01 1.326642834778897218e+00 1.205984864492666009e-01
6.923076923076924061e+01 1.153201971870834036e-02 2.413351626907411784e+00 1.032171057052247432e-01 1.332435298564611736e+00 1.139406469578063685e-01
6.953177257525084087e+01 1.150623829528867915e-02 2.423843359336030900e+00 9.934251652993073001e-02 1.338227762350326255e+00 1.077325422903532282e-01
6.983277591973244114e+01 1.148383952752884095e-02 2.434335091764650905e+00 9.570658469722335970e-02 1.344020226136040996e+00 1.019721502743062141e-01
7.013377926421405562e+01 1.146515981063324363e-02 2.444826824193270021e+00 9.234490093881378425e-02 1.349812689921755515e+00 9.663187386487431807e-02
7.043478260869565588e+01 1.145017191907544973e-02 2.455318556621889137e+00 8.925951690638037062e-02 1.355605153707470256e+00 9.165307940792087604e-02
7.073578595317725615e+01 1.143846761067806271e-02 2.465810289050508253e+00 8.643178264371277619e-02 1.361397617493184775e+00 8.694850547010860020e-02
7.103678929765887062e+01 1.142929876196364589e-02 2.476302021479128257e+00 8.383766859846882025e-02 1.367190081278899516e+00 8.241313277081974142e-02
7.133779264214047089e+01 1.142167108046600668e-02 2.486793753907747373e+00 8.146055938558854903e-02 1.372982545064614035e+00 7.794141142377392084e-02
7.163879598662208537e+01 1.141447511595895803e-02 2.497285486336366489e+00 7.929779728321237342e-02 1.378775008850328776e+00 7.344651919269562512e-02
7.193979933110368563e+01 1.140663306153368722e-02 2.507777218764985605e+00 7.735963541226012485e-02 1.384567472636043295e+00 6.887647087065344731e-02
7.224080267558528590e+01 1.139723770425461226e-02 2.518268951193604721e+00 7.566182363919443654e-02 1.390359936421758036e+00 6.422276435676110840e-02
7.254180602006690037e+01 1.138566200714836996e-02 2.528760683622224725e+00 7.421494127443306610e-02 1.396152400207472555e+00 5.951949135011769254e-02
7.284280936454850064e+01 1.137162352562759091e-02 2.539252416050843841e+00 7.301429148872418118e-02 1.401944863993187296e+00 5.483360556397350732e-02
7.314381270903010090e+01 1.135519592362247733e-02 2.549744148479462957e+00 7.203362033862602265e-02 1.407737327778901815e+00 5.024935715268753073e-02
7.344481605351171538e+01 1.133676869129880693e-02 2.560235880908082073e+00 7.122446542035508477e-02 1.413529791564616334e+00 4.585107873544853885e-02
7.374581939799331565e+01 1.131696422076758357e-02 2.570727613336701189e+00 7.052115723314164586e-02 1.419322255350331075e+00 4.170835715783534348e-02
7.404682274247491591e+01 1.129652739593508919e-02 2.581219345765321194e+00 6.984997094237194171e-02 1.425114719136045593e+00 3.786642966865598481e-02
7.434782608695653039e+01 1.127620599496608270e-02 2.591711078193940310e+00 6.914003186822956226e-02 1.430907182921760334e+00 3.434294972976244253e-02
7.464882943143813065e+01 1.125664023653582396e-02 2.602202810622559426e+00 6.833339702659575743e-02 1.436699646707474853e+00 3.113063150498001502e-02
7.494983277591973092e+01 1.123827700130402077e-02 2.612694543051178542e+00 6.739212378466795383e-02 1.442492110493189594e+00 2.820409152237345410e-02
7.525083612040134540e+01 1.122131933163178497e-02 2.623186275479797658e+00 6.630088525237380626e-02 1.448284574278904113e+00 2.552862891411737667e-02
7.555183946488294566e+01 1.120571572857854449e-02 2.633678007908417662e+00 6.506465371925151953e-02 1.454077038064618854e+00 2.306870798117473254e-02
7.585284280936456014e+01 1.119118758553539275e-02 2.644169740337036778e+00 6.370206673026089506e-02 1.459869501850333373e+00 2.079440204372186990e-02
7.615384615384616041e+01 1.117728778989045962e-02 2.654661472765655894e+00 6.223618891124441804e-02 1.465661965636048114e+00 1.868484205952657476e-02
7.645484949832776067e+01 1.116347981342247567e-02 2.665153205194275010e+00 6.068521937324845850e-02 1.471454429421762633e+00 1.672858046981534272e-02
7.675585284280937515e+01 1.114922488503945416e-02 2.675644937622895014e+00 5.905591052501099614e-02 1.477246893207477374e+00 1.492152760454439064e-02
7.705685618729097541e+01 1.113406511250634827e-02 2.686136670051514130e+00 5.734181196346589682e-02 1.483039356993191893e+00 1.326358172644252938e-02
7.735785953177257568e+01 1.111769237805809718e-02 2.696628402480133246e+00 5.552701539793010455e-02 1.488831820778906412e+00 1.175517025872496041e-02
7.765886287625419016e+01 1.109999592625838041e-02 2.707120134908752362e+00 5.359431608233218569e-02 1.494624284564621153e+00 1.039466923835001728e-02
7.795986622073579042e+01 1.108108513610363104e-02 2.717611867337371478e+00 5.153527524698262724e-02 1.500416748350335672e+00 9.177189906553386706e-03
7.826086956521739069e+01 1.106128739691543232e-02 2.728103599765991483e+00 4.935908575882673455e-02 1.506209212136050413e+00 8.094693610325555747e-03
7.856187290969900516e+01 1.104112380069204730e-02 2.738595332194610599e+00 4.709755203157800496e-02 1.512001675921764932e+00 7.136993331981269194e-03
7.886287625418060543e+01 1.102126723759057000e-02 2.749087064623229715e+00 4.480464418268891719e-02 1.517794139707479673e+00 6.293033010548042434e-03
7.916387959866221991e+01 1.100248837115698139e-02 2.759578797051848831e+00 4.255052233419624047e-02 1.523586603493194191e+00 5.551917428943143988e-03
7.946488294314382017e+01 1.098559500320543149e-02 2.770070529480467947e+00 4.041123563594582052e-02 1.529379067278908932e+00 4.903416541306171612e-03
7.976588628762542044e+01 1.097136977646714050e-02 2.780562261909087951e+00 3.845624065292327365e-02 1.535171531064623451e+00 4.337958746665346137e-03
8.006688963210703491e+01 1.096051032809654963e-02 2.791053994337707067e+00 3.673636687996294226e-02 1.540963994850338192e+00 3.846335780453730060e-03
8.036789297658863518e+01 1.095357520405222315e-02 2.801545726766326183e+00 3.527485159785233304e-02 1.546756458636052711e+00 3.419402561097934813e-03
8.066889632107023544e+01 1.095093829304426628e-02 2.812037459194945299e+00 3.406353723544579271e-02 1.552548922421767452e+00 3.047978569627773134e-03
8.096989966555184992e+01 1.095275432249633897e-02 2.822529191623564415e+00 3.306526750266237241e-02 1.558341386207481971e+00 2.723010357769236212e-03
8.127090301003345019e+01 1.095893800152203564e-02 2.833020924052184419e+00 3.222205394360198871e-02 1.564133849993196490e+00 2.435920560093726012e-03
8.157190635451505045e+01 1.096915947497776114e-02 2.843512656480803535e+00 3.146702546610013335e-02 1.569926313778911231e+00 2.179004435378230874e-03
8.187290969899666493e+01 1.098285855458252212e-02 2.854004388909422651e+00 3.073699351193282317e-02 1.575718777564625750e+00 1.945750175778522594e-03
8.217391304347826519e+01 1.099927940331077436e-02 2.864496121338041768e+00 2.998214606252372350e-02 1.581511241350340491e+00 1.731022350004197746e-03
8.247491638795986546e+01 1.101752576091947176e-02 2.874987853766661772e+00 2.917019264596404371e-02 1.587303705136055010e+00 1.531111754300824640e-03
8.277591973244147994e+01 1.103663441109227830e-02 2.885479586195280888e+00 2.828409153949236129e-02 1.593096168921769751e+00 1.343685728883234429e-03
8.307692307692308020e+01 1.105566166650228527e-02 2.895971318623900004e+00 2.731474035660049621e-02 1.598888632707484270e+00 1.167665737373458105e-03
8.337792642140469468e+01 1.107377469998751564e-02 2.906463051052519120e+00 2.625188161685748645e-02 1.604681096493199011e+00 1.003034175697832672e-03
8.367892976588629494e+01 1.109033725154373075e-02 2.916954783481138236e+00 2.507720851031128989e-02 1.610473560278913530e+00 8.505581239529289321e-04
8.397993311036789521e+01 1.110497827150039654e-02 2.927446515909758240e+00 2.376289661328350594e-02 1.616266024064628271e+00 7.114304508930250487e-04
8.428093645484950969e+01 1.111763292161614680e-02 2.937938248338377356e+00 2.227676245273165975e-02 1.622058487850342789e+00 5.868633981566537738e-04
8.458193979933110995e+01 1.112854820764934242e-02 2.948429980766996472e+00 2.059270151240306587e-02 1.627850951636057530e+00 4.777050638834323248e-04
8.488294314381271022e+01 1.113825008326091090e-02 2.958921713195615588e+00 1.870294781016227509e-02 1.633643415421772049e+00 3.841616116014091625e-04
8.518394648829432469e+01 1.114747444532144735e-02 2.969413445624234704e+00 1.662781969047153613e-02 1.639435879207486568e+00 3.056865637098196546e-04
8.548494983277592496e+01 1.115707003400253500e-02 2.979905178052854708e+00 1.441929268490851034e-02 1.645228342993201309e+00 2.410506559530863405e-04
8.578595317725752523e+01 1.116788577039797697e-02 2.990396910481473824e+00 1.215670605217810882e-02 1.651020806778915828e+00 1.885523289063893812e-04
8.608695652173913970e+01 1.118065758921014778e-02 3.000888642910092940e+00 9.935434182188800437e-03 1.656813270564630569e+00 1.462925571799960581e-04
8.638795986622073997e+01 1.119590982531948851e-02 3.011380375338712057e+00 7.851530077941249602e-03 1.662605734350345088e+00 1.124313096706219307e-04
8.668896321070235444e+01 1.121388368938142262e-02 3.021872107767332061e+00 5.986437748845097745e-03 1.668398198136059829e+00 8.536499238699926868e-05
8.698996655518395471e+01 1.123450085126748328e-02 3.032363840195951177e+00 4.395574056615284692e-03 1.674190661921774348e+00 6.380173426046894917e-05
8.729096989966555498e+01 1.125736457945694137e-02 3.042855572624570293e+00 3.103123920138317702e-03 1.679983125707489089e+00 4.674759268313995707e-05
8.759197324414716945e+01 1.128179537539588176e-02 3.053347305053189409e+00 2.103398727337939689e-03 1.685775589493203608e+00 3.343908582720701156e-05
8.789297658862876972e+01 1.130689362198641391e-02 3.063839037481808525e+00 1.367315983724845746e-03 1.691568053278918349e+00 2.326171222042084012e-05
8.819397993311036998e+01 1.133161914260766463e-02 3.074330769910428529e+00 8.515234440032853902e-04 1.697360517064632868e+00 1.568406479345563594e-05
8.849498327759198446e+01 1.135487699315382466e-02 3.084822502339047645e+00 5.075970938078035784e-04 1.703152980850347609e+00 1.022080354054491595e-05
8.879598662207358473e+01 1.137560006853179963e-02 3.095314234767666761e+00 2.894012812241891211e-04 1.708945444636062128e+00 6.422946494839060084e-06
8.909698996655518499e+01 1.139282161803385415e-02 3.105805967196285877e+00 1.577054762356102009e-04 1.714737908421776647e+00 3.885307089926025205e-06
8.939799331103679947e+01 1.140573377009098353e-02 3.116297699624904993e+00 8.209190510372741030e-05 1.720530372207491387e+00 2.259165084508084965e-06
8.969899665551839973e+01 1.141373092354923575e-02 3.126789432053524997e+00 4.079756729253579157e-05 1.726322835993205906e+00 1.261330416722618531e-06
9.000000000000000000e+01 1.141643881258591099e-02 3.137281164482143669e+00 1.934854419388960231e-05 1.732115299778920647e+00 6.756192034697757270e-07
