0.000000000000000000e+00 4.211332337275374565e-02 7.328203394114940483e-04 6.751243837450660035e-01 1.853833042467570302e-05 5.458974891271049401e+00
3.010033444816053727e-01 4.221182427149287181e-02 1.141423228692863868e-02 6.755814356782409158e-01 2.003346592969197214e-03 5.443242210794136504e+00
6.020066889632107454e-01 4.247277704014922745e-02 2.209564423444578332e-02 6.768110702659260181e-01 3.988154855513718726e-03 5.397821228528014714e+00
9.030100334448161181e-01 4.282271169382637771e-02 3.277705618196292969e-02 6.787277397223565600e-01 5.972963118058239804e-03 5.326100819370839012e+00
1.204013377926421491e+00 4.320759820555866021e-02 4.345846812948007259e-02 6.811979581643069492e-01 7.957771380602761749e-03 5.233164076399980047e+00
1.505016722408026864e+00 4.362100932960504690e-02 5.413988007699721550e-02 6.840493596764478657e-01 9.942579643147283694e-03 5.125088962565544470e+00
1.806020066889632236e+00 4.408170475270819372e-02 6.482129202451436534e-02 6.870823271104326002e-01 1.192738790569180390e-02 5.008180748345579580e+00
2.107023411371237387e+00 4.459245753608039042e-02 7.550270397203150130e-02 6.900833421652955435e-01 1.391219616823632585e-02 4.888276210640400521e+00
2.408026755852842982e+00 4.512395346537192292e-02 8.618411591954865114e-02 6.928390670612087909e-01 1.589700443078084779e-02 4.770226598116991568e+00
2.709030100334448576e+00 4.563577887449084269e-02 9.686552786706580098e-02 6.951500787329299991e-01 1.788181269332536974e-02 4.657613765924809357e+00
3.010033444816053727e+00 4.610832118710633115e-02 1.075469398145829369e-01 6.968431460620306828e-01 1.986662095586989168e-02 4.552698485146764007e+00
3.311036789297658878e+00 4.655360273138977462e-02 1.182283517621000868e-01 6.977809880215997129e-01 2.185142921841441363e-02 4.456556324194770546e+00
3.612040133779264472e+00 4.700219155127348392e-02 1.289097637096172366e-01 6.978686025101258350e-01 2.383623748095893211e-02 4.369332881346302599e+00
3.913043478260870067e+00 4.748860904666969002e-02 1.395911756571343865e-01 6.970555358861151296e-01 2.582104574350345405e-02 4.290547194925569130e+00
4.214046822742474774e+00 4.804581172844928777e-02 1.502725876046515086e-01 6.953338763520707788e-01 2.780585400604797600e-02 4.219384637512430203e+00
4.515050167224080369e+00 4.869327647010048693e-02 1.609539995521686584e-01 6.927322708809930951e-01 2.979066226859249794e-02 4.154940555047860862e+00
4.816053511705685963e+00 4.941224018100640047e-02 1.716354114996858082e-01 6.893068157646605743e-01 3.177547053113702336e-02 4.096395928253317109e+00
5.117056856187291558e+00 5.013652372878144026e-02 1.823168234472029581e-01 6.851301534928135872e-01 3.376027879368154183e-02 4.043121743912620580e+00
5.418060200668897153e+00 5.078470266484477053e-02 1.929982353947201079e-01 6.802804122907668560e-01 3.574508705622606031e-02 3.994718257712036813e+00
5.719063545150501859e+00 5.131009874696783324e-02 2.036796473422372300e-01 6.748316595819878749e-01 3.772989531877057878e-02 3.951000158445755250e+00
6.020066889632107454e+00 5.172069406264678121e-02 2.143610592897543798e-01 6.688472691479661059e-01 3.971470358131511114e-02 3.911941052779017269e+00
6.321070234113713049e+00 5.205864866788480899e-02 2.250424712372715297e-01 6.623770566082456401e-01 4.169951184385962961e-02 3.877592408787916334e+00
6.622073578595317755e+00 5.237155516438713604e-02 2.357238831847886795e-01 6.554583214731082297e-01 4.368432010640414809e-02 3.847993502368300511e+00
6.923076923076923350e+00 5.269923285439070959e-02 2.464052951323058294e-01 6.481201965249621111e-01 4.566912836894866656e-02 3.823089129292953636e+00
7.224080267558528945e+00 5.306852032560268467e-02 2.570867070798229514e-01 6.403901068412751751e-01 4.765393663149318504e-02 3.802669593876627285e+00
7.525083612040134540e+00 5.348543031733644232e-02 2.677681190273401013e-01 6.323008095677469242e-01 4.963874489403771739e-02 3.786342148220874559e+00
7.826086956521740134e+00 5.393077731206760012e-02 2.784495309748572511e-01 6.238964841058027844e-01 5.162355315658223587e-02 3.773535415177213803e+00
8.127090301003345729e+00 5.436544478555727089e-02 2.891309429223744010e-01 6.152366525817262177e-01 5.360836141912675434e-02 3.763530530662322793e+00
8.428093645484949548e+00 5.473943529797428709e-02 2.998123548698915508e-01 6.063972415140407302e-01 5.559316968167127282e-02 3.755507474062228734e+00
8.729096989966555142e+00 5.500036702256087123e-02 3.104937668174087007e-01 5.974687116744731297e-01 5.757797794421580517e-02 3.748594291043183535e+00
9.030100334448160737e+00 5.510638476287466059e-02 3.211751787649258505e-01 5.885517416030482396e-01 5.956278620676032365e-02 3.741910839625572915e+00
9.331103678929766332e+00 5.504490724174659899e-02 3.318565907124430003e-01 5.797513383997404679e-01 6.154759446930484212e-02 3.734605409489783590e+00
9.632107023411371927e+00 5.484501443023281908e-02 3.425380026599601502e-01 5.711704093389782244e-01 6.353240273184936060e-02 3.725888789682198166e+00
9.933110367892977521e+00 5.456683153265385472e-02 3.532194146074773000e-01 5.629037632713972394e-01 6.551721099439387908e-02 3.715072867472808849e+00
1.023411371237458312e+01 5.426649107416485485e-02 3.639008265549944499e-01 5.550332763221472732e-01 6.750201925693839755e-02 3.701618027800726018e+00
1.053511705685618871e+01 5.395853545235020088e-02 3.745822385025115997e-01 5.476246347841549067e-01 6.948682751948292990e-02 3.685186426071284771e+00
1.083612040133779431e+01 5.360257709779587404e-02 3.852636504500287495e-01 5.407257438729491383e-01 7.147163578202744838e-02 3.665689899922355721e+00
1.113712374581939812e+01 5.311974212062078871e-02 3.959450623975458994e-01 5.343666291622460873e-01 7.345644404457196686e-02 3.643316150819717159e+00
1.143812709030100372e+01 5.242242431628810206e-02 4.066264743450629382e-01 5.285604924887613576e-01 7.544125230711648533e-02 3.618518230392060442e+00
1.173913043478260931e+01 5.144117101657798286e-02 4.173078862925800880e-01 5.233055200241536475e-01 7.742606056966101769e-02 3.591961058563476250e+00
1.204013377926421491e+01 5.014540779118061009e-02 4.279892982400972379e-01 5.185870594401664757e-01 7.941086883220553616e-02 3.564432130774421115e+00
1.234113712374582050e+01 4.855845371384523435e-02 4.386707101876143877e-01 5.143798579435627794e-01 8.139567709475005464e-02 3.536736638137178090e+00
1.264214046822742610e+01 4.675774657213111613e-02 4.493521221351315376e-01 5.106501554863351888e-01 8.338048535729457311e-02 3.509604264308096688e+00
1.294314381270903169e+01 4.484518206325358719e-02 4.600335340826486874e-01 5.073575347153301829e-01 8.536529361983909159e-02 3.483632180122980149e+00
1.324414715719063551e+01 4.289245526846834772e-02 4.707149460301658372e-01 5.044565240725261690e-01 8.735010188238362394e-02 3.459276263889252689e+00
1.354515050167224111e+01 4.090510008846703210e-02 4.813963579776829871e-01 5.018980202114989853e-01 8.933491014492814242e-02 3.436884538132920053e+00
1.384615384615384670e+01 3.885203697896976588e-02 4.920777699252001369e-01 4.996306315077977955e-01 9.131971840747266089e-02 3.416750187331910826e+00
1.414715719063545230e+01 3.674242749374632966e-02 5.027591818727172868e-01 4.976020415885616943e-01 9.330452667001717937e-02 3.399153252499419242e+00
1.444816053511705789e+01 3.466707130884827404e-02 5.134405938202344366e-01 4.957604532951309650e-01 9.528933493256169784e-02 3.384364164203143233e+00
1.474916387959866348e+01 3.275277137719677378e-02 5.241220057677515864e-01 4.940561108680280311e-01 9.727414319510623020e-02 3.372597809751916031e+00
1.505016722408026908e+01 3.107680635676194486e-02 5.348034177152687363e-01 4.924428304049734417e-01 9.925895145765074867e-02 3.363928219577458911e+00
1.535117056856187467e+01 2.962737234578125683e-02 5.454848296627858861e-01 4.908794173913746950e-01 1.012437597201952671e-01 3.358192945881554259e+00
1.565217391304348027e+01 2.833154491349887741e-02 5.561662416103030360e-01 4.893308325515867141e-01 1.032285679827397856e-01 3.354925161090347441e+00
1.595317725752508409e+01 2.710257874091403021e-02 5.668476535578201858e-01 4.877689899785172534e-01 1.052133762452843180e-01 3.353346479802801205e+00
1.625418060200669146e+01 2.586706548545152778e-02 5.775290655053372246e-01 4.861731276906467447e-01 1.071981845078288365e-01 3.352435832845835240e+00
1.655518394648829528e+01 2.457825478272564548e-02 5.882104774528543745e-01 4.845297625366469796e-01 1.091829927703733549e-01 3.351065480757220882e+00
1.685618729096989910e+01 2.322976803888620809e-02 5.988918894003715243e-01 4.828323059432954034e-01 1.111678010329178734e-01 3.348172957613009260e+00
1.715719063545150647e+01 2.186116762303494387e-02 6.095733013478886742e-01 4.810804544781479564e-01 1.131526092954623919e-01 3.342925169226234949e+00
1.745819397993311028e+01 2.054232126988678533e-02 6.202547132954058240e-01 4.792794688544447235e-01 1.151374175580069242e-01 3.334832345875899495e+00
1.775919732441471766e+01 1.934120799625545575e-02 6.309361252429229738e-01 4.774394182202661430e-01 1.171222258205514427e-01 3.323784518940467780e+00
1.806020066889632147e+01 1.829321688395865383e-02 6.416175371904401237e-01 4.755744059500818799e-01 1.191070340830959612e-01 3.310006558860291825e+00
1.836120401337792885e+01 1.738992093981835130e-02 6.522989491379572735e-01 4.737017287734888171e-01 1.210918423456404797e-01 3.293951737940602253e+00
1.866220735785953266e+01 1.659386009119104971e-02 6.629803610854744234e-01 4.718408752552491481e-01 1.230766506081850120e-01 3.276170318167014539e+00
1.896321070234114003e+01 1.586669423583030036e-02 6.736617730329915732e-01 4.700122613882873335e-01 1.250614588707295305e-01 3.257193423795849974e+00
1.926421404682274385e+01 1.518802558427645617e-02 6.843431849805087230e-01 4.682356409403560793e-01 1.270462671332740490e-01 3.237462490722704977e+00
1.956521739130434767e+01 1.455476152093655891e-02 6.950245969280258729e-01 4.665282143414749561e-01 1.290310753958185674e-01 3.217314813988173317e+00
1.986622073578595504e+01 1.397053934441759571e-02 7.057060088755430227e-01 4.649025762041976706e-01 1.310158836583630859e-01 3.197013654961979423e+00
2.016722408026755886e+01 1.343820675145720143e-02 7.163874208230601726e-01 4.633647592789986169e-01 1.330006919209076044e-01 3.176795405537557571e+00
2.046822742474916623e+01 1.295871470277884345e-02 7.270688327705773224e-01 4.619127161665557146e-01 1.349855001834521229e-01 3.156902457496606029e+00
2.076923076923077005e+01 1.253369605261009205e-02 7.377502447180944722e-01 4.605355964336273478e-01 1.369703084459966691e-01 3.137579878502216868e+00
2.107023411371237742e+01 1.216816408468695751e-02 7.484316566656116221e-01 4.592141062312597444e-01 1.389551167085411876e-01 3.119032535877694468e+00
2.137123745819398124e+01 1.186861805925991040e-02 7.591130686131287719e-01 4.579220821831372357e-01 1.409399249710857061e-01 3.101359019824835528e+00
2.167224080267558861e+01 1.163499468326317440e-02 7.697944805606459218e-01 4.566291977310553141e-01 1.429247332336302245e-01 3.084491312884856562e+00
2.197324414715719243e+01 1.145367282949793022e-02 7.804758925081630716e-01 4.553044943853407078e-01 1.449095414961747430e-01 3.068169478550161866e+00
2.227424749163879625e+01 1.129958737843389516e-02 7.911573044556802214e-01 4.539202465045623081e-01 1.468943497587192615e-01 3.051968778360064416e+00
2.257525083612040362e+01 1.114412000712848572e-02 8.018387164031972603e-01 4.524555734847929278e-01 1.488791580212637800e-01 3.035377657682281072e+00
2.287625418060200744e+01 1.095995387036522578e-02 8.125201283507144101e-01 4.508992342875749459e-01 1.508639662838082984e-01 3.017906676091110185e+00
2.317725752508361481e+01 1.072358325902946462e-02 8.232015402982315599e-01 4.492511744171338028e-01 1.528487745463528169e-01 2.999197679877120049e+00
2.347826086956521863e+01 1.042245874183293612e-02 8.338829522457487098e-01 4.475226148410718641e-01 1.548335828088973631e-01 2.979102798626423354e+00
2.377926421404682600e+01 1.006388804436427961e-02 8.445643641932658596e-01 4.457347257540064112e-01 1.568183910714418816e-01 2.957713143045062054e+00
2.408026755852842982e+01 9.673177846134551131e-03 8.552457761407830095e-01 4.439161585795031728e-01 1.588031993339864001e-01 2.935332785136783862e+00
2.438127090301003363e+01 9.277930482654508579e-03 8.659271880883001593e-01 4.420998685878568257e-01 1.607880075965309186e-01 2.912408851710331259e+00
2.468227424749164101e+01 8.893439684105320514e-03 8.766086000358173091e-01 4.403197201089044110e-01 1.627728158590754370e-01 2.889438642808299207e+00
2.498327759197324482e+01 8.524328427619675200e-03 8.872900119833344590e-01 4.386073256981991020e-01 1.647576241216199555e-01 2.866877507096124322e+00
2.528428093645485220e+01 8.177146766556449980e-03 8.979714239308516088e-01 4.369894543597027670e-01 1.667424323841644740e-01 2.845067418810744542e+00
2.558528428093645601e+01 7.865430408544296995e-03 9.086528358783687587e-01 4.354861930701378059e-01 1.687272406467089925e-01 2.824198247612232482e+00
2.588628762541806339e+01 7.600719056096670416e-03 9.193342478258859085e-01 4.341099042404620301e-01 1.707120489092535109e-01 2.804304503568646023e+00
2.618729096989966720e+01 7.382048834372456972e-03 9.300156597734030584e-01 4.328649221580165296e-01 1.726968571717980572e-01 2.785292234726270522e+00
2.648829431438127102e+01 7.196986041149521125e-03 9.406970717209202082e-01 4.317478860497508397e-01 1.746816654343425756e-01 2.766985163180160967e+00
2.678929765886287839e+01 7.031451460825382388e-03 9.513784836684373580e-01 4.307486059778863341e-01 1.766664736968870941e-01 2.749176636664433904e+00
2.709030100334448221e+01 6.875165828161158496e-03 9.620598956159545079e-01 4.298513743373527096e-01 1.786512819594316126e-01 2.731674570011735526e+00
2.739130434782608958e+01 6.717372130514059729e-03 9.727413075634716577e-01 4.290366410411763920e-01 1.806360902219761311e-01 2.714329910454789996e+00
2.769230769230769340e+01 6.543155354937843157e-03 9.834227195109888076e-01 4.282829456500663601e-01 1.826208984845206496e-01 2.697044545517794489e+00
2.799331103678930077e+01 6.341745038392695467e-03 9.941041314585059574e-01 4.275689452617335573e-01 1.846057067470651680e-01 2.679760755196650024e+00
2.829431438127090459e+01 6.120397179388242619e-03 1.004785543406023107e+00 4.268753137132204056e-01 1.865905150096096865e-01 2.662439639439470707e+00
2.859531772575251196e+01 5.905546322602305345e-03 1.015466955353540257e+00 4.261862485295268010e-01 1.885753232721542050e-01 2.645038734143302595e+00
2.889632107023411578e+01 5.725638981780934236e-03 1.026148367301057407e+00 4.254903383058099564e-01 1.905601315346987235e-01 2.627498175109947987e+00
2.919732441471571960e+01 5.590524998020487794e-03 1.036829779248574557e+00 4.247806301473767143e-01 1.925449397972432697e-01 2.609740418534298279e+00
2.949832775919732697e+01 5.484805623779788822e-03 1.047511191196091707e+00 4.240538851117579555e-01 1.945297480597877882e-01 2.591682257363467023e+00
2.979933110367893079e+01 5.378726024046313024e-03 1.058192603143608856e+00 4.233091858754148284e-01 1.965145563223323066e-01 2.573252246938309451e+00
3.010033444816053816e+01 5.247457461080177153e-03 1.068874015091126006e+00 4.225462172519030002e-01 1.984993645848768251e-01 2.554404167717239105e+00
3.040133779264214198e+01 5.085320179023208528e-03 1.079555427038643156e+00 4.217636299183316617e-01 2.004841728474213436e-01 2.535119049436535210e+00
3.070234113712374935e+01 4.905408279898813319e-03 1.090236838986160306e+00 4.209578905388116632e-01 2.024689811099658621e-01 2.515393829868460607e+00
3.100334448160535317e+01 4.726509510650510858e-03 1.100918250933677456e+00 4.201229139237149246e-01 2.044537893725103805e-01 2.495221421257240557e+00
3.130434782608696054e+01 4.559944834161369989e-03 1.111599662881194606e+00 4.192505896544936328e-01 2.064385976350548990e-01 2.474571642457087162e+00
3.160535117056856436e+01 4.407195925333933645e-03 1.122281074828711755e+00 4.183321023146036044e-01 2.084234058975994175e-01 2.453382822356170223e+00
3.190635451505016817e+01 4.266825170654500211e-03 1.132962486776228905e+00 4.173597542002808192e-01 2.104082141601439637e-01 2.431569571640760152e+00
3.220735785953177555e+01 4.140634852648101237e-03 1.143643898723745833e+00 4.163288779484120017e-01 2.123930224226884822e-01 2.409045147829279365e+00
3.250836120401338292e+01 4.032298463087398421e-03 1.154325310671262983e+00 4.152394006218928513e-01 2.143778306852330007e-01 2.385750230762890389e+00
3.280936454849498318e+01 3.941115492908083516e-03 1.165006722618780133e+00 4.140966923538744737e-01 2.163626389477775191e-01 2.361676809595046667e+00
3.311036789297659055e+01 3.858769895986582411e-03 1.175688134566297283e+00 4.129114801980059979e-01 2.183474472103220376e-01 2.336877652229296665e+00
3.341137123745819792e+01 3.773451600112228289e-03 1.186369546513814432e+00 4.116987938941744085e-01 2.203322554728665561e-01 2.311457629126865587e+00
3.371237458193979819e+01 3.677951683187657538e-03 1.197050958461331582e+00 4.104760921931899786e-01 2.223170637354110746e-01 2.285550374081400715e+00
3.401337792642140556e+01 3.574706111071581597e-03 1.207732370408848732e+00 4.092608594106377784e-01 2.243018719979555931e-01 2.259289292102506064e+00
3.431438127090301293e+01 3.474066838296890718e-03 1.218413782356365882e+00 4.080680394016437673e-01 2.262866802605001115e-01 2.232783621072985003e+00
3.461538461538462030e+01 3.387527888685444664e-03 1.229095194303883032e+00 4.069076833251729641e-01 2.282714885230446578e-01 2.206107753426450824e+00
3.491638795986622057e+01 3.320421222594246470e-03 1.239776606251400182e+00 4.057831395528726515e-01 2.302562967855891762e-01 2.179306669184971401e+00
3.521739130434782794e+01 3.268769670110819193e-03 1.250458018198917332e+00 4.046900298462202672e-01 2.322411050481336947e-01 2.152414366536256285e+00
3.551839464882943531e+01 3.223056119836346326e-03 1.261139430146434481e+00 4.036161579136212096e-01 2.342259133106782132e-01 2.125477722241195799e+00
3.581939799331104268e+01 3.176562910905460831e-03 1.271820842093951631e+00 4.025424009406693426e-01 2.362107215732227317e-01 2.098576537130170561e+00
3.612040133779264295e+01 3.130995108735797408e-03 1.282502254041468781e+00 4.014445475600246782e-01 2.381955298357672501e-01 2.071831817862172187e+00
3.642140468227425032e+01 3.094123740334993235e-03 1.293183665988985931e+00 4.002959632330326256e-01 2.401803380983117686e-01 2.045397951963072281e+00
3.672240802675585769e+01 3.072080502426231732e-03 1.303865077936503081e+00 3.990708781012185513e-01 2.421651463608562871e-01 2.019439206313639268e+00
3.702341137123745796e+01 3.063342173889265982e-03 1.314546489884020231e+00 3.977479985421833453e-01 2.441499546234008056e-01 1.994095641826634902e+00
3.732441471571906533e+01 3.058293399194535189e-03 1.325227901831537380e+00 3.963140479873735189e-01 2.461347628859453518e-01 1.969446927339099762e+00
3.762541806020067270e+01 3.043054564098909408e-03 1.335909313779054530e+00 3.947667644011523813e-01 2.481195711484898703e-01 1.945483805997315851e+00
3.792642140468228007e+01 3.004484817306414361e-03 1.346590725726571680e+00 3.931168504719002033e-01 2.501043794110344165e-01 1.922095755974530640e+00
3.822742474916388034e+01 2.934308913468442869e-03 1.357272137674088830e+00 3.913884180684765735e-01 2.520891876735789072e-01 1.899079927495689990e+00
3.852842809364548771e+01 2.831276855254505429e-03 1.367953549621605980e+00 3.896176095873358780e-01 2.540739959361234535e-01 1.876171533315503570e+00
3.882943143812709508e+01 2.700974737551279682e-03 1.378634961569123130e+00 3.878493122834905105e-01 2.560588041986679997e-01 1.853090704627065044e+00
3.913043478260869534e+01 2.554400570549233800e-03 1.389316373516640279e+00 3.861321777670899680e-01 2.580436124612124904e-01 1.829596657549842575e+00
3.943143812709030271e+01 2.406832691004633096e-03 1.399997785464157429e+00 3.845124648762142106e-01 2.600284207237570366e-01 1.805537854853505930e+00
3.973244147157191009e+01 2.276141632870582084e-03 1.410679197411674579e+00 3.830274762525499588e-01 2.620132289863015274e-01 1.780887208528713739e+00
4.003344481605351746e+01 2.178318301131391792e-03 1.421360609359191729e+00 3.816994985802147355e-01 2.639980372488460736e-01 1.755754173284078901e+00
4.033444816053511772e+01 2.121352122411636343e-03 1.432042021306708879e+00 3.805311463639934333e-01 2.659828455113905643e-01 1.730370209689757077e+00
4.063545150501672509e+01 2.102177607051764104e-03 1.442723433254226029e+00 3.795028439584441360e-01 2.679676537739351105e-01 1.705049560738802095e+00
4.093645484949833246e+01 2.109130076099496789e-03 1.453404845201743179e+00 3.785728885702197566e-01 2.699524620364796013e-01 1.680132466396963675e+00
4.123745819397993273e+01 2.127558121584595136e-03 1.464086257149260328e+00 3.776801726300745843e-01 2.719372702990241475e-01 1.655921810045738019e+00
4.153846153846154010e+01 2.145396120436847930e-03 1.474767669096777478e+00 3.767492740394858819e-01 2.739220785615686937e-01 1.632625974990061346e+00
4.183946488294314747e+01 2.156755664260988446e-03 1.485449081044294628e+00 3.756973103471232811e-01 2.759068868241131844e-01 1.610319951487486412e+00
4.214046822742475484e+01 2.161472778502543900e-03 1.496130492991811778e+00 3.744417437270085580e-01 2.778916950866577307e-01 1.588933421807715130e+00
4.244147157190635511e+01 2.160679876858504194e-03 1.506811904939328928e+00 3.729082389874932568e-01 2.798765033492022214e-01 1.568269056166576858e+00
4.274247491638796248e+01 2.153291068221057161e-03 1.517493316886846078e+00 3.710377133046826037e-01 2.818613116117467676e-01 1.548047492862770991e+00
4.304347826086956985e+01 2.137535747117420750e-03 1.528174728834363227e+00 3.687918516538367664e-01 2.838461198742912583e-01 1.527968891503728388e+00
4.334448160535117722e+01 2.114476255219208296e-03 1.538856140781880377e+00 3.661565638775265419e-01 2.858309281368358046e-01 1.507776294957916541e+00
4.364548494983277749e+01 2.087899800612251673e-03 1.549537552729397527e+00 3.631430949206729819e-01 2.878157363993802953e-01 1.487304916319902581e+00
4.394648829431438486e+01 2.060615736905035272e-03 1.560218964676914677e+00 3.597867412326443692e-01 2.898005446619248415e-01 1.466504710282974022e+00
4.424749163879599223e+01 2.031574999221392227e-03 1.570900376624431827e+00 3.561433537132448479e-01 2.917853529244693878e-01 1.445430743719257727e+00
4.454849498327759250e+01 1.996485644016911514e-03 1.581581788571948977e+00 3.522840077616318788e-01 2.937701611870138785e-01 1.424205120089224730e+00
4.484949832775919987e+01 1.951348537378829037e-03 1.592263200519466126e+00 3.482883849072198057e-01 2.957549694495584247e-01 1.402962775085583091e+00
4.515050167224080724e+01 1.896396174684697759e-03 1.602944612466983054e+00 3.442375300667807614e-01 2.977397777121029154e-01 1.381798527830432777e+00
4.545150501672241461e+01 1.837111945216451546e-03 1.613626024414500204e+00 3.402067146450019619e-01 2.997245859746474617e-01 1.360732459242841808e+00
4.575250836120401488e+01 1.781096876327566744e-03 1.624307436362017354e+00 3.362591384305019249e-01 3.017093942371919524e-01 1.339704784121312997e+00
4.605351170568562225e+01 1.733692505574708836e-03 1.634988848309534504e+00 3.324411333786753131e-01 3.036942024997364986e-01 1.318601547868477830e+00
4.635451505016722962e+01 1.696219913964277853e-03 1.645670260257051654e+00 3.287793851600058215e-01 3.056790107622809893e-01 1.297301826620512522e+00
4.665551839464882988e+01 1.667344006496354093e-03 1.656351672204568803e+00 3.252804678074859290e-01 3.076638190248255356e-01 1.275729257163580321e+00
4.695652173913043725e+01 1.645203993200423627e-03 1.667033084152085953e+00 3.219327097431525231e-01 3.096486272873700818e-01 1.253888575229191282e+00
4.725752508361204463e+01 1.628166761569178932e-03 1.677714496099603103e+00 3.187101075273144346e-01 3.116334355499145725e-01 1.231872494973049958e+00
4.755852842809365200e+01 1.613903340506931978e-03 1.688395908047120253e+00 3.155777214498057259e-01 3.136182438124591187e-01 1.209834444616378013e+00
4.785953177257525226e+01 1.598454504394987820e-03 1.699077319994637403e+00 3.124977753228034283e-01 3.156030520750036095e-01 1.187935003513077570e+00
4.816053511705685963e+01 1.577257252275082212e-03 1.709758731942154553e+00 3.094355871171541317e-01 3.175878603375481557e-01 1.166279988598259543e+00
4.846153846153846700e+01 1.547417915669016455e-03 1.720440143889671702e+00 3.063645045801520195e-01 3.195726686000926464e-01 1.144872244209629741e+00
4.876254180602006727e+01 1.508244000598075356e-03 1.731121555837188852e+00 3.032692086942621601e-01 3.215574768626371926e-01 1.123595607463077961e+00
4.906354515050167464e+01 1.459538398099479621e-03 1.741802967784706002e+00 3.001470430039961390e-01 3.235422851251816834e-01 1.102239347664137004e+00
4.936454849498328201e+01 1.401138523224552132e-03 1.752484379732223152e+00 2.970073671747591182e-01 3.255270933877262296e-01 1.080558113318178748e+00
4.966555183946488938e+01 1.335829870199410976e-03 1.763165791679740302e+00 2.938692463609501870e-01 3.275119016502707758e-01 1.058350642527782215e+00
4.996655518394648965e+01 1.272272609735925668e-03 1.773847203627257452e+00 2.907580108263600471e-01 3.294967099128152666e-01 1.035534147584602271e+00
5.026755852842809702e+01 1.222901173803238491e-03 1.784528615574774602e+00 2.877013163492755377e-01 3.314815181753598128e-01 1.012192297509372896e+00
5.056856187290970439e+01 1.196709855429886442e-03 1.795210027522291751e+00 2.847253044784630038e-01 3.334663264379043035e-01 9.885824559902804953e-01
5.086956521739130466e+01 1.192542046189992797e-03 1.805891439469808901e+00 2.818513342944836686e-01 3.354511347004488497e-01 9.650995177903496369e-01
5.117056856187291203e+01 1.198812510100459106e-03 1.816572851417326051e+00 2.790935841536266726e-01 3.374359429629933405e-01 9.422055498972320420e-01
5.147157190635451940e+01 1.200723706264211071e-03 1.827254263364843201e+00 2.764576530503750074e-01 3.394207512255378867e-01 9.203430222907604819e-01
5.177257525083612677e+01 1.190203833511896360e-03 1.837935675312360351e+00 2.739401606738660067e-01 3.414055594880823774e-01 8.998525805758024187e-01
5.207357859531772704e+01 1.171092952758425202e-03 1.848617087259877501e+00 2.715292631021069547e-01 3.433903677506269236e-01 8.809137248692541222e-01
5.237458193979933441e+01 1.155106740696032865e-03 1.859298499207394650e+00 2.692059564574502684e-01 3.453751760131714699e-01 8.635197025775251944e-01
5.267558528428094178e+01 1.151676330768717886e-03 1.869979911154911800e+00 2.669460123578812905e-01 3.473599842757159606e-01 8.474887337351703076e-01
5.297658862876254204e+01 1.160543415205475895e-03 1.880661323102428950e+00 2.647223578129844768e-01 3.493447925382605068e-01 8.325049943388544982e-01
5.327759197324414941e+01 1.173470691753402849e-03 1.891342735049946100e+00 2.625076717029214968e-01 3.513296008008049975e-01 8.181767911626405265e-01
5.357859531772575679e+01 1.182333460709903642e-03 1.902024146997463250e+00 2.602769283727835448e-01 3.533144090633495438e-01 8.040973377367265362e-01
5.387959866220736416e+01 1.185021405494507841e-03 1.912705558944980400e+00 2.580095946940009766e-01 3.552992173258940345e-01 7.898955727653457215e-01
5.418060200668896442e+01 1.184311567459061252e-03 1.923386970892497549e+00 2.556911999815266734e-01 3.572840255884385807e-01 7.752695144584158538e-01
5.448160535117057179e+01 1.182721614451322581e-03 1.934068382840014699e+00 2.533140601872024278e-01 3.592688338509830714e-01 7.600008966166965640e-01
5.478260869565217916e+01 1.178991855103797776e-03 1.944749794787531849e+00 2.508770467241253632e-01 3.612536421135276177e-01 7.439552276659791019e-01
5.508361204013378654e+01 1.168431275384604166e-03 1.955431206735048999e+00 2.483844295977708228e-01 3.632384503760721639e-01 7.270742953072413250e-01
5.538461538461538680e+01 1.145972251979613266e-03 1.966112618682566149e+00 2.458439676997674350e-01 3.652232586386166546e-01 7.093677966155675918e-01
5.568561872909699417e+01 1.110091797178526648e-03 1.976794030630083299e+00 2.432645370315435207e-01 3.672080669011612009e-01 6.909077026606761374e-01
5.598662207357860154e+01 1.065378052567179630e-03 1.987475442577600449e+00 2.406536563444083010e-01 3.691928751637056916e-01 6.718247097098242193e-01
5.628762541806020181e+01 1.021090299614659360e-03 1.998156854525117598e+00 2.380152764182756620e-01 3.711776834262502378e-01 6.523026938166819333e-01
5.658862876254180918e+01 9.856863856902541975e-04 2.008838266472634970e+00 2.353481449663390734e-01 3.731624916887947285e-01 6.325661336465415729e-01
5.688963210702341655e+01 9.619608391215049049e-04 2.019519678420151898e+00 2.326449578474251434e-01 3.751472999513392748e-01 6.128575849303061762e-01
5.719063545150502392e+01 9.474431564890607119e-04 2.030201090367669270e+00 2.298923817022669736e-01 3.771321082138837655e-01 5.934066766052574771e-01
5.749163879598662419e+01 9.384852422964334298e-04 2.040882502315186198e+00 2.270719091294668979e-01 3.791169164764283117e-01 5.743968396184512271e-01
5.779264214046823156e+01 9.324136110878792922e-04 2.051563914262703570e+00 2.241614075764976899e-01 3.811017247389728024e-01 5.559388463916201673e-01
5.809364548494983893e+01 9.261974436916503919e-04 2.062245326210220497e+00 2.211371611690704786e-01 3.830865330015173487e-01 5.380596824476503448e-01
5.839464882943143920e+01 9.159073970653569237e-04 2.072926738157737869e+00 2.179761833145013039e-01 3.850713412640618949e-01 5.207111652886518005e-01
5.869565217391304657e+01 8.998194783806316016e-04 2.083608150105254797e+00 2.146585887820356975e-01 3.870561495266063856e-01 5.037965014284274679e-01
5.899665551839465394e+01 8.816527870953848756e-04 2.094289562052772169e+00 2.111698415732397305e-01 3.890409577891509318e-01 4.872070498899884194e-01
5.929765886287626131e+01 8.688706164575238020e-04 2.104970974000289097e+00 2.075027224358186317e-01 3.910257660516954226e-01 4.708583033022127329e-01
5.959866220735786158e+01 8.667314942112661286e-04 2.115652385947806469e+00 2.036588755716607912e-01 3.930105743142399688e-01 4.547147745100583172e-01
5.989966555183946895e+01 8.740447287997298031e-04 2.126333797895323396e+00 1.996497959025175517e-01 3.949953825767844595e-01 4.387977154160212501e-01
6.020066889632107632e+01 8.845969331498188893e-04 2.137015209842840768e+00 1.954971151805454943e-01 3.969801908393290057e-01 4.231755930055093873e-01
6.050167224080267658e+01 8.919145760931761462e-04 2.147696621790357696e+00 1.912320544641669673e-01 3.989649991018734965e-01 4.079426250064491222e-01
6.080267558528428395e+01 8.923743403571747675e-04 2.158378033737875068e+00 1.868939510120231906e-01 4.009498073644180427e-01 3.931935410115814378e-01
6.110367892976589133e+01 8.850220221907263186e-04 2.169059445685391996e+00 1.825278521196168624e-01 4.029346156269625889e-01 3.790024289263354551e-01
6.140468227424749870e+01 8.704414325322127471e-04 2.179740857632909368e+00 1.781812959049926259e-01 4.049194238895070797e-01 3.654107366149166869e-01
6.170568561872909896e+01 8.508572168819012209e-04 2.190422269580426295e+00 1.739005514323422597e-01 4.069042321520516259e-01 3.524257274602788925e-01
6.200668896321070633e+01 8.308171598395709114e-04 2.201103681527943667e+00 1.697267344229447528e-01 4.088890404145961166e-01 3.400274529539051849e-01
6.230769230769231370e+01 8.163389880429218958e-04 2.211785093475460595e+00 1.656923090607693716e-01 4.108738486771406628e-01 3.281804976012362984e-01
6.260869565217392108e+01 8.120071595445709205e-04 2.222466505422977967e+00 1.618184941705602953e-01 4.128586569396851536e-01 3.168464529782861194e-01
6.290969899665552134e+01 8.183600860150041113e-04 2.233147917370494895e+00 1.581139933950525822e-01 4.148434652022296998e-01 3.059938144047766873e-01
6.321070234113712871e+01 8.322574938259019207e-04 2.243829329318012267e+00 1.545752704122673737e-01 4.168282734647741905e-01 2.956031763943946511e-01
6.351170568561873608e+01 8.495996995051464419e-04 2.254510741265529195e+00 1.511883270393311052e-01 4.188130817273187367e-01 2.856668532222846890e-01
6.381270903010033635e+01 8.671061930357048001e-04 2.265192153213046566e+00 1.479316718640163453e-01 4.207978899898632830e-01 2.761832519908984929e-01
6.411371237458195083e+01 8.816987949996414088e-04 2.275873565160563494e+00 1.447799550849969974e-01 4.227826982524077737e-01 2.671474574353712717e-01
6.441471571906355109e+01 8.893883458645717539e-04 2.286554977108080422e+00 1.417076456947076457e-01 4.247675065149523199e-01 2.585404354157959661e-01
6.471571906354515136e+01 8.857851473983894370e-04 2.297236389055597794e+00 1.386921660937675826e-01 4.267523147774968106e-01 2.503197687068110522e-01
6.501672240802676583e+01 8.682149790004418770e-04 2.307917801003114722e+00 1.357160653675104078e-01 4.287371230400413569e-01 2.424146380734590878e-01
6.531772575250836610e+01 8.378853159347348810e-04 2.318599212950632094e+00 1.327680591415506539e-01 4.307219313025858476e-01 2.347267827618656488e-01
6.561872909698996637e+01 8.001889489887847613e-04 2.329280624898149021e+00 1.298430226546536947e-01 4.327067395651303938e-01 2.271376590963522790e-01
6.591973244147158084e+01 7.622072513122978921e-04 2.339962036845666393e+00 1.269412248483993699e-01 4.346915478276748845e-01 2.195204525343985580e-01
6.622073578595318111e+01 7.289930852428361642e-04 2.350643448793183321e+00 1.240671854936359481e-01 4.366763560902194308e-01 2.117545047983847017e-01
6.652173913043478137e+01 7.018573211635467787e-04 2.361324860740700693e+00 1.212285101339938276e-01 4.386611643527639770e-01 2.037393995512532252e-01
6.682274247491639585e+01 6.798667741252744073e-04 2.372006272688217621e+00 1.184349323397191206e-01 4.406459726153084677e-01 1.954063803220880413e-01
6.712374581939799612e+01 6.620953545883145712e-04 2.382687684635734993e+00 1.156976213975182272e-01 4.426307808778530140e-01 1.867256512571136562e-01
6.742474916387959638e+01 6.479339968512836528e-04 2.393369096583251920e+00 1.130286582735466061e-01 4.446155891403975047e-01 1.777090465577155221e-01
6.772575250836121086e+01 6.362740728294423876e-04 2.404050508530769292e+00 1.104404949815050718e-01 4.466003974029420509e-01 1.684082697479134527e-01
6.802675585284281112e+01 6.259391275545144210e-04 2.414731920478286220e+00 1.079452170150140694e-01 4.485852056654865416e-01 1.589093253374922188e-01
6.832775919732442560e+01 6.170351809883405699e-04 2.425413332425803592e+00 1.055535167388626239e-01 4.505700139280310879e-01 1.493239848374987022e-01
6.862876254180602587e+01 6.111004147459257003e-04 2.436094744373320520e+00 1.032734210321908791e-01 4.525548221905755786e-01 1.397792838941583349e-01
6.892976588628762613e+01 6.100448239271903791e-04 2.446776156320837892e+00 1.011089486662191117e-01 4.545396304531201248e-01 1.304062086756045957e-01
6.923076923076924061e+01 6.154629308157856657e-04 2.457457568268354819e+00 9.905895554149667104e-02 4.565244387156646710e-01 1.213288621954793089e-01
6.953177257525084087e+01 6.283741718124142422e-04 2.468138980215872191e+00 9.711643193041391564e-02 4.585092469782091618e-01 1.126554004027125050e-01
6.983277591973244114e+01 6.485787083086807202e-04 2.478820392163389119e+00 9.526844506623709241e-02 4.604940552407537080e-01 1.044717953074786598e-01
7.013377926421405562e+01 6.742316243902510536e-04 2.489501804110906491e+00 9.349679738574626087e-02 4.624788635032981987e-01 9.683899226484798950e-02
7.043478260869565588e+01 7.023074952770882182e-04 2.500183216058423419e+00 9.177933452754950816e-02 4.644636717658427449e-01 8.979335651492155457e-02
7.073578595317725615e+01 7.287541371656959793e-04 2.510864628005940791e+00 9.009172692425507223e-02 4.664484800283872357e-01 8.334961547170810503e-02
7.103678929765887062e+01 7.474939286879130366e-04 2.521546039953457718e+00 8.840949053840667371e-02 4.684332882909317819e-01 7.750500676696761571e-02
7.133779264214047089e+01 7.503951696716292322e-04 2.532227451900975090e+00 8.671001165550350220e-02 4.704180965534762726e-01 7.224321986883550095e-02
7.163879598662208537e+01 7.307490257362013030e-04 2.542908863848492018e+00 8.497438373899385278e-02 4.724029048160208188e-01 6.753705026889236795e-02
7.193979933110368563e+01 6.886829436975696640e-04 2.553590275796009390e+00 8.318892556054358067e-02 4.743877130785653651e-01 6.334939131121412881e-02
7.224080267558528590e+01 6.334488088013787328e-04 2.564271687743526318e+00 8.134630339213423655e-02 4.763725213411098558e-01 5.963303455109478929e-02
7.254180602006690037e+01 5.796816668746712295e-04 2.574953099691043690e+00 7.944621054083791933e-02 4.783573296036544020e-01 5.633041544058457056e-02
7.284280936454850064e+01 5.402839368501143220e-04 2.585634511638560618e+00 7.749556504891343123e-02 4.803421378661988927e-01 5.337464763560438585e-02
7.314381270903010090e+01 5.212059463327453016e-04 2.596315923586077989e+00 7.550818488479561774e-02 4.823269461287434390e-01 5.069282107901387086e-02
7.344481605351171538e+01 5.209314361548733705e-04 2.606997335533594917e+00 7.350390934749537197e-02 4.843117543912879297e-01 4.821170797419254556e-02
7.374581939799331565e+01 5.333391623126941799e-04 2.617678747481112289e+00 7.150717138200413103e-02 4.862965626538324759e-01 4.586503163882914291e-02
7.404682274247491591e+01 5.506713898671543751e-04 2.628360159428629217e+00 6.954509115825073529e-02 4.882813709163769667e-01 4.360068484050803883e-02
7.434782608695653039e+01 5.649720734703734051e-04 2.639041571376146589e+00 6.764524425904783200e-02 4.902661791789215129e-01 4.138603749655044711e-02
7.464882943143813065e+01 5.695307630558322284e-04 2.649722983323663517e+00 6.583333417908684981e-02 4.922509874414660591e-01 3.920985324448481718e-02
7.494983277591973092e+01 5.619246007692867443e-04 2.660404395271180888e+00 6.413104185653908940e-02 4.942357957040105498e-01 3.708021252279214419e-02
7.525083612040134540e+01 5.463498663472102354e-04 2.671085807218697816e+00 6.255431558159416094e-02 4.962206039665550961e-01 3.501891264522541403e-02
7.555183946488294566e+01 5.313871977595209170e-04 2.681767219166215188e+00 6.111229912407483561e-02 4.982054122290995868e-01 3.305372416452384554e-02
7.585284280936456014e+01 5.239575528431767533e-04 2.692448631113732116e+00 5.980698795155803271e-02 5.001902204916440775e-01 3.121034747307880816e-02
7.615384615384616041e+01 5.248701135431602062e-04 2.703130043061249488e+00 5.863357976747225753e-02 5.021750287541886237e-01 2.950582611864956822e-02
7.645484949832776067e+01 5.295410158045900763e-04 2.713811455008766416e+00 5.758137744699681065e-02 5.041598370167330589e-01 2.794461925510861866e-02
7.675585284280937515e+01 5.322913582073964195e-04 2.724492866956283788e+00 5.663503534786881732e-02 5.061446452792776052e-01 2.651774211630071251e-02
7.705685618729097541e+01 5.305274748779254326e-04 2.735174278903800715e+00 5.577592626839397022e-02 5.081294535418221514e-01 2.520462170459236359e-02
7.735785953177257568e+01 5.264222659054594577e-04 2.745855690851317643e+00 5.498344229614488682e-02 5.101142618043666976e-01 2.397680018650883566e-02
7.765886287625419016e+01 5.253776045513806848e-04 2.756537102798835015e+00 5.423611111632389847e-02 5.120990700669112439e-01 2.280244498284564672e-02
7.795986622073579042e+01 5.320228798682170726e-04 2.767218514746351943e+00 5.351248559512523234e-02 5.140838783294556791e-01 2.165075546652346292e-02
7.826086956521739069e+01 5.463458042203664638e-04 2.777899926693869315e+00 5.279182515514212887e-02 5.160686865920002253e-01 2.049566352625611237e-02
7.856187290969900516e+01 5.631958998892379461e-04 2.788581338641386242e+00 5.205461715882848950e-02 5.180534948545447715e-01 1.931855537864437047e-02
7.886287625418060543e+01 5.760674533134995702e-04 2.799262750588903614e+00 5.128298178205419749e-02 5.200383031170893178e-01 1.810997741524469212e-02
7.916387959866221991e+01 5.820555987159348448e-04 2.809944162536420542e+00 5.046097343095193311e-02 5.220231113796337530e-01 1.687038349348107119e-02
7.946488294314382017e+01 5.833268526239906212e-04 2.820625574483937914e+00 4.957475309354986148e-02 5.240079196421782992e-01 1.560996141716096408e-02
7.976588628762542044e+01 5.839324077025045750e-04 2.831306986431454842e+00 4.861257945900210320e-02 5.259927279047228454e-01 1.434751539821733229e-02
8.006688963210703491e+01 5.858410311863182073e-04 2.841988398378972214e+00 4.756456879089339396e-02 5.279775361672673917e-01 1.310836055076087039e-02
8.036789297658863518e+01 5.883563189808540487e-04 2.852669810326489142e+00 4.642221167227807144e-02 5.299623444298119379e-01 1.192126027476772716e-02
8.066889632107023544e+01 5.903785006956472877e-04 2.863351222274006513e+00 4.517770361329667000e-02 5.319471526923563731e-01 1.081461538007918999e-02
8.096989966555184992e+01 5.918014548234071075e-04 2.874032634221523441e+00 4.382322864966509829e-02 5.339319609549009193e-01 9.812350414038818053e-03
8.127090301003345019e+01 5.924181184286841147e-04 2.884714046169040813e+00 4.235040462676779860e-02 5.359167692174454656e-01 8.930153654733079954e-03
8.157190635451505045e+01 5.903685355742133113e-04 2.895395458116557741e+00 4.075012850651744956e-02 5.379015774799900118e-01 8.172816033075017833e-03
8.187290969899666493e+01 5.826567718168897776e-04 2.906076870064075113e+00 3.901302913339601414e-02 5.398863857425344470e-01 7.533308300952204842e-03
8.217391304347826519e+01 5.676616566098018068e-04 2.916758282011592041e+00 3.713063705194795394e-02 5.418711940050789932e-01 6.993921135240507327e-03
8.247491638795986546e+01 5.471646729337146598e-04 2.927439693959109412e+00 3.509722839524610088e-02 5.438560022676235395e-01 6.529332355142492342e-03
8.277591973244147994e+01 5.256913310225828310e-04 2.938121105906626340e+00 3.291212290247780975e-02 5.458408105301680857e-01 6.110987935203321918e-03
8.307692307692308020e+01 5.075704336310369420e-04 2.948802517854143712e+00 3.058205725982725623e-02 5.478256187927126319e-01 5.711842977454411642e-03
8.337792642140469468e+01 4.942990093123029007e-04 2.959483929801660640e+00 2.812315836913648753e-02 5.498104270552570672e-01 5.310426064402984717e-03
8.367892976588629494e+01 4.843468319508222801e-04 2.970165341749178012e+00 2.556204035596909216e-02 5.517952353178016134e-01 4.893402056966012457e-03
8.397993311036789521e+01 4.752844288715801476e-04 2.980846753696694940e+00 2.293565632352988215e-02 5.537800435803461596e-01 4.456247167085242329e-03
8.428093645484950969e+01 4.663886498585040124e-04 2.991528165644212311e+00 2.028973636596712038e-02 5.557648518428907058e-01 4.002167912142835272e-03
8.458193979933110995e+01 4.596942946663536210e-04 3.002209577591729239e+00 1.767589744322982034e-02 5.577496601054351411e-01 3.539820754529451018e-03
8.488294314381271022e+01 4.585127840102739692e-04 3.012890989539246611e+00 1.514776279351266568e-02 5.597344683679796873e-01 3.080593681593485605e-03
8.518394648829432469e+01 4.641973433081212036e-04 3.023572401486763539e+00 1.275662137204689080e-02 5.617192766305242335e-01 2.636156882285784538e-03
8.548494983277592496e+01 4.736194237806524358e-04 3.034253813434280911e+00 1.054724759201725905e-02 5.637040848930687797e-01 2.216736545607451547e-03
8.578595317725752523e+01 4.799903424730079236e-04 3.044935225381797839e+00 8.554469616122242076e-03 5.656888931556133260e-01 1.830236542991786142e-03
8.608695652173913970e+01 4.771929819720345913e-04 3.055616637329315211e+00 6.800931191487333445e-03 5.676737014181577612e-01 1.482056754497606361e-03
8.638795986622073997e+01 4.642215541936421620e-04 3.066298049276832138e+00 5.296273623637584929e-03 5.696585096807023074e-01 1.175317460887851696e-03
8.668896321070235444e+01 4.456419554917090127e-04 3.076979461224349510e+00 4.037721868426706606e-03 5.716433179432468537e-01 9.112087742152904504e-04
8.698996655518395471e+01 4.277376332814727001e-04 3.087660873171866438e+00 3.011843718974989946e-03 5.736281262057913999e-01 6.892932229498481469e-04
8.729096989966555498e+01 4.142547825940333817e-04 3.098342285119383810e+00 2.197103559750449280e-03 5.756129344683358351e-01 5.077220939539499279e-04
8.759197324414716945e+01 4.054878772495367953e-04 3.109023697066900738e+00 1.566771857802174567e-03 5.775977427308803813e-01 3.634178754215956677e-04
8.789297658862876972e+01 4.003191205932722391e-04 3.119705109014418110e+00 1.091776172850438854e-03 5.795825509934249276e-01 2.522988661267580178e-04
8.819397993311036998e+01 3.979116022064323232e-04 3.130386520961935037e+00 7.431688795764238454e-04 5.815673592559694738e-01 1.695891401677716685e-04
8.849498327759198446e+01 3.972817892520092678e-04 3.141067932909452409e+00 4.940110762116393592e-04 5.835521675185140200e-01 1.102014368694416072e-04
8.879598662207358473e+01 3.963713067073641131e-04 3.151749344856969337e+00 3.206004859184550908e-04 5.855369757810584552e-01 6.913643830211776845e-05
8.909698996655518499e+01 3.928865095828802385e-04 3.162430756804486709e+00 2.030790697411294279e-04 5.875217840436030015e-01 4.182819274652742472e-05
8.939799331103679947e+01 3.865283838927815194e-04 3.173112168752003637e+00 1.255294054526702549e-04 5.895065923061475477e-01 2.438178385554021861e-05
8.969899665551839973e+01 3.800062877278208512e-04 3.183793580699521009e+00 7.570424866594945023e-05 5.914914005686920939e-01 1.368228095296587739e-05
9.000000000000000000e+01 3.772200175919843438e-04 3.194474992647037936e+00 4.453617150298195675e-05 5.934762088312366402e-01 7.387047610282290963e-06
