0.000000000000000000e+00 1.187266586375438152e-02 4.369878356076384307e-04 4.534685698859847180e-02 2.001269894508772573e-04 7.803537699751741386e-01
3.010033444816053727e-01 1.191554991387291755e-02 1.102870298537259215e-02 4.535628884354954427e-02 2.936367056898395340e-03 7.776738296313028265e-01
6.020066889632107454e-01 1.197633657899702803e-02 2.162041813513754587e-02 4.538973484328474861e-02 5.672607124345913424e-03 7.706026853856410286e-01
9.030100334448161181e-01 1.195903130723144359e-02 3.221213328490250133e-02 4.546518026431682624e-02 8.408847191793432374e-03 7.598831497724083395e-01
1.204013377926421491e+00 1.191078000025439475e-02 4.280384843466745332e-02 4.560924487408717781e-02 1.114508725924094959e-02 7.465744862898121559e-01
1.505016722408026864e+00 1.196044422062432326e-02 5.339556358443240530e-02 4.585335740966882401e-02 1.388132732668846681e-02 7.318670502223417751e-01
1.806020066889632236e+00 1.214923172984536635e-02 6.398727873419736423e-02 4.622952299011058586e-02 1.661756739413598749e-02 7.168912830934049962e-01
2.107023411371237387e+00 1.248511338272104143e-02 7.457899388396231621e-02 4.676645520518514509e-02 1.935380746158350471e-02 7.025633951475784844e-01
2.408026755852842982e+00 1.298221982184153550e-02 8.517070903372726820e-02 4.748670485152205190e-02 2.209004752903102192e-02 6.894978713622846866e-01
2.709030100334448576e+00 1.360642752152192020e-02 9.576242418349222019e-02 4.840513997759128551e-02 2.482628759647853914e-02 6.779973741929098408e-01
3.010033444816053727e+00 1.433370080168693862e-02 1.063541393332571722e-01 4.952879483209404049e-02 2.756252766392605635e-02 6.681095568375587934e-01
3.311036789297658878e+00 1.516185789175900252e-02 1.169458544830221242e-01 5.085780389702356657e-02 3.029876773137357704e-02 6.597240356831236552e-01
3.612040133779264472e+00 1.608388032869235637e-02 1.275375696327870900e-01 5.238695444943104740e-02 3.303500779882109772e-02 6.526760213651832121e-01
3.913043478260870067e+00 1.708867477957065964e-02 1.381292847825520420e-01 5.410736927486315545e-02 3.577124786626861147e-02 6.468273474307214554e-01
4.214046822742474774e+00 1.810361280972111811e-02 1.487209999323169940e-01 5.600795673387715112e-02 3.850748793371613216e-02 6.421084626104975879e-01
4.515050167224080369e+00 1.905915643723266745e-02 1.593127150820819460e-01 5.807647487193575569e-02 4.124372800116364590e-02 6.385209840179779661e-01
4.816053511705685963e+00 2.008603106045787554e-02 1.699044302318468980e-01 6.030026144113603132e-02 4.397996806861116659e-02 6.361134716858254379e-01
5.117056856187291558e+00 2.140116375173866867e-02 1.804961453816118500e-01 6.266680430954800485e-02 4.671620813605868727e-02 6.349487687991537399e-01
5.418060200668897153e+00 2.297874192675729635e-02 1.910878605313768019e-01 6.516432824828165271e-02 4.945244820350620102e-02 6.350786076888257359e-01
5.719063545150501859e+00 2.465000029072126828e-02 2.016795756811417539e-01 6.778246840530535722e-02 5.218868827095372170e-02 6.365327794386552718e-01
6.020066889632107454e+00 2.646268763362322890e-02 2.122712908309067059e-01 7.051294526644448502e-02 5.492492833840123545e-02 6.393205835464247366e-01
6.321070234113713049e+00 2.858127066919607592e-02 2.228630059806716579e-01 7.335002565158696419e-02 5.766116840584875614e-02 6.434358801180719567e-01
6.622073578595317755e+00 3.089561359034337026e-02 2.334547211304366099e-01 7.629051110419994564e-02 6.039740847329627682e-02 6.488561989024617116e-01
6.923076923076923350e+00 3.304161681056524968e-02 2.440464362802015619e-01 7.933306408304564850e-02 6.313364854074379751e-02 6.555306678193504322e-01
7.224080267558528945e+00 3.492094400688500883e-02 2.546381514299665416e-01 8.247684512904354670e-02 6.586988860819131819e-02 6.633585409395182930e-01
7.525083612040134540e+00 3.700303216885145186e-02 2.652298665797314658e-01 8.571963873045838900e-02 6.860612867563882500e-02 6.721665484077844477e-01
7.826086956521740134e+00 3.976339568445549921e-02 2.758215817294964456e-01 8.905582810629580903e-02 7.134236874308634568e-02 6.816964184098399659e-01
8.127090301003345729e+00 4.293153801501830430e-02 2.864132968792613698e-01 9.247468630817252955e-02 7.407860881053386637e-02 6.916124592477326249e-01
8.428093645484949548e+00 4.578901149555565653e-02 2.970050120290263496e-01 9.595945445410689056e-02 7.681484887798138705e-02 7.015335224706292783e-01
8.729096989966555142e+00 4.824765285312956897e-02 3.075967271787912738e-01 9.948757584146027122e-02 7.955108894542890774e-02 7.110859424305590037e-01
9.030100334448160737e+00 5.095916299850850040e-02 3.181884423285562535e-01 1.030322645731419351e-01 8.228732901287641455e-02 7.199668360618239893e-01
9.331103678929766332e+00 5.424685606592855730e-02 3.287801574783211778e-01 1.065653362363320061e-01 8.502356908032393523e-02 7.280029056745358496e-01
9.632107023411371927e+00 5.771565733411630067e-02 3.393718726280861575e-01 1.100609488326614038e-01 8.775980914777145592e-02 7.351900192853533245e-01
9.933110367892977521e+00 6.097329358241070085e-02 3.499635877778511373e-01 1.134996366179953781e-01 9.049604921521897660e-02 7.417032614226639620e-01
1.023411371237458312e+01 6.397740486096487045e-02 3.605553029276160615e-01 1.168718247547277378e-01 9.323228928266649729e-02 7.478743928411329955e-01
1.053511705685618871e+01 6.678787733592531084e-02 3.711470180773810412e-01 1.201799579842702526e-01 9.596852935011400410e-02 7.541414656920207849e-01
1.083612040133779431e+01 6.949383387248508903e-02 3.817387332271459655e-01 1.234385248208958730e-01 9.870476941756152478e-02 7.609814125682239361e-01
1.113712374581939812e+01 7.208383438842166924e-02 3.923304483769109452e-01 1.266716342500495418e-01 1.014410094850090455e-01 7.688391539231722582e-01
1.143812709030100372e+01 7.433104247754178384e-02 4.029221635266758694e-01 1.299083582411025561e-01 1.041772495524565662e-01 7.780657336876548591e-01
1.173913043478260931e+01 7.604989858989996687e-02 4.135138786764408492e-01 1.331766629625557030e-01 1.069134896199040868e-01 7.888741176851017389e-01
1.204013377926421491e+01 7.728312488058661223e-02 4.241055938262057734e-01 1.364972309913971837e-01 1.096497296873515936e-01 8.013164593916263234e-01
1.234113712374582050e+01 7.816437484957047821e-02 4.346973089759707531e-01 1.398786467711964909e-01 1.123859697547991143e-01 8.152828212965571586e-01
1.264214046822742610e+01 7.876863427107173854e-02 4.452890241257356774e-01 1.433151763349321262e-01 1.151222098222466350e-01 8.305195340106026336e-01
1.294314381270903169e+01 7.917696411826215253e-02 4.558807392755006571e-01 1.467877495330484339e-01 1.178584498896941557e-01 8.466650212533871622e-01
1.324414715719063551e+01 7.946201611199014969e-02 4.664724544252655813e-01 1.502679158682916349e-01 1.205946899571416764e-01 8.633003265771425072e-01
1.354515050167224111e+01 7.938149173085450039e-02 4.770641695750305611e-01 1.537237478247474032e-01 1.233309300245891971e-01 8.800092493153240936e-01
1.384615384615384670e+01 7.839240426838889331e-02 4.876558847247954853e-01 1.571261601195979574e-01 1.260671700920367178e-01 8.964390071698996598e-01
1.414715719063545230e+01 7.620267355718099433e-02 4.982475998745604651e-01 1.604540565907210115e-01 1.288034101594842384e-01 9.123487145788143904e-01
1.444816053511705789e+01 7.331771011643839486e-02 5.088393150243254448e-01 1.636971141531499141e-01 1.315396502269317591e-01 9.276326063986570780e-01
1.474916387959866348e+01 7.072487605792895926e-02 5.194310301740904245e-01 1.668557223455892913e-01 1.342758902943792521e-01 9.423097302288534483e-01
1.505016722408026908e+01 6.882991705774783864e-02 5.300227453238552933e-01 1.699383841409073392e-01 1.370121303618267727e-01 9.564811578320299157e-01
1.535117056856187467e+01 6.732674069787999982e-02 5.406144604736202730e-01 1.729575129875371153e-01 1.397483704292742934e-01 9.702664542050665197e-01
1.565217391304348027e+01 6.594101749568820336e-02 5.512061756233852527e-01 1.759248731742543148e-01 1.424846104967218141e-01 9.837389098555557876e-01
1.595317725752508409e+01 6.455852715387612462e-02 5.617978907731502325e-01 1.788478632814345104e-01 1.452208505641693348e-01 9.968805516767625940e-01
1.625418060200669146e+01 6.281181577777342206e-02 5.723896059229151012e-01 1.817275018272282439e-01 1.479570906316168555e-01 1.009572329151158687e+00
1.655518394648829528e+01 6.015258045398935716e-02 5.829813210726800810e-01 1.845584699328323142e-01 1.506933306990643762e-01 1.021624003439805639e+00
1.685618729096989910e+01 5.650989924309017531e-02 5.935730362224450607e-01 1.873310369493869365e-01 1.534295707665118969e-01 1.032835872945704780e+00
1.715719063545150647e+01 5.246895029604649319e-02 6.041647513722100404e-01 1.900342519455964774e-01 1.561658108339594175e-01 1.043074618277286536e+00
1.745819397993311028e+01 4.868770804733836555e-02 6.147564665219749092e-01 1.926594980580264294e-01 1.589020509014069382e-01 1.052341237068660229e+00
1.775919732441471766e+01 4.536889939091896112e-02 6.253481816717398889e-01 1.952034194858593141e-01 1.616382909688544312e-01 1.060811341173982569e+00
1.806020066889632147e+01 4.238607389127439784e-02 6.359398968215048686e-01 1.976693646032693374e-01 1.643745310363019518e-01 1.068836044894189818e+00
1.836120401337792885e+01 3.967181495876394987e-02 6.465316119712698484e-01 2.000668420471164166e-01 1.671107711037494725e-01 1.076902774565959398e+00
1.866220735785953266e+01 3.719644051313782118e-02 6.571233271210347171e-01 2.024090154863529278e-01 1.698470111711969932e-01 1.085566340695230725e+00
1.896321070234114003e+01 3.486321071637052404e-02 6.677150422707996968e-01 2.047088609942047943e-01 1.725832512386445139e-01 1.095368437944461926e+00
1.926421404682274385e+01 3.252954138706769249e-02 6.783067574205646766e-01 2.069751151903895248e-01 1.753194913060920346e-01 1.106766161706954410e+00
1.956521739130434767e+01 3.007280433849870635e-02 6.888984725703296563e-01 2.092093733034328107e-01 1.780557313735395553e-01 1.120086383983171618e+00
1.986622073578595504e+01 2.751651451138157137e-02 6.994901877200946361e-01 2.114055280191711739e-01 1.807919714409870759e-01 1.135513939836012565e+00
2.016722408026755886e+01 2.499757550357364563e-02 7.100819028698595048e-01 2.135521669448546267e-01 1.835282115084345966e-01 1.153110334392254188e+00
2.046822742474916623e+01 2.272536500731690140e-02 7.206736180196244845e-01 2.156377119437150325e-01 1.862644515758821173e-01 1.172850022988973562e+00
2.076923076923077005e+01 2.081517385076928420e-02 7.312653331693894643e-01 2.176572453378388949e-01 1.890006916433296380e-01 1.194656982076236718e+00
2.107023411371237742e+01 1.911970322626312807e-02 7.418570483191544440e-01 2.196194082714318929e-01 1.917369317107771309e-01 1.218427143527004874e+00
2.137123745819398124e+01 1.756396647389320623e-02 7.524487634689193127e-01 2.215516712657031040e-01 1.944731717782246516e-01 1.244031115946384602e+00
2.167224080267558861e+01 1.632993171250692391e-02 7.630404786186842925e-01 2.235026940635951309e-01 1.972094118456721723e-01 1.271302372448104068e+00
2.197324414715719243e+01 1.548313921044944946e-02 7.736321937684492722e-01 2.255412573162084156e-01 1.999456519131196930e-01 1.300023537609165336e+00
2.227424749163879625e+01 1.478682200630470484e-02 7.842239089182142520e-01 2.277520889452913921e-01 2.026818919805672137e-01 1.329923885726179256e+00
2.257525083612040362e+01 1.392731753160732569e-02 7.948156240679791207e-01 2.302295410709809809e-01 2.054181320480147344e-01 1.360694595682865771e+00
2.287625418060200744e+01 1.281233122251361663e-02 8.054073392177441004e-01 2.330703194741374773e-01 2.081543721154622550e-01 1.392018386290586829e+00
2.317725752508361481e+01 1.165045939831597412e-02 8.159990543675090802e-01 2.363663121805312239e-01 2.108906121829097757e-01 1.423602355594420166e+00
2.347826086956521863e+01 1.064748543494653532e-02 8.265907695172740599e-01 2.401981487174644492e-01 2.136268522503572964e-01 1.455201378149690417e+00
2.377926421404682600e+01 9.804733394183350395e-03 8.371824846670389286e-01 2.446296727228015055e-01 2.163630923178048171e-01 1.486624878889887924e+00
2.408026755852842982e+01 9.028347648923950100e-03 8.477741998168039084e-01 2.497032366892285027e-01 2.190993323852523100e-01 1.517728937320354854e+00
2.438127090301003363e+01 8.224070951110931324e-03 8.583659149665688881e-01 2.554357339788904113e-01 2.218355724526998307e-01 1.548403277079037466e+00
2.468227424749164101e+01 7.417593722649551413e-03 8.689576301163338679e-01 2.618155330715690177e-01 2.245718125201473514e-01 1.578564544954748294e+00
2.498327759197324482e+01 6.778170967387576323e-03 8.795493452660988476e-01 2.688008150834261811e-01 2.273080525875948721e-01 1.608162386630790808e+00
2.528428093645485220e+01 6.403429878097447597e-03 8.901410604158637163e-01 2.763200307368323116e-01 2.300442926550423928e-01 1.637195812030530995e+00
2.558528428093645601e+01 6.186430497122120953e-03 9.007327755656286961e-01 2.842751209358614362e-01 2.327805327224899135e-01 1.665728986559500191e+00
2.588628762541806339e+01 5.938799208200737714e-03 9.113244907153936758e-01 2.925477363280029053e-01 2.355167727899374341e-01 1.693892393237363958e+00
2.618729096989966720e+01 5.583403583180125522e-03 9.219162058651586555e-01 3.010080427284446136e-01 2.382530128573849548e-01 1.721859395256952086e+00
2.648829431438127102e+01 5.232107219304879542e-03 9.325079210149235243e-01 3.095250242762079274e-01 2.409892529248324755e-01 1.749798338552212673e+00
2.678929765886287839e+01 5.001284307705330771e-03 9.430996361646885040e-01 3.179767423010599336e-01 2.437254929922799962e-01 1.777812333383993026e+00
2.709030100334448221e+01 4.831657057809602210e-03 9.536913513144534837e-01 3.262589555651189133e-01 2.464617330597275169e-01 1.805887389311956692e+00
2.739130434782608958e+01 4.600132142127269855e-03 9.642830664642184635e-01 3.342908921636398856e-01 2.491979731271750098e-01 1.833870340614575989e+00
2.769230769230769340e+01 4.265943498736994750e-03 9.748747816139833322e-01 3.420176568298167186e-01 2.519342131946225583e-01 1.861489740556296901e+00
2.799331103678930077e+01 3.886150579358413782e-03 9.854664967637483119e-01 3.494095195945532972e-01 2.546704532620700512e-01 1.888418294599917058e+00
2.829431438127090459e+01 3.560632064145133422e-03 9.960582119135132917e-01 3.564589093779859108e-01 2.574066933295175996e-01 1.914360148734969513e+00
2.859531772575251196e+01 3.354464172572870200e-03 1.006649927063278271e+00 3.631761633835680070e-01 2.601429333969650926e-01 1.939136726685908529e+00
2.889632107023411578e+01 3.261860242408307076e-03 1.017241642213043251e+00 3.695849395747359267e-01 2.628791734644126410e-01 1.962744734013070369e+00
2.919732441471571960e+01 3.187853854385382362e-03 1.027833357362808231e+00 3.757178020003528185e-01 2.656154135318601339e-01 1.985369109822474165e+00
2.949832775919732697e+01 3.018535396216527611e-03 1.038425072512573211e+00 3.816120296481680385e-01 2.683516535993076269e-01 2.007347882397948258e+00
2.979933110367893079e+01 2.792426771766409657e-03 1.049016787662337968e+00 3.873053650761060229e-01 2.710878936667551753e-01 2.029099275510500622e+00
3.010033444816053816e+01 2.642251718592552624e-03 1.059608502812102948e+00 3.928313264344608924e-01 2.738241337342026682e-01 2.051029653362316463e+00
3.040133779264214198e+01 2.583989016549405153e-03 1.070200217961867928e+00 3.982138797909893779e-01 2.765603738016502167e-01 2.073442917514983996e+00
3.070234113712374935e+01 2.547554124165926290e-03 1.080791933111632908e+00 4.034616504943163706e-01 2.792966138690977096e-01 2.096469667571930984e+00
3.100334448160535317e+01 2.511107078862667534e-03 1.091383648261397887e+00 4.085623314284794749e-01 2.820328539365452580e-01 2.120030513516320880e+00
3.130434782608696054e+01 2.470549713811095137e-03 1.101975363411162867e+00 4.134783838865186967e-01 2.847690940039927510e-01 2.143843597821967872e+00
3.160535117056856436e+01 2.384722853132264196e-03 1.112567078560927847e+00 4.181453787524848087e-01 2.875053340714402994e-01 2.167480648501775686e+00
3.190635451505016817e+01 2.258287869112964637e-03 1.123158793710692827e+00 4.224742647804810569e-01 2.902415741388877923e-01 2.190466950225895992e+00
3.220735785953177555e+01 2.171337885438327873e-03 1.133750508860457584e+00 4.263584022298886334e-01 2.929778142063352853e-01 2.212408425688826341e+00
3.250836120401338292e+01 2.161631057645677523e-03 1.144342224010222564e+00 4.296853815337826066e-01 2.957140542737828337e-01 2.233116803704448206e+00
3.280936454849498318e+01 2.192652944276553013e-03 1.154933939159987544e+00 4.323525939624409120e-01 2.984502943412303266e-01 2.252697312268237440e+00
3.311036789297659055e+01 2.214369999864102857e-03 1.165525654309752523e+00 4.342844770789703879e-01 3.011865344086778751e-01 2.271567590214094601e+00
3.341137123745819792e+01 2.166247415707010099e-03 1.176117369459517503e+00 4.354486128637294340e-01 3.039227744761253680e-01 2.290392742874082455e+00
3.371237458193979819e+01 2.010566266929819917e-03 1.186709084609282483e+00 4.358676584442328084e-01 3.066590145435729164e-01 2.309945481834657866e+00
3.401337792642140556e+01 1.793965221143930654e-03 1.197300799759047463e+00 4.356245550650889031e-01 3.093952546110204094e-01 2.330923971687628882e+00
3.431438127090301293e+01 1.588952344839952196e-03 1.207892514908812442e+00 4.348595281897076892e-01 3.121314946784679578e-01 2.353774817238578176e+00
3.461538461538462030e+01 1.418420085292537670e-03 1.218484230058577422e+00 4.337588329013026822e-01 3.148677347459154507e-01 2.378569163773169848e+00
3.491638795986622057e+01 1.285974094803456376e-03 1.229075945208342180e+00 4.325366888757962713e-01 3.176039748133629992e-01 2.404965829007858602e+00
3.521739130434782794e+01 1.203722026288620321e-03 1.239667660358107160e+00 4.314130595697027171e-01 3.203402148808104921e-01 2.432271276800279658e+00
3.551839464882943531e+01 1.175049467849204315e-03 1.250259375507872139e+00 4.305906152181731561e-01 3.230764549482579850e-01 2.459579658574992944e+00
3.581939799331104268e+01 1.189686059704928630e-03 1.260851090657637119e+00 4.302342687032868485e-01 3.258126950157055335e-01 2.485955190578847951e+00
3.612040133779264295e+01 1.230891401739847135e-03 1.271442805807402099e+00 4.304561230733143229e-01 3.285489350831530264e-01 2.510609930440061976e+00
3.642140468227425032e+01 1.267001280674664955e-03 1.282034520957167079e+00 4.313076744247059668e-01 3.312851751506005749e-01 2.533034781548618053e+00
3.672240802675585769e+01 1.261425375052473282e-03 1.292626236106932058e+00 4.327798985820578426e-01 3.340214152180480678e-01 2.553057815238293671e+00
3.702341137123745796e+01 1.218227978929959125e-03 1.303217951256697038e+00 4.348106517328838017e-01 3.367576552854956162e-01 2.570825507275334765e+00
3.732441471571906533e+01 1.157617810304174561e-03 1.313809666406461796e+00 4.372978331154067644e-01 3.394938953529431092e-01 2.586721759294588363e+00
3.762541806020067270e+01 1.076151164613285693e-03 1.324401381556226776e+00 4.401161195324377329e-01 3.422301354203906576e-01 2.601251077916038934e+00
3.792642140468228007e+01 9.952128600298562350e-04 1.334993096705991755e+00 4.431348314929856036e-01 3.449663754878381505e-01 2.614914533638069472e+00
3.822742474916388034e+01 9.578658092090431078e-04 1.345584811855756735e+00 4.462346014033425901e-01 3.477026155552856990e-01 2.628102550781608038e+00
3.852842809364548771e+01 9.687585229117569828e-04 1.356176527005521715e+00 4.493209099582451405e-01 3.504388556227331919e-01 2.641021294261142849e+00
3.882943143812709508e+01 1.001786363806434150e-03 1.366768242155286694e+00 4.523331419175322665e-01 3.531750956901806848e-01 2.653662429247113153e+00
3.913043478260869534e+01 1.031444246336013938e-03 1.377359957305051674e+00 4.552484908268780717e-01 3.559113357576282333e-01 2.665819825685881383e+00
3.943143812709030271e+01 1.042511883494194125e-03 1.387951672454816654e+00 4.580807269683527250e-01 3.586475758250757262e-01 2.677150062786022300e+00
3.973244147157191009e+01 1.039227765879089738e-03 1.398543387604581634e+00 4.608744575389562281e-01 3.613838158925232746e-01 2.687265376194811761e+00
4.003344481605351746e+01 1.028964727270799406e-03 1.409135102754346391e+00 4.636959882223842255e-01 3.641200559599707676e-01 2.695839069361319229e+00
4.033444816053511772e+01 1.006796257379258437e-03 1.419726817904111371e+00 4.666221939495534543e-01 3.668562960274183160e-01 2.702697586773216809e+00
4.063545150501672509e+01 9.683941424810045594e-04 1.430318533053876351e+00 4.697289032946636578e-01 3.695925360948658089e-01 2.707874025413200769e+00
4.093645484949833246e+01 9.157702083796545644e-04 1.440910248203641331e+00 4.730802077932266814e-01 3.723287761623133574e-01 2.711606504011971897e+00
4.123745819397993273e+01 8.603653363953040617e-04 1.451501963353406310e+00 4.767198660252923714e-01 3.750650162297608503e-01 2.714279780862234759e+00
4.153846153846154010e+01 8.071019050421902354e-04 1.462093678503171290e+00 4.806656397155801841e-01 3.778012562972083987e-01 2.716325013155795887e+00
4.183946488294314747e+01 7.441539425674028197e-04 1.472685393652936270e+00 4.849070294117007185e-01 3.805374963646558917e-01 2.718104711688637209e+00
4.214046822742475484e+01 6.776349231304715703e-04 1.483277108802701250e+00 4.894065070089149705e-01 3.832737364321033846e-01 2.719813428075460227e+00
4.244147157190635511e+01 6.376322452769352198e-04 1.493868823952466007e+00 4.941039873007930239e-01 3.860099764995509330e-01 2.721418648371499494e+00
4.274247491638796248e+01 6.427612974250937168e-04 1.504460539102230987e+00 4.989239449893762002e-01 3.887462165669984260e-01 2.722653658485769235e+00
4.304347826086956985e+01 6.809344863194450106e-04 1.515052254251995967e+00 5.037842751792078744e-01 3.914824566344459744e-01 2.723059991402489111e+00
4.334448160535117722e+01 7.189276952868930114e-04 1.525643969401760947e+00 5.086057393967128304e-01 3.942186967018934673e-01 2.722066449756475492e+00
4.364548494983277749e+01 7.135197092647288953e-04 1.536235684551525926e+00 5.133206813920005995e-01 3.969549367693410158e-01 2.719087144462453587e+00
4.394648829431438486e+01 6.403203698090438427e-04 1.546827399701290906e+00 5.178796948205283135e-01 3.996911768367885087e-01 2.713621776927148233e+00
4.424749163879599223e+01 5.279774083406566475e-04 1.557419114851055886e+00 5.222551279171695482e-01 4.024274169042360572e-01 2.705344620572880832e+00
4.454849498327759250e+01 4.278422700351155257e-04 1.568010830000820865e+00 5.264407362523882972e-01 4.051636569716835501e-01 2.694171477433743078e+00
4.484949832775919987e+01 3.686078169319640416e-04 1.578602545150585845e+00 5.304474098695941553e-01 4.078998970391310985e-01 2.680295407062736501e+00
4.515050167224080724e+01 3.548998495534027155e-04 1.589194260300350603e+00 5.342956133950493847e-01 4.106361371065785915e-01 2.664183635847496401e+00
4.545150501672241461e+01 3.770149513294611767e-04 1.599785975450115583e+00 5.380058485511638455e-01 4.133723771740260844e-01 2.646531966980486761e+00
4.575250836120401488e+01 4.163346052052297104e-04 1.610377690599880562e+00 5.415889240709020891e-01 4.161086172414736328e-01 2.628180141541221815e+00
4.605351170568562225e+01 4.547592488803935086e-04 1.620969405749645542e+00 5.450379715357501764e-01 4.188448573089211258e-01 2.610000410842671759e+00
4.635451505016722962e+01 4.802963740001977926e-04 1.631561120899410522e+00 5.483239167213660448e-01 4.215810973763686742e-01 2.592778774988485857e+00
4.665551839464882988e+01 4.826085806548587607e-04 1.642152836049175502e+00 5.513955318493773960e-01 4.243173374438161671e-01 2.577110885620149450e+00
4.695652173913043725e+01 4.494294317121304500e-04 1.652744551198940481e+00 5.541843645681494568e-01 4.270535775112637156e-01 2.563331496634627449e+00
4.725752508361204463e+01 3.919870756130733108e-04 1.663336266348705461e+00 5.566139286186392310e-01 4.297898175787112085e-01 2.551488867529365212e+00
4.755852842809365200e+01 3.558291984308539400e-04 1.673927981498470219e+00 5.586117276122645192e-01 4.325260576461587569e-01 2.541366085888027815e+00
4.785953177257525226e+01 3.620121557175604715e-04 1.684519696648235199e+00 5.601221231671411616e-01 4.352622977136062499e-01 2.532541991121032066e+00
4.816053511705685963e+01 3.750416645512078483e-04 1.695111411798000178e+00 5.611178585962688370e-01 4.379985377810537428e-01 2.524476630644906017e+00
4.846153846153846700e+01 3.588572494796359209e-04 1.705703126947765158e+00 5.616082507463566742e-01 4.407347778485012912e-01 2.516601173124670687e+00
4.876254180602006727e+01 3.222676828790066472e-04 1.716294842097530138e+00 5.616426320804621675e-01 4.434710179159487842e-01 2.508391495702877450e+00
4.906354515050167464e+01 2.976567913664505440e-04 1.726886557247295118e+00 5.613084528750612590e-01 4.462072579833963326e-01 2.499409621253667169e+00
4.936454849498328201e+01 3.052062684504057628e-04 1.737478272397060097e+00 5.607243660588087097e-01 4.489434980508438255e-01 2.489307583014591874e+00
4.966555183946488938e+01 3.322307098267702607e-04 1.748069987546825077e+00 5.600294129547528366e-01 4.516797381182913740e-01 2.477801299154031245e+00
4.996655518394648965e+01 3.463360921754758421e-04 1.758661702696590057e+00 5.593699324395787764e-01 4.544159781857388669e-01 2.464632765465165853e+00
5.026755852842809702e+01 3.423752449022870493e-04 1.769253417846354814e+00 5.588859399537855488e-01 4.571522182531864154e-01 2.449542571375441735e+00
5.056856187290970439e+01 3.469892663333165876e-04 1.779845132996119794e+00 5.586984968735164703e-01 4.598884583206339083e-01 2.432269340217577458e+00
5.086956521739130466e+01 3.763426637197919049e-04 1.790436848145884774e+00 5.588991517465705661e-01 4.626246983880814567e-01 2.412580122838704710e+00
5.117056856187291203e+01 4.142445510248882884e-04 1.801028563295649754e+00 5.595420661652922290e-01 4.653609384555289497e-01 2.390321283057736057e+00
5.147157190635451940e+01 4.213882726459822594e-04 1.811620278445414733e+00 5.606390895045919587e-01 4.680971785229764426e-01 2.365469230940246526e+00
5.177257525083612677e+01 3.778369705565158445e-04 1.822211993595179713e+00 5.621578740783454986e-01 4.708334185904239910e-01 2.338158892398069622e+00
5.207357859531772704e+01 3.082965486234129793e-04 1.832803708744944693e+00 5.640230760002075128e-01 4.735696586578714840e-01 2.308675682755696901e+00
5.237458193979933441e+01 2.480272495622660371e-04 1.843395423894709673e+00 5.661206547125080535e-01 4.763058987253190324e-01 2.277410566385556834e+00
5.267558528428094178e+01 2.138858927135899837e-04 1.853987139044474430e+00 5.683051597741940464e-01 4.790421387927665253e-01 2.244791604705689725e+00
5.297658862876254204e+01 2.031409613704503799e-04 1.864578854194239410e+00 5.704096356986212424e-01 4.817783788602140738e-01 2.211213420678208585e+00
5.327759197324414941e+01 2.010132274599330719e-04 1.875170569344004390e+00 5.722574260380095534e-01 4.845146189276615667e-01 2.176985146444495367e+00
5.357859531772575679e+01 1.961069924330265828e-04 1.885762284493769370e+00 5.736748166747467348e-01 4.872508589951091151e-01 2.142308590575093596e+00
5.387959866220736416e+01 1.890716277888024083e-04 1.896353999643534349e+00 5.745032369838304342e-01 4.899870990625566081e-01 2.107285912584501819e+00
5.418060200668896442e+01 1.859959974648467732e-04 1.906945714793299329e+00 5.746097171993195252e-01 4.927233391300041565e-01 2.071945657541271579e+00
5.448160535117057179e+01 1.880419310657483552e-04 1.917537429943064309e+00 5.738945114984009832e-01 4.954595791974516494e-01 2.036271863222848477e+00
5.478260869565217916e+01 1.842264572031897035e-04 1.928129145092829289e+00 5.722952197275017472e-01 4.981958192648991424e-01 2.000224181131733836e+00
5.508361204013378654e+01 1.630524642962396218e-04 1.938720860242594268e+00 5.697873150390326824e-01 5.009320593323467463e-01 1.963745163036535457e+00
5.538461538461538680e+01 1.343182552044196870e-04 1.949312575392359026e+00 5.663816108916033265e-01 5.036682993997942948e-01 1.926759558667475059e+00
5.568561872909699417e+01 1.161521182762285823e-04 1.959904290542124006e+00 5.621197450389114891e-01 5.064045394672416212e-01 1.889175281199382050e+00
5.598662207357860154e+01 1.114321505249288112e-04 1.970496005691888985e+00 5.570690672753695338e-01 5.091407795346891696e-01 1.850894447348917726e+00
5.628762541806020181e+01 1.116176930464165190e-04 1.981087720841653965e+00 5.513182596166054106e-01 5.118770196021367180e-01 1.811836536531371555e+00
5.658862876254180918e+01 1.092060450663406038e-04 1.991679435991418945e+00 5.449745404511091573e-01 5.146132596695842665e-01 1.771967730962864751e+00
5.688963210702341655e+01 1.045867991382032206e-04 2.002271151141183925e+00 5.381624899193758749e-01 5.173494997370318149e-01 1.731325137054016583e+00
5.719063545150502392e+01 1.011999346460810479e-04 2.012862866290948904e+00 5.310236096971296949e-01 5.200857398044793634e-01 1.690024706023876888e+00
5.749163879598662419e+01 9.664948288450353096e-05 2.023454581440713884e+00 5.237150160507713093e-01 5.228219798719269118e-01 1.648247325827455478e+00
5.779264214046823156e+01 8.829273871328302266e-05 2.034046296590478864e+00 5.164054621121535460e-01 5.255582199393744602e-01 1.606206021807667916e+00
5.809364548494983893e+01 7.905123758382082079e-05 2.044638011740243844e+00 5.092673519755791522e-01 5.282944600068217866e-01 1.564104432050813287e+00
5.839464882943143920e+01 7.246082786016475963e-05 2.055229726890008823e+00 5.024644772441413387e-01 5.310307000742693351e-01 1.522099484719564133e+00
5.869565217391304657e+01 7.142842441241635185e-05 2.065821442039773803e+00 4.961365849513847959e-01 5.337669401417168835e-01 1.480278726270463974e+00
5.899665551839465394e+01 7.683707717451633979e-05 2.076413157189538783e+00 4.903831554016914729e-01 5.365031802091644320e-01 1.438656913295397466e+00
5.929765886287626131e+01 8.388727484503929717e-05 2.087004872339303319e+00 4.852495301312179654e-01 5.392394202766119804e-01 1.397190467188204499e+00
5.959866220735786158e+01 8.841694576049891638e-05 2.097596587489068298e+00 4.807185404538766860e-01 5.419756603440595288e-01 1.355804651822594575e+00
5.989966555183946895e+01 9.185828045901407236e-05 2.108188302638833278e+00 4.767100272572473152e-01 5.447119004115070773e-01 1.314427251427009891e+00
6.020066889632107632e+01 9.283876094631024359e-05 2.118780017788598258e+00 4.730893006139461621e-01 5.474481404789544037e-01 1.273022663301353941e+00
6.050167224080267658e+01 8.432222266717114283e-05 2.129371732938363238e+00 4.696839744128953331e-01 5.501843805464019521e-01 1.231620036517802497e+00
6.080267558528428395e+01 6.645345365853526658e-05 2.139963448088128217e+00 4.663070605635654675e-01 5.529206206138495006e-01 1.190328222372882605e+00
6.110367892976589133e+01 5.022829141783798871e-05 2.150555163237893197e+00 4.627830021081285050e-01 5.556568606812970490e-01 1.149330536517962242e+00
6.140468227424749870e+01 4.238107606607771871e-05 2.161146878387658177e+00 4.589726645302796282e-01 5.583931007487445974e-01 1.108855814339481993e+00
6.170568561872909896e+01 3.933808603341709339e-05 2.171738593537423156e+00 4.547933036465106604e-01 5.611293408161921459e-01 1.069129454062328621e+00
6.200668896321070633e+01 3.623801552579384059e-05 2.182330308687188136e+00 4.502302147529159693e-01 5.638655808836396943e-01 1.030316722350633762e+00
6.230769230769231370e+01 3.378732976207886324e-05 2.192922023836953116e+00 4.453380699451031099e-01 5.666018209510870207e-01 9.924762174996129005e-01
6.260869565217392108e+01 3.745039039936211864e-05 2.203513738986718096e+00 4.402316794546496936e-01 5.693380610185345692e-01 9.555403161404769641e-01
6.290969899665552134e+01 4.779047901490212692e-05 2.214105454136483075e+00 4.350677626012947607e-01 5.720743010859821176e-01 9.193310768757502194e-01
6.321070234113712871e+01 5.482909991442207930e-05 2.224697169286248055e+00 4.300209072877552718e-01 5.748105411534296660e-01 8.836077009557062878e-01
6.351170568561873608e+01 5.122432940517132849e-05 2.235288884436013035e+00 4.252578753365106601e-01 5.775467812208772145e-01 8.481307100006897359e-01
6.381270903010033635e+01 4.238542274182957408e-05 2.245880599585778015e+00 4.209145424601841712e-01 5.802830212883247629e-01 8.127231562850344426e-01
6.411371237458195083e+01 3.493698230053393568e-05 2.256472314735542994e+00 4.170790226438105264e-01 5.830192613557723114e-01 7.773119142947881866e-01
6.441471571906355109e+01 2.932570100844150208e-05 2.267064029885307530e+00 4.137831194581750305e-01 5.857555014232196378e-01 7.419403194336202656e-01
6.471571906354515136e+01 2.673563461010113347e-05 2.277655745035072510e+00 4.110025409179510758e-01 5.884917414906671862e-01 7.067530406501708606e-01
6.501672240802676583e+01 2.983697906225966432e-05 2.288247460184837490e+00 4.086647323579285507e-01 5.912279815581147346e-01 6.719613650723221809e-01
6.531772575250836610e+01 3.508861862468949964e-05 2.298839175334602469e+00 4.066620707649029054e-01 5.939642216255622831e-01 6.378002501574554506e-01
6.561872909698996637e+01 3.429782539952836221e-05 2.309430890484367449e+00 4.048677010397369047e-01 5.967004616930098315e-01 6.044878843828097592e-01
6.591973244147158084e+01 2.747523038868931422e-05 2.320022605634132429e+00 4.031514544423637214e-01 5.994367017604573800e-01 5.721955742741133832e-01
6.622073578595318111e+01 2.130899019639631320e-05 2.330614320783897409e+00 4.013938814223224627e-01 6.021729418279049284e-01 5.410320553987122416e-01
6.652173913043478137e+01 1.779422198940039572e-05 2.341206035933662388e+00 3.994971864816517226e-01 6.049091818953524768e-01 5.110427563094420700e-01
6.682274247491639585e+01 1.661664774555388178e-05 2.351797751083427368e+00 3.973925274439716882e-01 6.076454219627998032e-01 4.822215694309426315e-01
6.712374581939799612e+01 1.816446227354908503e-05 2.362389466233192348e+00 3.950435961790584316e-01 6.103816620302473517e-01 4.545305593621426499e-01
6.742474916387959638e+01 2.059737090468481327e-05 2.372981181382957327e+00 3.924466284371990743e-01 6.131179020976949001e-01 4.279220066904393938e-01
6.772575250836121086e+01 2.248894290456682232e-05 2.383572896532722307e+00 3.896271003361213570e-01 6.158541421651424486e-01 4.023573693025067621e-01
6.802675585284281112e+01 2.584208817298633870e-05 2.394164611682487287e+00 3.866334971713942803e-01 6.185903822325899970e-01 3.778189974176897614e-01
6.832775919732442560e+01 3.198616572473168254e-05 2.404756326832252267e+00 3.835287783073456080e-01 6.213266223000375454e-01 3.543123644882719137e-01
6.862876254180602587e+01 3.739764975114102821e-05 2.415348041982017246e+00 3.803804986702948865e-01 6.240628623674850939e-01 3.318587323814775059e-01
6.892976588628762613e+01 3.696079161823318914e-05 2.425939757131782226e+00 3.772508666924881404e-01 6.267991024349324203e-01 3.104802715043850636e-01
6.923076923076924061e+01 3.031848629371255001e-05 2.436531472281547206e+00 3.741881539446461624e-01 6.295353425023799687e-01 2.901815627474163550e-01
6.953177257525084087e+01 2.328653259736828074e-05 2.447123187431311742e+00 3.712206923811746662e-01 6.322715825698275172e-01 2.709328987450377313e-01
6.983277591973244114e+01 2.233596748973835716e-05 2.457714902581076721e+00 3.683541827068098629e-01 6.350078226372750656e-01 2.526613865221872257e-01
7.013377926421405562e+01 2.692902776389788290e-05 2.468306617730841701e+00 3.655723145402576812e-01 6.377440627047226140e-01 2.352548613725069238e-01
7.043478260869565588e+01 3.054251909937771332e-05 2.478898332880606681e+00 3.628399932062964517e-01 6.404803027721701625e-01 2.185806260815901791e-01
7.073578595317725615e+01 3.106668700270535173e-05 2.489490048030371661e+00 3.601080227183202642e-01 6.432165428396177109e-01 2.025163688912019200e-01
7.103678929765887062e+01 3.172066809531362433e-05 2.500081763180136640e+00 3.573180663478899288e-01 6.459527829070650373e-01 1.869856232795965301e-01
7.133779264214047089e+01 3.204275929605326039e-05 2.510673478329901620e+00 3.544070920156400240e-01 6.486890229745125858e-01 1.719868096052159789e-01
7.163879598662208537e+01 3.200695363296647631e-05 2.521265193479666600e+00 3.513111380947533391e-01 6.514252630419601342e-01 1.576050445914331521e-01
7.193979933110368563e+01 3.692088766548082550e-05 2.531856908629431580e+00 3.479688279931812400e-01 6.541615031094076826e-01 1.440001455572814670e-01
7.224080267558528590e+01 4.692885014941073057e-05 2.542448623779196559e+00 3.443253441180303409e-01 6.568977431768552311e-01 1.313714951203314441e-01
7.254180602006690037e+01 5.577065443370301926e-05 2.553040338928961539e+00 3.403373868657608159e-01 6.596339832443027795e-01 1.199081233392564616e-01
7.284280936454850064e+01 5.977698798966609735e-05 2.563632054078726519e+00 3.359790282755892310e-01 6.623702233117503280e-01 1.097375649827941335e-01
7.314381270903010090e+01 5.563376602674437703e-05 2.574223769228491498e+00 3.312475538384188622e-01 6.651064633791978764e-01 1.008877415791332305e-01
7.344481605351171538e+01 4.139390391417907018e-05 2.584815484378256478e+00 3.261677190862123932e-01 6.678427034466452028e-01 9.327210929032722642e-02
7.374581939799331565e+01 2.498265696625314307e-05 2.595407199528021458e+00 3.207926672100869792e-01 6.705789435140927512e-01 8.670125303866485500e-02
7.404682274247491591e+01 1.658385180422645153e-05 2.605998914677786438e+00 3.152002460554743091e-01 6.733151835815402997e-01 8.091664616840953117e-02
7.434782608695653039e+01 1.813040957354962357e-05 2.616590629827551417e+00 3.094845682959147526e-01 6.760514236489878481e-01 7.563689392970011915e-02
7.464882943143813065e+01 2.460948857106481133e-05 2.627182344977315953e+00 3.037440659558515721e-01 6.787876637164353966e-01 7.060478454926220893e-02
7.494983277591973092e+01 2.809678863715045364e-05 2.637774060127080933e+00 2.980685276965607811e-01 6.815239037838829450e-01 6.562484667002392580e-02
7.525083612040134540e+01 2.429655624225340166e-05 2.648365775276845913e+00 2.925282065902995443e-01 6.842601438513304934e-01 6.058479330030890064e-02
7.555183946488294566e+01 1.609026553730301222e-05 2.658957490426610892e+00 2.871677634182438488e-01 6.869963839187778198e-01 5.545877908430935088e-02
7.585284280936456014e+01 8.595250267378884413e-06 2.669549205576375872e+00 2.820065888538597076e-01 6.897326239862253683e-01 5.029455278379148936e-02
7.615384615384616041e+01 4.763212969058745458e-06 2.680140920726140852e+00 2.770452702811486700e-01 6.924688640536729167e-01 4.518954932092675292e-02
7.645484949832776067e+01 5.552394272070429899e-06 2.690732635875905832e+00 2.722761888793837071e-01 6.952051041211204652e-01 4.026239323924225844e-02
7.675585284280937515e+01 9.629978827744728814e-06 2.701324351025670811e+00 2.676950202579070348e-01 6.979413441885680136e-01 3.562617639159092187e-02
7.705685618729097541e+01 1.287502889922289194e-05 2.711916066175435791e+00 2.633096523698755242e-01 7.006775842560155620e-01 3.136846289272857136e-02
7.735785953177257568e+01 1.181329474833765025e-05 2.722507781325200771e+00 2.591437965233180929e-01 7.034138243234631105e-01 2.754068988008158067e-02
7.765886287625419016e+01 7.434424258306836027e-06 2.733099496474965751e+00 2.552340928219470340e-01 7.061500643909104369e-01 2.415705431115606344e-02
7.795986622073579042e+01 3.415641693946260639e-06 2.743691211624730730e+00 2.516213213937598114e-01 7.088863044583579853e-01 2.120075210536173996e-02
7.826086956521739069e+01 2.104871714957317535e-06 2.754282926774495710e+00 2.483378989836996231e-01 7.116225445258055338e-01 1.863412218928379993e-02
7.856187290969900516e+01 3.436314213820964053e-06 2.764874641924260690e+00 2.453947612457200445e-01 7.143587845932530822e-01 1.640912428066657741e-02
7.886287625418060543e+01 5.493493107569436203e-06 2.775466357074025670e+00 2.427708220212415613e-01 7.170950246607006306e-01 1.447553333373650594e-02
7.916387959866221991e+01 5.950797055087713504e-06 2.786058072223790649e+00 2.404075161938693528e-01 7.198312647281481791e-01 1.278579019429613994e-02
7.946488294314382017e+01 4.845817513375213303e-06 2.796649787373555629e+00 2.382097031372064633e-01 7.225675047955957275e-01 1.129695470182922636e-02
7.976588628762542044e+01 3.873588369006729795e-06 2.807241502523320165e+00 2.360527488915956373e-01 7.253037448630432760e-01 9.971104821818026556e-03
8.006688963210703491e+01 3.145473973841980105e-06 2.817833217673085144e+00 2.337942350882259712e-01 7.280399849304906024e-01 8.775576125750016512e-03
8.036789297658863518e+01 1.989834800494749846e-06 2.828424932822850124e+00 2.312877310433247569e-01 7.307762249979381508e-01 7.683800131749029400e-03
8.066889632107023544e+01 8.294532094344222873e-07 2.839016647972615104e+00 2.283956113441889813e-01 7.335124650653856992e-01 6.676620829533053657e-03
8.096989966555184992e+01 2.168149088683232097e-07 2.849608363122380084e+00 2.249981199151776801e-01 7.362487051328332477e-01 5.743332479512047554e-03
8.127090301003345019e+01 3.513146605572269278e-08 2.860200078272145063e+00 2.209967839288870251e-01 7.389849452002807961e-01 4.881580618815231642e-03
8.157190635451505045e+01 3.519763901976951588e-09 2.870791793421910043e+00 2.163117439604698433e-01 7.417211852677283446e-01 4.095685100379305513e-03
8.187290969899666493e+01 2.179228835077947516e-10 2.881383508571675023e+00 2.108743128444365567e-01 7.444574253351758930e-01 3.393606365120215278e-03
8.217391304347826519e+01 8.337057411953703086e-12 2.891975223721440003e+00 2.046176894021365933e-01 7.471936654026232194e-01 2.783330094771824595e-03
8.247491638795986546e+01 1.970753527632514087e-13 2.902566938871204982e+00 1.974697567049582825e-01 7.499299054700707678e-01 2.269643654783660893e-03
8.277591973244147994e+01 2.878452098846684252e-15 2.913158654020969962e+00 1.893518784653501763e-01 7.526661455375183163e-01 1.852081453143372648e-03
8.307692307692308020e+01 2.597720223019608301e-17 2.923750369170734942e+00 1.801863838122770567e-01 7.554023856049658647e-01 1.524372371782598814e-03
8.337792642140469468e+01 1.453432450348680867e-19 2.934342084320499922e+00 1.699131527764343452e-01 7.581386256724134132e-01 1.275252504750841757e-03
8.367892976588629494e+01 1.472225972719607238e-19 2.944933799470264901e+00 1.585129006618451186e-01 7.608748657398609616e-01 1.090186059096311328e-03
8.397993311036789521e+01 2.730154214029079555e-17 2.955525514620029881e+00 1.460321908027283344e-01 7.636111058073085101e-01 9.534309859758159774e-04
8.428093645484950969e+01 3.149265325178405280e-15 2.966117229769794861e+00 1.326037081039451171e-01 7.663473458747558364e-01 8.499572382170990760e-04
8.458193979933110995e+01 2.252758873801982558e-13 2.976708944919559841e+00 1.184554973059048777e-01 7.690835859422033849e-01 7.668917445843668329e-04
8.488294314381271022e+01 9.996665594317851145e-12 2.987300660069324376e+00 1.039048459870653002e-01 7.718198260096509333e-01 6.943491624231654417e-04
8.518394648829432469e+01 2.752845301908226793e-10 2.997892375219089356e+00 8.933585164751987884e-02 7.745560660770984818e-01 6.256646223257192286e-04
8.548494983277592496e+01 4.705886426332306589e-09 3.008484090368854336e+00 7.516356970148652117e-02 7.772923061445460302e-01 5.571524965009398570e-04
8.578595317725752523e+01 4.995420701662659665e-08 3.019075805518619315e+00 6.179091156056876893e-02 7.800285462119935787e-01 4.875659635737028411e-04
8.608695652173913970e+01 3.293807342854748966e-07 3.029667520668384295e+00 4.956621778311048887e-02 7.827647862794411271e-01 4.174283562577413135e-04
8.638795986622073997e+01 1.349354777004570497e-06 3.040259235818149275e+00 3.874919747038917811e-02 7.855010263468886755e-01 3.483643801400509348e-04
8.668896321070235444e+01 3.435103901658776074e-06 3.050850950967914255e+00 2.949083427349844314e-02 7.882372664143360019e-01 2.825035744131520555e-04
8.698996655518395471e+01 5.434996586190327198e-06 3.061442666117679234e+00 2.182958343567996048e-02 7.909735064817835504e-01 2.219857183199711417e-04
8.729096989966555498e+01 5.345426664180722788e-06 3.072034381267444214e+00 1.570268609341374591e-02 7.937097465492310988e-01 1.685800911865060613e-04
8.759197324414716945e+01 3.276394516782059692e-06 3.082626096417209194e+00 1.096863194904775136e-02 7.964459866166786473e-01 1.234306821293917108e-04
8.789297658862876972e+01 1.324314120974395727e-06 3.093217811566974174e+00 7.435315295291377788e-03 7.991822266841261957e-01 8.694039107424529806e-05
8.819397993311036998e+01 7.569016387729091146e-07 3.103809526716739153e+00 4.888399707894165898e-03 8.019184667515737441e-01 5.879583462269402492e-05
8.849498327759198446e+01 1.726536010898408969e-06 3.114401241866504133e+00 3.115556334714191054e-03 8.046547068190212926e-01 3.811074358223268582e-05
8.879598662207358473e+01 4.085639404360256351e-06 3.124992957016269113e+00 1.924033431031121292e-03 8.073909468864686190e-01 2.364168821275408481e-05
8.909698996655518499e+01 6.779507370784539179e-06 3.135584672166034093e+00 1.150869925985400014e-03 8.101271869539161674e-01 1.401826695035684637e-05
8.939799331103679947e+01 7.922473242422190109e-06 3.146176387315799072e+00 6.665367510825255092e-04 8.128634270213637159e-01 7.936725536790997540e-06
8.969899665551839973e+01 7.050454749743677723e-06 3.156768102465564052e+00 3.736546611177608617e-04 8.155996670888112643e-01 4.286938699846531792e-06
9.000000000000000000e+01 6.238943577589818362e-06 3.167359817615328588e+00 2.026953739658179986e-04 8.183359071562587017e-01 2.207545586019642714e-06
