0.000000000000000000e+00 1.514480165763717676e-02 6.242367011349697625e-04 2.401879340630816428e-01 1.109289340591734785e-04 1.693841383992609195e+00
3.010033444816053727e-01 1.514246698757876208e-02 1.105374884331760191e-02 2.417446710487930472e-01 1.590486710518878221e-03 1.689059168043905323e+00
6.020066889632107454e-01 1.513599963843587602e-02 2.148326098550023405e-02 2.461789953121850116e-01 3.070044486978582964e-03 1.676407013853261629e+00
9.030100334448161181e-01 1.512722035977749624e-02 3.191277312768286967e-02 2.537445683669364849e-01 4.549602263438287490e-03 1.657075000661116793e+00
1.204013377926421491e+00 1.511973776284930224e-02 4.234228526986549834e-02 2.647973358413193146e-01 6.029160039897992450e-03 1.632832896496278607e+00
1.505016722408026864e+00 1.511941727608142987e-02 5.277179741204812702e-02 2.797265292724891994e-01 7.508717816357697410e-03 1.605805262899773211e+00
1.806020066889632236e+00 1.513443830373794284e-02 6.320130955423076957e-02 2.988873938858743196e-01 8.988275592817401502e-03 1.578211303903100049e+00
2.107023411371237387e+00 1.517469411317699107e-02 7.363082169641339825e-02 3.225501996576383701e-01 1.046783336927710646e-02 1.552109437629894950e+00
2.408026755852842982e+00 1.525055297184486208e-02 8.406033383859602692e-02 3.508738206458501541e-01 1.194739114573681142e-02 1.529184436661916280e+00
2.709030100334448576e+00 1.537128409117577248e-02 9.448984598077865560e-02 3.839055975434825796e-01 1.342694892219651638e-02 1.510605866522959584e+00
3.010033444816053727e+00 1.554362962729272275e-02 1.049193581229612843e-01 4.216030223628311480e-01 1.490650669865622134e-02 1.496971873026991195e+00
3.311036789297658878e+00 1.577098851285079970e-02 1.153488702651439268e-01 4.638666071673500091e-01 1.638606447511592457e-02 1.488335267860880107e+00
3.612040133779264472e+00 1.605346942882964270e-02 1.257783824073265833e-01 5.105677242014571293e-01 1.786562225157562953e-02 1.484293792541450774e+00
3.913043478260870067e+00 1.638875744079202820e-02 1.362078945495092119e-01 5.615528078985523308e-01 1.934518002803533449e-02 1.484117741696237447e+00
4.214046822742474774e+00 1.677345640974187146e-02 1.466374066916918406e-01 6.166093489140579420e-01 2.082473780449503944e-02 1.486888018147821677e+00
4.515050167224080369e+00 1.720443231327055400e-02 1.570669188338744693e-01 6.753909447988365455e-01 2.230429558095474440e-02 1.491624904880376468e+00
4.816053511705685963e+00 1.767973340960091524e-02 1.674964309760570980e-01 7.373159211856170625e-01 2.378385335741444936e-02 1.497397991392849681e+00
5.117056856187291558e+00 1.819885864154154737e-02 1.779259431182397266e-01 8.014708442154472312e-01 2.526341113387415432e-02 1.503415533994161057e+00
5.418060200668897153e+00 1.876238836582690833e-02 1.883554552604223553e-01 8.665594298731138512e-01 2.674296891033385928e-02 1.509093853276315400e+00
5.719063545150501859e+00 1.937118274768244094e-02 1.987849674026049840e-01 9.309332466661238703e-01 2.822252668679356424e-02 1.514104775719018692e+00
6.020066889632107454e+00 2.002543679032398743e-02 2.092144795447876127e-01 9.927214285161998220e-01 2.970208446325326920e-02 1.518395431126448925e+00
6.321070234113713049e+00 2.072385649982319208e-02 2.196439916869702413e-01 1.050045934727003250e+00 3.118164223971297416e-02 1.522174339596066739e+00
6.622073578595317755e+00 2.146312671882827025e-02 2.300735038291528700e-01 1.101275833617052946e+00 3.266120001617267565e-02 1.525862682697064709e+00
6.923076923076923350e+00 2.223772645495973935e-02 2.405030159713354987e-01 1.145251581640756022e+00 3.414075779263238408e-02 1.530018186026248284e+00
7.224080267558528945e+00 2.304004956641033872e-02 2.509325281135181829e-01 1.181410656452191121e+00 3.562031556909208557e-02 1.535246699176225471e+00
7.525083612040134540e+00 2.386072821368996622e-02 2.613620402557008116e-01 1.209774413296931916e+00 3.709987334555179400e-02 1.542119081995405816e+00
7.826086956521740134e+00 2.468904249953052937e-02 2.717915523978834402e-01 1.230805263879074074e+00 3.857943112201149549e-02 1.551107015462593441e+00
8.127090301003345729e+00 2.551333299670886789e-02 2.822210645400660689e-01 1.245193182526685760e+00 4.005898889847120392e-02 1.562543148325342024e+00
8.428093645484949548e+00 2.632140225522880059e-02 2.926505766822486976e-01 1.253656653752533989e+00 4.153854667493090541e-02 1.576602985040172378e+00
8.729096989966555142e+00 2.710096751472128654e-02 3.030800888244313263e-01 1.256830217711890185e+00 4.301810445139061384e-02 1.593301891464445008e+00
9.030100334448160737e+00 2.784026513940458109e-02 3.135096009666139549e-01 1.255263515627778270e+00 4.449766222785031533e-02 1.612501543989731445e+00
9.331103678929766332e+00 2.852886755956697551e-02 3.239391131087965836e-01 1.249499553973715482e+00 4.597722000431002376e-02 1.633924089375307753e+00
9.632107023411371927e+00 2.915864954263432812e-02 3.343686252509792123e-01 1.240163361783294338e+00 4.745677778076972525e-02 1.657175856635745292e+00
9.933110367892977521e+00 2.972467975652648073e-02 3.447981373931618410e-01 1.227994696983471856e+00 4.893633555722942674e-02 1.681783127045660020e+00
1.023411371237458312e+01 3.022570584126566332e-02 3.552276495353444696e-01 1.213795406251126252e+00 5.041589333368913517e-02 1.707239827079501282e+00
1.053511705685618871e+01 3.066393462833573794e-02 3.656571616775270983e-01 1.198310335837864393e+00 5.189545111014883666e-02 1.733062622206744230e+00
1.083612040133779431e+01 3.104401301408761873e-02 3.760866738197097270e-01 1.182094402181959047e+00 5.337500888660854509e-02 1.758845010954370958e+00
1.113712374581939812e+01 3.137142695644375839e-02 3.865161859618923557e-01 1.165423972896791449e+00 5.485456666306824658e-02 1.784300297862557949e+00
1.143812709030100372e+01 3.165081986880357440e-02 3.969456981040749843e-01 1.148291157115213457e+00 5.633412443952795501e-02 1.809284281748678058e+00
1.173913043478260931e+01 3.188484169272030877e-02 4.073752102462576130e-01 1.130487836433908377e+00 5.781368221598765650e-02 1.833791833630345147e+00
1.204013377926421491e+01 3.207399795087801514e-02 4.178047223884402417e-01 1.111755152357379872e+00 5.929323999244736493e-02 1.857926700753951055e+00
1.234113712374582050e+01 3.221760877920041427e-02 4.282342345306229259e-01 1.091951962535179677e+00 6.077279776890706642e-02 1.881850220209590141e+00
1.264214046822742610e+01 3.231554779878188788e-02 4.386637466728055545e-01 1.071187520864736564e+00 6.225235554536677485e-02 1.905721083819450934e+00
1.294314381270903169e+01 3.237008827014636186e-02 4.490932588149881832e-01 1.049872957121902539e+00 6.373191332182648328e-02 1.929642960309045474e+00
1.324414715719063551e+01 3.238708353930990630e-02 4.595227709571708119e-01 1.028673041992572923e+00 6.521147109828617783e-02 1.953637164452671993e+00
1.354515050167224111e+01 3.237590235613729828e-02 4.699522830993534406e-01 1.008376363726489089e+00 6.669102887474588626e-02 1.977651769933963077e+00
1.384615384615384670e+01 3.234796778898388347e-02 4.803817952415360693e-01 9.897326673076369818e-01 6.817058665120559469e-02 2.001606872016604033e+00
1.414715719063545230e+01 3.231426178588753251e-02 4.908113073837186979e-01 9.733146577020421741e-01 6.965014442766530312e-02 2.025461473813251256e+00
1.444816053511705789e+01 3.228256865630967781e-02 5.012408195259013821e-01 9.594426929671232562e-01 7.112970220412499767e-02 2.049276389889918004e+00
1.474916387959866348e+01 3.225538142229066041e-02 5.116703316680839553e-01 9.481754396705159849e-01 7.260925998058470610e-02 2.073245232782539027e+00
1.505016722408026908e+01 3.222921674797397246e-02 5.220998438102666395e-01 9.393392850637427571e-01 7.408881775704441452e-02 2.097674467767109530e+00
1.535117056856187467e+01 3.219563129955435588e-02 5.325293559524492126e-01 9.325621238764961740e-01 7.556837553350410908e-02 2.122911239713752174e+00
1.565217391304348027e+01 3.214366732822136058e-02 5.429588680946318968e-01 9.272951013527745978e-01 7.704793330996381751e-02 2.149237422123296604e+00
1.595317725752508409e+01 3.206298602629035349e-02 5.533883802368144700e-01 9.228337992372073195e-01 7.852749108642352593e-02 2.176762036885034224e+00
1.625418060200669146e+01 3.194674133834145974e-02 5.638178923789971542e-01 9.183668829016310431e-01 8.000704886288323436e-02 2.205346334954111587e+00
1.655518394648829528e+01 3.179336314368495092e-02 5.742474045211797273e-01 9.130730539353799635e-01 8.148660663934292891e-02 2.234586058784173712e+00
1.685618729096989910e+01 3.160679110827192134e-02 5.846769166633624115e-01 9.062607525160564226e-01 8.296616441580263734e-02 2.263858404629424115e+00
1.715719063545150647e+01 3.139518039863432169e-02 5.951064288055449847e-01 8.975162040361351901e-01 8.444572219226234577e-02 2.292424007882778003e+00
1.745819397993311028e+01 3.116852801627116587e-02 6.055359409477276689e-01 8.868110243911364599e-01 8.592527996872205420e-02 2.319562703263274628e+00
1.775919732441471766e+01 3.093593141320333598e-02 6.159654530899102420e-01 8.745276737821431334e-01 8.740483774518174875e-02 2.344717984752977991e+00
1.806020066889632147e+01 3.070324423524206994e-02 6.263949652320929262e-01 8.613849751587969727e-01 8.888439552164145718e-02 2.367627291137594625e+00
1.836120401337792885e+01 3.047174648012607179e-02 6.368244773742754994e-01 8.482759451016419483e-01 9.036395329810116561e-02 2.388419843836529388e+00
1.866220735785953266e+01 3.023814172500102065e-02 6.472539895164581836e-01 8.360559999042326274e-01 9.184351107456087404e-02 2.407667816945807893e+00
1.896321070234114003e+01 2.999580536193943714e-02 6.576835016586407567e-01 8.253345022779423612e-01 9.332306885102056859e-02 2.426379541309668930e+00
1.926421404682274385e+01 2.973683959345008523e-02 6.681130138008234409e-01 8.163234712521886260e-01 9.480262662748027702e-02 2.445926970340797979e+00
1.956521739130434767e+01 2.945426498639205914e-02 6.785425259430061251e-01 8.087838035659453695e-01 9.628218440393998545e-02 2.467906306113286874e+00
1.986622073578595504e+01 2.914368806519399696e-02 6.889720380851886983e-01 8.020842624305133395e-01 9.776174218039968000e-02 2.493941847229341757e+00
2.016722408026755886e+01 2.880403725370834708e-02 6.994015502273713825e-01 7.953578122004345552e-01 9.924129995685938843e-02 2.525457504473383796e+00
2.046822742474916623e+01 2.843735067938580816e-02 7.098310623695539556e-01 7.877121492922818380e-01 1.007208577333190969e-01 2.563453960733093506e+00
2.076923076923077005e+01 2.804794973517639109e-02 7.202605745117366398e-01 7.784352891260825080e-01 1.022004155097788053e-01 2.608336442207707773e+00
2.107023411371237742e+01 2.764148000881488584e-02 7.306900866539192130e-01 7.671389146689956418e-01 1.036799732862384998e-01 2.659833497426604687e+00
2.137123745819398124e+01 2.722419352811247459e-02 7.411195987961018972e-01 7.538026297441379198e-01 1.051595310626982083e-01 2.717029333903933530e+00
2.167224080267558861e+01 2.680257031967944736e-02 7.515491109382844703e-01 7.387153682508539321e-01 1.066390888391579167e-01 2.778504622367671040e+00
2.197324414715719243e+01 2.638310655946575489e-02 7.619786230804671545e-01 7.223444821578145492e-01 1.081186466156176251e-01 2.842551822339771217e+00
2.227424749163879625e+01 2.597198711970218066e-02 7.724081352226497277e-01 7.051853822009285233e-01 1.095982043920773197e-01 2.907411893004614001e+00
2.257525083612040362e+01 2.557446218113530040e-02 7.828376473648324119e-01 6.876460896802788492e-01 1.110777621685370281e-01 2.971478115525684860e+00
2.287625418060200744e+01 2.519398478976205349e-02 7.932671595070149850e-01 6.700014113173812236e-01 1.125573199449967365e-01 3.033430940378072371e+00
2.317725752508361481e+01 2.483139069518397815e-02 8.036966716491976692e-01 6.524196392176279113e-01 1.140368777214564450e-01 3.092297784453845289e+00
2.347826086956521863e+01 2.448448207102502105e-02 8.141261837913802424e-01 6.350347962240880939e-01 1.155164354979161395e-01 3.147460124692833983e+00
2.377926421404682600e+01 2.414826740453539927e-02 8.245556959335629266e-01 6.180220274427732363e-01 1.169959932743758479e-01 3.198644139360161454e+00
2.408026755852842982e+01 2.381586701313711044e-02 8.349852080757454997e-01 6.016380119199810084e-01 1.184755510508355564e-01 3.245924682688235752e+00
2.438127090301003363e+01 2.347983666165154304e-02 8.454147202179281839e-01 5.862082301804039108e-01 1.199551088272952509e-01 3.289749798903901734e+00
2.468227424749164101e+01 2.313350944614002772e-02 8.558442323601108681e-01 5.720680106125931585e-01 1.214346666037549594e-01 3.330966355450459382e+00
2.498327759197324482e+01 2.277197194402711192e-02 8.662737445022934413e-01 5.594830463676105925e-01 1.229142243802146678e-01 3.370810343687295152e+00
2.528428093645485220e+01 2.239246005227854205e-02 8.767032566444761255e-01 5.485807147850606524e-01 1.243937821566743762e-01 3.410826571753613035e+00
2.558528428093645601e+01 2.199420401833540595e-02 8.871327687866586986e-01 5.393162463791354444e-01 1.258733399331340708e-01 3.452701915749938344e+00
2.588628762541806339e+01 2.157796583831106743e-02 8.975622809288413828e-01 5.314831153995988045e-01 1.273528977095937931e-01 3.498026324575684409e+00
2.618729096989966720e+01 2.114560833761403372e-02 9.079917930710239560e-01 5.247618375187581563e-01 1.288324554860534876e-01 3.548024925499591031e+00
2.648829431438127102e+01 2.069997761359320884e-02 9.184213052132066402e-01 5.187905786741932035e-01 1.303120132625131822e-01 3.603322235462546708e+00
2.678929765886287839e+01 2.024519515720590510e-02 9.288508173553892133e-01 5.132366960209365780e-01 1.317915710389729045e-01 3.663799260611659392e+00
2.709030100334448221e+01 1.978721915769403317e-02 9.392803294975718975e-01 5.078506908235109751e-01 1.332711288154325990e-01 3.728585499202712761e+00
2.739130434782608958e+01 1.933434275645606881e-02 9.497098416397544707e-01 5.024919142001122996e-01 1.347506865918922936e-01 3.796195515494144690e+00
2.769230769230769340e+01 1.889723051031788614e-02 9.601393537819371549e-01 4.971259932087944700e-01 1.362302443683520159e-01 3.864783119122162436e+00
2.799331103678930077e+01 1.848818712497844741e-02 9.705688659241197280e-01 4.918029568948077968e-01 1.377098021448117104e-01 3.932456446736621647e+00
2.829431438127090459e+01 1.811958070302354881e-02 9.809983780663024122e-01 4.866281744663851216e-01 1.391893599212714328e-01 3.997584006090098452e+00
2.859531772575251196e+01 1.780163386318239782e-02 9.914278902084849854e-01 4.817343375452364240e-01 1.406689176977311273e-01 4.059029369869636916e+00
2.889632107023411578e+01 1.754005485656661562e-02 1.001857402350667670e+00 4.772553770519734062e-01 1.421484754741908219e-01 4.116277519576035715e+00
2.919732441471571960e+01 1.733412039758701687e-02 1.012286914492850132e+00 4.732985202060971952e-01 1.436280332506505442e-01 4.169448760580556801e+00
2.949832775919732697e+01 1.717579014050028829e-02 1.022716426635032816e+00 4.699126111269646411e-01 1.451075910271102387e-01 4.219223654644687294e+00
2.979933110367893079e+01 1.705022678174866052e-02 1.033145938777215500e+00 4.670577036049184949e-01 1.465871488035699333e-01 4.266714485285977077e+00
3.010033444816053816e+01 1.693776383239315592e-02 1.043575450919398184e+00 4.645867511300446062e-01 1.480667065800296556e-01 4.313313186404916344e+00
3.040133779264214198e+01 1.681699306949963058e-02 1.054004963061580646e+00 4.622495678056502966e-01 1.495462643564893501e-01 4.360529271671756746e+00
3.070234113712374935e+01 1.666834038540625576e-02 1.064434475203763331e+00 4.597218604292567790e-01 1.510258221329490447e-01 4.409816388845987589e+00
3.100334448160535317e+01 1.647735333596954052e-02 1.074863987345946015e+00 4.566529059876265895e-01 1.525053799094087670e-01 4.462383608599876261e+00
3.130434782608696054e+01 1.623698297497193355e-02 1.085293499488128699e+00 4.527200012705762666e-01 1.539849376858684615e-01 4.519000581798215954e+00
3.160535117056856436e+01 1.594839043547426755e-02 1.095723011630311161e+00 4.476780268628769988e-01 1.554644954623281838e-01 4.579827330107324457e+00
3.190635451505016817e+01 1.562016961652868546e-02 1.106152523772493845e+00 4.413958934517031030e-01 1.569440532387878784e-01 4.644316094840440279e+00
3.220735785953177555e+01 1.526624327773712028e-02 1.116582035914676529e+00 4.338748189602365524e-01 1.584236110152475729e-01 4.711231619617210598e+00
3.250836120401338292e+01 1.490296019379503713e-02 1.127011548056859214e+00 4.252453404022054628e-01 1.599031687917072952e-01 4.778812964175262579e+00
3.280936454849498318e+01 1.454603654942872824e-02 1.137441060199041676e+00 4.157423399073243986e-01 1.613827265681669898e-01 4.845061159731876899e+00
3.311036789297659055e+01 1.420794074393563929e-02 1.147870572341224360e+00 4.056616315905021697e-01 1.628622843446266844e-01 4.908097582599897812e+00
3.341137123745819792e+01 1.389615629139293908e-02 1.158300084483407044e+00 3.953068099407189839e-01 1.643418421210864067e-01 4.966513463439624410e+00
3.371237458193979819e+01 1.361253138253683444e-02 1.168729596625589728e+00 3.849383187629205616e-01 1.658213998975461012e-01 5.019630442734567488e+00
3.401337792642140556e+01 1.335369259426261515e-02 1.179159108767772413e+00 3.747361424181374634e-01 1.673009576740057958e-01 5.067614454081808439e+00
3.431438127090301293e+01 1.311230802873055400e-02 1.189588620909954875e+00 3.647836325381819123e-01 1.687805154504655181e-01 5.111421261277451222e+00
3.461538461538462030e+01 1.287886154890013207e-02 1.200018133052137559e+00 3.550747076705514371e-01 1.702600732269252126e-01 5.152589722283339668e+00
3.491638795986622057e+01 1.264356051201708658e-02 1.210447645194320243e+00 3.455415366412999956e-01 1.717396310033849349e-01 5.192928806973530875e+00
3.521739130434782794e+01 1.239804313204459843e-02 1.220877157336502927e+00 3.360954030232287670e-01 1.732191887798446295e-01 5.234161902201358352e+00
3.551839464882943531e+01 1.213665648282760169e-02 1.231306669478685389e+00 3.266702330606977567e-01 1.746987465563043240e-01 5.277596361416390103e+00
3.581939799331104268e+01 1.185720345594698695e-02 1.241736181620868074e+00 3.172572773795098722e-01 1.761783043327640463e-01 5.323878796761755794e+00
3.612040133779264295e+01 1.156116466450034068e-02 1.252165693763050758e+00 3.079214979077535830e-01 1.776578621092237409e-01 5.372878977729911298e+00
3.642140468227425032e+01 1.125346190502611414e-02 1.262595205905233442e+00 2.987948594834311522e-01 1.791374198856834354e-01 5.423719948105675037e+00
3.672240802675585769e+01 1.094184221627925342e-02 1.273024718047415904e+00 2.900473235975390973e-01 1.806169776621431577e-01 5.474943493936074823e+00
3.702341137123745796e+01 1.063594891366436909e-02 1.283454230189598588e+00 2.818414105889900378e-01 1.820965354386028523e-01 5.524774547481144715e+00
3.732441471571906533e+01 1.034614092723673377e-02 1.293883742331781272e+00 2.742802902714425728e-01 1.835760932150625746e-01 5.571431552381034713e+00
3.762541806020067270e+01 1.008214769489819071e-02 1.304313254473963957e+00 2.673623825752696193e-01 1.850556509915222692e-01 5.613425525900930246e+00
3.792642140468228007e+01 9.851704291851373987e-03 1.314742766616146419e+00 2.609563783520066349e-01 1.865352087679819637e-01 5.649797524024738671e+00
3.822742474916388034e+01 9.659375861687217665e-03 1.325172278758329103e+00 2.548075348618729086e-01 1.880147665444416860e-01 5.680258076496236264e+00
3.852842809364548771e+01 9.505811837932628960e-03 1.335601790900511787e+00 2.485781366048671337e-01 1.894943243209013806e-01 5.705208072421117826e+00
3.882943143812709508e+01 9.387632064520501710e-03 1.346031303042694471e+00 2.419140475385625766e-01 1.909738820973610751e-01 5.725636042714310925e+00
3.913043478260869534e+01 9.298025795012234557e-03 1.356460815184877156e+00 2.345198138599089155e-01 1.924534398738207974e-01 5.742902343414892918e+00
3.943143812709030271e+01 9.227965687342336992e-03 1.366890327327059618e+00 2.262213621794271212e-01 1.939329976502804920e-01 5.758438062022570136e+00
3.973244147157191009e+01 9.167762911846021739e-03 1.377319839469242302e+00 2.169997376327758021e-01 1.954125554267401865e-01 5.773405253204032306e+00
4.003344481605351746e+01 9.108589482484287167e-03 1.387749351611424986e+00 2.069895156543620218e-01 1.968921132031999088e-01 5.788381190416242994e+00
4.033444816053511772e+01 9.043619277977001797e-03 1.398178863753607670e+00 1.964469971534161807e-01 1.983716709796596034e-01 5.803135551669075021e+00
4.063545150501672509e+01 8.968585141000766023e-03 1.408608375895790132e+00 1.857014389111523167e-01 1.998512287561193257e-01 5.816559239093108680e+00
4.093645484949833246e+01 8.881753069249848087e-03 1.419037888037972817e+00 1.751046014753656899e-01 2.013307865325790202e-01 5.826775020441613329e+00
4.123745819397993273e+01 8.783484794697541537e-03 1.429467400180155501e+00 1.649898331438519328e-01 2.028103443090387148e-01 5.831418738462011753e+00
4.153846153846154010e+01 8.675626755783569927e-03 1.439896912322338185e+00 1.556444625908008916e-01 2.042899020854984371e-01 5.828037108779133391e+00
4.183946488294314747e+01 8.560915750433380905e-03 1.450326424464520647e+00 1.472926273817947163e-01 2.057694598619581317e-01 5.814517906659615321e+00
4.214046822742475484e+01 8.442480953316988321e-03 1.460755936606703331e+00 1.400832816923981983e-01 2.072490176384178262e-01 5.789460981757014402e+00
4.244147157190635511e+01 8.323427291863319533e-03 1.471185448748886015e+00 1.340806117503277606e-01 2.087285754148775485e-01 5.752416509199812289e+00
4.274247491638796248e+01 8.206461939780767059e-03 1.481614960891068700e+00 1.292587438997062910e-01 2.102081331913372431e-01 5.703953550916817328e+00
4.304347826086956985e+01 8.093573040483241499e-03 1.492044473033251162e+00 1.255053914736216358e-01 2.116876909677969654e-01 5.645564280949054492e+00
4.334448160535117722e+01 7.985835428374422895e-03 1.502473985175433846e+00 1.226375754646261418e-01 2.131672487442566599e-01 5.579443020100931960e+00
4.364548494983277749e+01 7.883436778250599991e-03 1.512903497317616530e+00 1.204278294898182278e-01 2.146468065207163545e-01 5.508195190587978018e+00
4.394648829431438486e+01 7.785956889081793557e-03 1.523333009459799214e+00 1.186348632530126734e-01 2.161263642971760768e-01 5.434528377782934072e+00
4.424749163879599223e+01 7.692816904021695934e-03 1.533762521601981899e+00 1.170316074438760429e-01 2.176059220736357713e-01 5.360962697419586753e+00
4.454849498327759250e+01 7.603711683587161679e-03 1.544192033744164361e+00 1.154262646603439468e-01 2.190854798500954659e-01 5.289581240039370691e+00
4.484949832775919987e+01 7.518816341114202204e-03 1.554621545886347045e+00 1.136760495684646100e-01 2.205650376265551882e-01 5.221832194117461690e+00
4.515050167224080724e+01 7.438643604102113810e-03 1.565051058028529729e+00 1.116956195156632442e-01 2.220445954030148827e-01 5.158394652550226667e+00
4.545150501672241461e+01 7.363587046226928966e-03 1.575480570170712413e+00 1.094613882214159895e-01 2.235241531794745773e-01 5.099125241477177717e+00
4.575250836120401488e+01 7.293337767733161330e-03 1.585910082312894875e+00 1.070102652534856702e-01 2.250037109559342996e-01 5.043103906193860730e+00
4.605351170568562225e+01 7.226431326200810461e-03 1.596339594455077560e+00 1.044297354534279715e-01 2.264832687323939941e-01 4.988787557711669152e+00
4.635451505016722962e+01 7.160134844668480415e-03 1.606769106597260244e+00 1.018377545997275202e-01 2.279628265088537165e-01 4.934259379914872845e+00
4.665551839464882988e+01 7.090749154452610781e-03 1.617198618739442928e+00 9.935538895288550942e-02 2.294423842853134110e-01 4.877536355315520211e+00
4.695652173913043725e+01 7.014246203382064684e-03 1.627628130881625390e+00 9.707972829101056689e-02 2.309219420617731056e-01 4.816878860574496990e+00
4.725752508361204463e+01 6.927055973976414815e-03 1.638057643023808074e+00 9.506605083307008430e-02 2.324014998382328279e-01 4.751042955216377983e+00
4.755852842809365200e+01 6.826792329690229040e-03 1.648487155165990758e+00 9.332502084341602611e-02 2.338810576146925224e-01 4.679430374463047215e+00
4.785953177257525226e+01 6.712751589881916191e-03 1.658916667308173443e+00 9.183431430579012955e-02 2.353606153911522170e-01 4.602117499061797901e+00
4.816053511705685963e+01 6.586093269236106829e-03 1.669346179450355905e+00 9.055799185159187081e-02 2.368401731676119393e-01 4.519772341973964380e+00
4.846153846153846700e+01 6.449684146736747552e-03 1.679775691592538589e+00 8.946444005557467605e-02 2.383197309440716338e-01 4.433488376771544281e+00
4.876254180602006727e+01 6.307640853298237399e-03 1.690205203734721273e+00 8.853581778696491267e-02 2.397992887205313284e-01 4.344571728129495547e+00
4.906354515050167464e+01 6.164648566314242031e-03 1.700634715876903957e+00 8.776701907923667445e-02 2.412788464969910507e-01 4.254316141354186342e+00
4.936454849498328201e+01 6.025174160580148465e-03 1.711064228019086642e+00 8.715708352019159444e-02 2.427584042734507452e-01 4.163794239674698083e+00
4.966555183946488938e+01 5.892729026123366687e-03 1.721493740161269104e+00 8.669817704512078338e-02 2.442379620499104675e-01 4.073689129281043542e+00
4.996655518394648965e+01 5.769351120757308486e-03 1.731923252303451788e+00 8.636620874297332162e-02 2.457175198263701621e-01 3.984188617905057406e+00
5.026755852842809702e+01 5.655443630800187707e-03 1.742352764445634472e+00 8.611449883050108223e-02 2.471970776028298566e-01 3.894962001123644324e+00
5.056856187290970439e+01 5.550018365165236035e-03 1.752782276587817156e+00 8.587018054191282446e-02 2.486766353792895790e-01 3.805231718092501492e+00
5.086956521739130466e+01 5.451263695375343707e-03 1.763211788729999618e+00 8.553363713294293014e-02 2.501561931557492735e-01 3.713936591517448260e+00
5.117056856187291203e+01 5.357236033883744364e-03 1.773641300872182303e+00 8.498339912336512481e-02 2.516357509322089681e-01 3.619962070304693302e+00
5.147157190635451940e+01 5.266417366454713596e-03 1.784070813014364987e+00 8.408996461671930378e-02 2.531153087086686626e-01 3.522392644409090057e+00
5.177257525083612677e+01 5.177926866116841671e-03 1.794500325156547671e+00 8.273968749923349408e-02 2.545948664851284127e-01 3.420730691849656502e+00
5.207357859531772704e+01 5.091315546361544452e-03 1.804929837298730133e+00 8.086439161832370548e-02 2.560744242615881072e-01 3.315030261098312447e+00
5.237458193979933441e+01 5.006054232040507701e-03 1.815359349440912817e+00 7.846680027940246271e-02 2.575539820380478018e-01 3.205914122340127737e+00
5.267558528428094178e+01 4.920966097651118670e-03 1.825788861583095501e+00 7.563033503948883574e-02 2.590335398145074963e-01 3.094472453745523044e+00
5.297658862876254204e+01 4.833889017155139356e-03 1.836218373725278186e+00 7.250648572651537116e-02 2.605130975909671909e-01 2.982072562377705793e+00
5.327759197324414941e+01 4.741762494886466936e-03 1.846647885867460870e+00 6.928208292448732875e-02 2.619926553674268854e-01 2.870131401964644002e+00
5.357859531772575679e+01 4.641160201560884380e-03 1.857077398009643332e+00 6.613763422407364923e-02 2.634722131438866355e-01 2.759909490384315767e+00
5.387959866220736416e+01 4.529110270685351124e-03 1.867506910151826016e+00 6.321156416244302911e-02 2.649517709203463300e-01 2.652374295822569117e+00
5.418060200668896442e+01 4.403936655287419601e-03 1.877936422294008700e+00 6.058189535299820377e-02 2.664313286968060246e-01 2.548156941450161916e+00
5.448160535117057179e+01 4.265853177640333872e-03 1.888365934436191385e+00 5.826879540314468253e-02 2.679108864732657191e-01 2.447596222746458494e+00
5.478260869565217916e+01 4.117134889737755418e-03 1.898795446578373847e+00 5.625297173105425069e-02 2.693904442497254137e-01 2.350838220618086449e+00
5.508361204013378654e+01 3.961830765256349994e-03 1.909224958720556531e+00 5.449999360067370874e-02 2.708700020261851638e-01 2.257946407509423992e+00
5.538461538461538680e+01 3.805111253749789320e-03 1.919654470862739215e+00 5.298051664308234265e-02 2.723495598026448583e-01 2.168979787652125513e+00
5.568561872909699417e+01 3.652423980750725552e-03 1.930083983004921899e+00 5.167980600788456280e-02 2.738291175791045529e-01 2.084013299455487189e+00
5.598662207357860154e+01 3.508648328419587160e-03 1.940513495147104361e+00 5.059466935419260764e-02 2.753086753555642474e-01 2.003098772220944568e+00
5.628762541806020181e+01 3.377406293777305765e-03 1.950943007289287046e+00 4.972025561324802667e-02 2.767882331320239420e-01 1.926187582038452195e+00
5.658862876254180918e+01 3.260627182684935638e-03 1.961372519431469730e+00 4.903242612379880849e-02 2.782677909084836920e-01 1.853050449582265502e+00
5.688963210702341655e+01 3.158401989078477457e-03 1.971802031573652414e+00 4.847317705992497394e-02 2.797473486849433866e-01 1.783231672173837934e+00
5.719063545150502392e+01 3.069115594579109336e-03 1.982231543715834876e+00 4.794628787134144060e-02 2.812269064614030811e-01 1.716064641425641746e+00
5.749163879598662419e+01 2.989814697307031921e-03 1.992661055858017560e+00 4.732743502983504519e-02 2.827064642378627757e-01 1.650756268453281050e+00
5.779264214046823156e+01 2.916750359883623842e-03 2.003090568000200467e+00 4.648778052423847840e-02 2.841860220143224702e-01 1.586525507895845788e+00
5.809364548494983893e+01 2.846017632567650335e-03 2.013520080142382707e+00 4.532426624449481523e-02 2.856655797907821648e-01 1.522761926032964785e+00
5.839464882943143920e+01 2.774198033987473281e-03 2.023949592284565391e+00 4.378615186503676676e-02 2.871451375672419148e-01 1.459160096595604417e+00
5.869565217391304657e+01 2.698900190767773710e-03 2.034379104426748075e+00 4.188784524425226419e-02 2.886246953437016094e-01 1.395788469141089339e+00
5.899665551839465394e+01 2.619101228503754528e-03 2.044808616568930759e+00 3.970302422187158009e-02 2.901042531201613039e-01 1.333067684219295224e+00
5.929765886287626131e+01 2.535224139778833024e-03 2.055238128711113443e+00 3.734239040834465284e-02 2.915838108966209985e-01 1.271659129225997997e+00
5.959866220735786158e+01 2.448940362884231055e-03 2.065667640853296128e+00 3.492373024794225012e-02 2.930633686730806930e-01 1.212291964839501190e+00
5.989966555183946895e+01 2.362746641503372762e-03 2.076097152995478812e+00 3.254530936117063650e-02 2.945429264495404431e-01 1.155576485301475609e+00
6.020066889632107632e+01 2.279411562415826001e-03 2.086526665137661496e+00 3.027105248839236790e-02 2.960224842260001377e-01 1.101856107864111145e+00
6.050167224080267658e+01 2.201406999171658975e-03 2.096956177279843736e+00 2.813005311073431963e-02 2.975020420024598322e-01 1.051137418964267489e+00
6.080267558528428395e+01 2.130431939675694365e-03 2.107385689422026420e+00 2.612687595717023276e-02 2.989815997789195268e-01 1.003112049734960154e+00
6.110367892976589133e+01 2.067109431272665283e-03 2.117815201564209104e+00 2.425575139976941796e-02 3.004611575553792213e-01 9.572552633604880512e-01
6.140468227424749870e+01 2.010902479971981172e-03 2.128244713706391789e+00 2.251215974182811316e-02 3.019407153318389159e-01 9.129646463096927622e-01
6.170568561872909896e+01 1.960258119695046722e-03 2.138674225848574473e+00 2.089835904725865015e-02 3.034202731082986659e-01 8.696953834834266761e-01
6.200668896321070633e+01 1.912951347256015584e-03 2.149103737990757157e+00 1.942290647093205050e-02 3.048998308847583605e-01 8.270570845589267917e-01
6.230769230769231370e+01 1.866561984767702367e-03 2.159533250132939841e+00 1.809637574056743164e-02 3.063793886612180550e-01 7.848556314287137292e-01
6.260869565217392108e+01 1.818982711494011514e-03 2.169962762275122525e+00 1.692585110804994269e-02 3.078589464376777496e-01 7.430834566163233568e-01
6.290969899665552134e+01 1.768837747255446423e-03 2.180392274417305210e+00 1.591009830747898771e-02 3.093385042141374441e-01 7.018754359986819624e-01
6.321070234113712871e+01 1.715703548991503145e-03 2.190821786559487450e+00 1.503652916729421828e-02 3.108180619905971942e-01 6.614516897620671410e-01
6.351170568561873608e+01 1.660072134507045759e-03 2.201251298701670134e+00 1.428061448412326802e-02 3.122976197670568888e-01 6.220643230328201101e-01
6.381270903010033635e+01 1.603074358071947215e-03 2.211680810843852818e+00 1.360807900450713634e-02 3.137771775435165833e-01 5.839568722973469406e-01
6.411371237458195083e+01 1.546057901672633680e-03 2.222110322986035502e+00 1.297970087543458099e-02 3.152567353199762779e-01 5.473376399657023939e-01
6.441471571906355109e+01 1.490160419921993801e-03 2.232539835128218186e+00 1.235779804119063220e-02 3.167362930964359724e-01 5.123639957564076752e-01
6.471571906354515136e+01 1.436011097327758758e-03 2.242969347270400871e+00 1.171282691041642711e-02 3.182158508728956670e-01 4.791343371079824776e-01
6.501672240802676583e+01 1.383636968194571328e-03 2.253398859412583555e+00 1.102832427985703766e-02 3.196954086493554170e-01 4.476861596184715797e-01
6.531772575250836610e+01 1.332570550222181554e-03 2.263828371554766239e+00 1.030284750228855489e-02 3.211749664258151116e-01 4.180005672005823181e-01
6.561872909698996637e+01 1.282088739336394861e-03 2.274257883696948479e+00 9.548465223500056040e-03 3.226545242022748061e-01 3.900141554653995812e-01
6.591973244147158084e+01 1.231485219886586198e-03 2.284687395839131163e+00 8.786394511030531582e-03 3.241340819787345007e-01 3.636381665094274851e-01
6.622073578595318111e+01 1.180292847419050833e-03 2.295116907981313847e+00 8.041214573005939226e-03 3.256136397551941952e-01 3.387826335176719050e-01
6.652173913043478137e+01 1.128410996650634464e-03 2.305546420123496532e+00 7.335428640482479293e-03 3.270931975316539453e-01 3.153808679490248679e-01
6.682274247491639585e+01 1.076131490070121556e-03 2.315975932265679216e+00 6.685857356206605789e-03 3.285727553081136398e-01 2.934081453207205148e-01
6.712374581939799612e+01 1.024079704557750905e-03 2.326405444407861900e+00 6.102524390279165552e-03 3.300523130845733344e-01 2.728886696870143069e-01
6.742474916387959638e+01 9.730941239644643219e-04 2.336834956550044584e+00 5.589687496071846229e-03 3.315318708610330289e-01 2.538872076958788027e-01
6.772575250836121086e+01 9.240675754384401579e-04 2.347264468692227268e+00 5.147937548188336737e-03 3.330114286374927235e-01 2.364858199858378418e-01
6.802675585284281112e+01 8.777759964830656771e-04 2.357693980834409953e+00 4.776138452043084473e-03 3.344909864139524180e-01 2.207507454207613962e-01
6.832775919732442560e+01 8.347271398817441602e-04 2.368123492976592193e+00 4.472371118611713492e-03 3.359705441904121681e-01 2.066980959667034934e-01
6.862876254180602587e+01 7.950654643155419254e-04 2.378553005118774877e+00 4.233665343923135801e-03 3.374501019668718627e-01 1.942681141659011734e-01
6.892976588628762613e+01 7.585623276683843477e-04 2.388982517260957561e+00 4.054848626853512460e-03 3.389296597433315572e-01 1.833156687101658022e-01
6.923076923076924061e+01 7.246997944096906803e-04 2.399412029403140245e+00 3.927200192776066426e-03 3.404092175197912518e-01 1.736199726782744479e-01
6.953177257525084087e+01 6.928275632733605976e-04 2.409841541545322929e+00 3.837786049005669029e-03 3.418887752962509463e-01 1.649108345268639197e-01
6.983277591973244114e+01 6.623470818215151457e-04 2.420271053687505614e+00 3.770306234317800584e-03 3.433683330727106964e-01 1.569041382786635075e-01
7.013377926421405562e+01 6.328660617381889376e-04 2.430700565829688298e+00 3.707842592720640620e-03 3.448478908491703909e-01 1.493372840975313587e-01
7.043478260869565588e+01 6.042759542918067469e-04 2.441130077971870982e+00 3.637018371996975433e-03 3.463274486256300855e-01 1.419964823542366750e-01
7.073578595317725615e+01 5.767318447859869643e-04 2.451559590114053222e+00 3.552108164723712536e-03 3.478070064020897800e-01 1.347313279335694558e-01
7.103678929765887062e+01 5.505487051968909959e-04 2.461989102256235906e+00 3.457192065928280621e-03 3.492865641785494746e-01 1.274564248181760395e-01
7.133779264214047089e+01 5.260566637058309691e-04 2.472418614398418590e+00 3.364992536774487949e-03 3.507661219550092246e-01 1.201433450992606816e-01
7.163879598662208537e+01 5.034697304112005847e-04 2.482848126540601275e+00 3.292430364387599791e-03 3.522456797314689192e-01 1.128078389120821257e-01
7.193979933110368563e+01 4.828131483397569415e-04 2.493277638682783959e+00 3.254454211282562567e-03 3.537252375079286137e-01 1.054968076941315003e-01
7.224080267558528590e+01 4.639290799543196639e-04 2.503707150824966643e+00 3.258486354076030756e-03 3.552047952843883083e-01 9.827774404517086726e-02
7.254180602006690037e+01 4.465501777927488244e-04 2.514136662967149327e+00 3.301493119778809229e-03 3.566843530608480028e-01 9.123114156774222994e-02
7.284280936454850064e+01 4.304081924075903653e-04 2.524566175109332011e+00 3.370511448960373298e-03 3.581639108373076974e-01 8.444471801955845403e-02
7.314381270903010090e+01 4.153376595914997976e-04 2.534995687251514696e+00 3.446121979029550478e-03 3.596434686137674475e-01 7.800769187003911420e-02
7.344481605351171538e+01 4.013425222110899161e-04 2.545425199393696936e+00 3.507454782979334707e-03 3.611230263902271420e-01 7.200381015810045082e-02
7.374581939799331565e+01 3.886095858746052784e-04 2.555854711535879620e+00 3.537071018625528775e-03 3.626025841666868366e-01 6.650294905333167805e-02
7.404682274247491591e+01 3.774686688152600628e-04 2.566284223678062304e+00 3.524367947231274358e-03 3.640821419431465311e-01 6.155233343203168894e-02
7.434782608695653039e+01 3.683100078280950539e-04 2.576713735820244988e+00 3.466772692838753726e-03 3.655616997196062257e-01 5.716924785426196615e-02
7.464882943143813065e+01 3.614748019805445571e-04 2.587143247962427672e+00 3.368722387413565413e-03 3.670412574960659757e-01 5.333725282210191598e-02
7.494983277591973092e+01 3.571378913099354101e-04 2.597572760104610357e+00 3.239102623675427922e-03 3.685208152725256703e-01 5.000734735860640212e-02
7.525083612040134540e+01 3.552051239690778807e-04 2.608002272246793041e+00 3.088232522001487391e-03 3.700003730489853648e-01 4.710441766148013021e-02
7.555183946488294566e+01 3.552510729945200464e-04 2.618431784388975725e+00 2.925463266351518207e-03 3.714799308254450594e-01 4.453800756484452977e-02
7.585284280936456014e+01 3.565211123758140008e-04 2.628861296531157965e+00 2.757984948495449933e-03 3.729594886019047539e-01 4.221532197306035461e-02
7.615384615384616041e+01 3.580110621615519863e-04 2.639290808673340649e+00 2.590756528165831865e-03 3.744390463783644485e-01 4.005377624527984431e-02
7.645484949832776067e+01 3.586175028584862273e-04 2.649720320815523333e+00 2.426974731995385891e-03 3.759186041548241985e-01 3.799053954373170228e-02
7.675585284280937515e+01 3.573285335669729580e-04 2.660149832957706018e+00 2.268457954872447804e-03 3.773981619312838931e-01 3.598736232688877490e-02
7.705685618729097541e+01 3.534083298613305670e-04 2.670579345099888702e+00 2.115707217027763473e-03 3.788777197077435877e-01 3.403024527998131654e-02
7.735785953177257568e+01 3.465279416567831590e-04 2.681008857242071386e+00 1.967898992172910713e-03 3.803572774842032822e-01 3.212475502443136455e-02
7.765886287625419016e+01 3.368110025871725666e-04 2.691438369384254070e+00 1.823292255213880639e-03 3.818368352606629768e-01 3.028860939691323945e-02
7.795986622073579042e+01 3.247895537142914016e-04 2.701867881526436754e+00 1.680325318402650474e-03 3.833163930371227268e-01 2.854335954916936702e-02
7.826086956521739069e+01 3.112903210139998157e-04 2.712297393668619439e+00 1.539169691335281727e-03 3.847959508135824214e-01 2.690670898793351765e-02
7.856187290969900516e+01 2.972855786965319892e-04 2.722726905810801679e+00 1.403030395772191050e-03 3.862755085900421159e-01 2.538654824536303381e-02
7.886287625418060543e+01 2.837422295725899098e-04 2.733156417952984363e+00 1.278355124070888011e-03 3.877550663665018105e-01 2.397743243861936643e-02
7.916387959866221991e+01 2.714925952127652197e-04 2.743585930095167047e+00 1.173463797820404816e-03 3.892346241429615050e-01 2.266004359588531802e-02
7.946488294314382017e+01 2.611388124057233747e-04 2.754015442237349731e+00 1.095802770957251485e-03 3.907141819194211996e-01 2.140396929031844822e-02
7.976588628762542044e+01 2.529957148823700429e-04 2.764444954379532415e+00 1.048743078615494741e-03 3.921937396958809496e-01 2.017363652518201420e-02
8.006688963210703491e+01 2.470751697329669682e-04 2.774874466521715100e+00 1.029225490101367841e-03 3.936732974723406442e-01 1.893639771135002814e-02
8.036789297658863518e+01 2.431139638079186352e-04 2.785303978663897784e+00 1.027385630367001887e-03 3.951528552488003387e-01 1.767083786178132165e-02
8.066889632107023544e+01 2.406428964501552146e-04 2.795733490806080468e+00 1.028591242030722644e-03 3.966324130252600333e-01 1.637285691301548426e-02
8.096989966555184992e+01 2.390857116328898692e-04 2.806163002948262708e+00 1.017361334562758186e-03 3.981119708017197278e-01 1.505741535816529190e-02
8.127090301003345019e+01 2.378666886925125937e-04 2.816592515090445392e+00 9.818285913495482329e-04 3.995915285781794779e-01 1.375508153291060166e-02
8.157190635451505045e+01 2.365012819338626400e-04 2.827022027232628076e+00 9.171268784580914124e-04 4.010710863546391725e-01 1.250426619457106758e-02
8.187290969899666493e+01 2.346493468790179641e-04 2.837451539374810761e+00 8.264832859101346870e-04 4.025506441310988670e-01 1.134154351984096275e-02
8.217391304347826519e+01 2.321241488407505449e-04 2.847881051516993445e+00 7.197020427095353595e-04 4.040302019075585616e-01 1.029306549379278325e-02
8.247491638795986546e+01 2.288663223419421877e-04 2.858310563659176129e+00 6.097367460868575962e-04 4.055097596840182561e-01 9.369520290759733236e-03
8.277591973244147994e+01 2.249024736512365277e-04 2.868740075801358813e+00 5.087113547613053089e-04 4.069893174604779507e-01 8.565650475122582944e-03
8.307692307692308020e+01 2.203085327474068233e-04 2.879169587943541497e+00 4.248082534719298492e-04 4.084688752369377007e-01 7.863702557409398344e-03
8.337792642140469468e+01 2.151893627956603374e-04 2.889599100085724181e+00 3.609303020618700119e-04 4.099484330133973953e-01 7.239026081433803245e-03
8.367892976588629494e+01 2.096742801086408706e-04 2.900028612227906422e+00 3.152487934637375998e-04 4.114279907898570898e-01 6.665771282092820479e-03
8.397993311036789521e+01 2.039195078475439628e-04 2.910458124370089106e+00 2.830411463830312824e-04 4.129075485663167844e-01 6.121187785720994499e-03
8.428093645484950969e+01 1.981065217784826204e-04 2.920887636512271790e+00 2.588778023831996185e-04 4.143871063427764789e-01 5.587984726520276064e-03
8.458193979933110995e+01 1.924287780464873938e-04 2.931317148654454474e+00 2.383132797964901558e-04 4.158666641192362290e-01 5.055061548435830186e-03
8.488294314381271022e+01 1.870650891050455115e-04 2.941746660796637158e+00 2.186458932927831461e-04 4.173462218956959235e-01 4.517314922869060390e-03
8.518394648829432469e+01 1.821431841037814353e-04 2.952176172938819843e+00 1.987951600509913776e-04 4.188257796721556181e-01 3.975129057738647186e-03
8.548494983277592496e+01 1.777010593824627854e-04 2.962605685081002527e+00 1.786800521666731252e-04 4.203053374486153126e-01 3.433779343799541438e-03
8.578595317725752523e+01 1.736569606181531439e-04 2.973035197223185211e+00 1.585556121072033051e-04 4.217848952250750072e-01 2.902627130924308359e-03
8.608695652173913970e+01 1.698006695743563895e-04 2.983464709365367451e+00 1.386159492051808730e-04 4.232644530015347573e-01 2.393870449967306670e-03
8.638795986622073997e+01 1.658170230551955717e-04 2.993894221507550135e+00 1.189306366573192184e-04 4.247440107779944518e-01 1.920770163518028357e-03
8.668896321070235444e+01 1.613451755431658809e-04 3.004323733649732819e+00 9.958967104143381628e-05 4.262235685544541464e-01 1.495559228437854608e-03
8.698996655518395471e+01 1.560647026834426846e-04 3.014753245791915504e+00 8.086654048298903374e-05 4.277031263309138409e-01 1.127473183181968439e-03
8.729096989966555498e+01 1.497868335737851709e-04 3.025182757934098188e+00 6.326243205961336585e-05 4.291826841073735355e-01 8.213790996470684939e-04
8.759197324414716945e+01 1.425225749592093816e-04 3.035612270076280872e+00 4.740359784750887109e-05 4.306622418838332300e-01 5.773135224570360557e-04
8.789297658862876972e+01 1.345040453959474704e-04 3.046041782218463556e+00 3.385637070051947766e-05 4.321417996602929801e-01 3.909581751871891433e-04
8.819397993311036998e+01 1.261505022651198250e-04 3.056471294360646240e+00 2.295794719941912952e-05 4.336213574367526746e-01 2.548167158745766260e-04
8.849498327759198446e+01 1.179901907224576162e-04 3.066900806502828924e+00 1.473554393085622802e-05 4.351009152132123692e-01 1.597075272077555681e-04
8.879598662207358473e+01 1.105644707175259324e-04 3.077330318645011165e+00 8.931503766788522725e-06 4.365804729896720637e-01 9.618776523891379982e-05
8.909698996655518499e+01 1.043447801343329366e-04 3.087759830787193849e+00 5.103090319195427901e-06 4.380600307661317583e-01 5.563784138015457004e-05
8.939799331103679947e+01 9.968434838893170671e-05 3.098189342929376533e+00 2.744732668939665825e-06 4.395395885425915083e-01 3.089477936038091145e-05
8.969899665551839973e+01 9.680964788925101156e-05 3.108618855071559217e+00 1.388260226974327008e-06 4.410191463190512029e-01 1.646309923603480306e-05
9.000000000000000000e+01 9.583943462579862314e-05 3.119048367213741901e+00 6.597748456288617549e-07 4.424987040955108974e-01 8.416417730303266752e-06
