0.000000000000000000e+00 5.510682939494277767e-04 4.081963960042012118e-04 7.210635213493280307e-03 3.521911814841210964e-04 3.170660009631409704e-02
3.010033444816053727e-01 5.517412909815657893e-04 1.102532288736110706e-02 7.252418510330311922e-03 5.944248133955841278e-03 3.203021558220788684e-02
6.020066889632107454e-01 5.537597856053836113e-04 2.164244937871801291e-02 7.370226624440346340e-03 1.153630508642756146e-02 3.286021132372728831e-02
9.030100334448161181e-01 5.571217501239988804e-04 3.225957587007492050e-02 7.559624993148349181e-03 1.712836203889928077e-02 3.403395455670450015e-02
1.204013377926421491e+00 5.618221409507699517e-04 4.287670236143182462e-02 7.813632056937419232e-03 2.272041899137100182e-02 3.535949688765652882e-02
1.505016722408026864e+00 5.678508257206479502e-04 5.349382885278872873e-02 8.123100025636263363e-03 2.831247594384272287e-02 3.666896416470240283e-02
1.806020066889632236e+00 5.751904198341584867e-04 6.411095534414563979e-02 8.477080557297934915e-03 3.390453289631444045e-02 3.783804401604241863e-02
2.107023411371237387e+00 5.838145484158842021e-04 7.472808183550254391e-02 8.863117896278329549e-03 3.949658984878616497e-02 3.877968667160668070e-02
2.408026755852842982e+00 5.936869464979825910e-04 8.534520832685944802e-02 9.267488745191178670e-03 4.508864680125788255e-02 3.943383208612279839e-02
2.709030100334448576e+00 6.047616179623314719e-04 9.596233481821635214e-02 9.675484005999710965e-03 5.068070375372960013e-02 3.976676721865370079e-02
3.010033444816053727e+00 6.169840491019106888e-04 1.065794613095732563e-01 1.007186652945443045e-02 5.627276070620132464e-02 3.977942375297661287e-02
3.311036789297658878e+00 6.302932813658793576e-04 1.171965878009301604e-01 1.044161878880122546e-02 6.186481765867304222e-02 3.951560353870378628e-02
3.612040133779264472e+00 6.446245464884250423e-04 1.278137142922870784e-01 1.077101570278493278e-02 6.745687461114475980e-02 3.906088913565024245e-02
3.913043478260870067e+00 6.599121866161411802e-04 1.384308407836439825e-01 1.104894450798736896e-02 7.304893156361648432e-02 3.852963032081455769e-02
4.214046822742474774e+00 6.760927172762711381e-04 1.490479672750008866e-01 1.126828337089256366e-02 7.864098851608820884e-02 3.804659039348916305e-02
4.515050167224080369e+00 6.931081006772525643e-04 1.596650937663577907e-01 1.142708094495223543e-02 8.423304546855991948e-02 3.773245130420650045e-02
4.816053511705685963e+00 7.109095126505258913e-04 1.702822202577146948e-01 1.152927466472131006e-02 8.982510242103164400e-02 3.769325138727315505e-02
5.117056856187291558e+00 7.294620310772986695e-04 1.808993467490715989e-01 1.158474996273567079e-02 9.541715937350336851e-02 3.800245681929548952e-02
5.418060200668897153e+00 7.487506816075206002e-04 1.915164732404285031e-01 1.160865929226459134e-02 1.010092163259750792e-01 3.866863483811337071e-02
5.719063545150501859e+00 7.687881141881464184e-04 2.021335997317854072e-01 1.162005891118314364e-02 1.066012732784468037e-01 3.960539964743231556e-02
6.020066889632107454e+00 7.896238614952114706e-04 2.127507262231423113e-01 1.164004930708109793e-02 1.121933302309185282e-01 4.063960645141483780e-02
6.321070234113713049e+00 8.113547031146234063e-04 2.233678527144992154e-01 1.168969394422020303e-02 1.177853871833902388e-01 4.157726411417449197e-02
6.622073578595317755e+00 8.341352174691826988e-04 2.339849792058561195e-01 1.178802420009481683e-02 1.233774441358619633e-01 4.229687318350885961e-02
6.923076923076923350e+00 8.581872524780177151e-04 2.446021056972130236e-01 1.195041296066584949e-02 1.289695010883336601e-01 4.280438916038291353e-02
7.224080267558528945e+00 8.838068818457291446e-04 2.552192321885699555e-01 1.218752465353426483e-02 1.345615580408053846e-01 4.320677970761123421e-02
7.525083612040134540e+00 9.113674999526376157e-04 2.658363586799268319e-01 1.250494369284654156e-02 1.401536149932771091e-01 4.362630463053186053e-02
7.826086956521740134e+00 9.413180581820738664e-04 2.764534851712837638e-01 1.290346892395963577e-02 1.457456719457488337e-01 4.412149676885007005e-02
8.127090301003345729e+00 9.741760172512097839e-04 2.870706116626406401e-01 1.337996068673509564e-02 1.513377288982205582e-01 4.466335997919470419e-02
8.428093645484949548e+00 1.010515292702375383e-03 2.976877381539975720e-01 1.392855651182155555e-02 1.569297858506922827e-01 4.516208812700669983e-02
8.729096989966555142e+00 1.050950181688178322e-03 3.083048646453544483e-01 1.454203995044528117e-02 1.625218428031640072e-01 4.550657763217819118e-02
9.030100334448160737e+00 1.096116849565152013e-03 3.189219911367113802e-01 1.521315419447275170e-02 1.681138997556357317e-01 4.559069888164771212e-02
9.331103678929766332e+00 1.146654315943325311e-03 3.295391176280682566e-01 1.593569006519558393e-02 1.737059567081074563e-01 4.533214260591843237e-02
9.632107023411371927e+00 1.203186946154577398e-03 3.401562441194251885e-01 1.670523483925302408e-02 1.792980136605791808e-01 4.470216102195682245e-02
9.933110367892977521e+00 1.266310216693529965e-03 3.507733706107821203e-01 1.751953252675752040e-02 1.848900706130509053e-01 4.376479958467718867e-02
1.023411371237458312e+01 1.336581031105788398e-03 3.613904971021389967e-01 1.837846865096356627e-02 1.904821275655226298e-01 4.269566256803677268e-02
1.053511705685618871e+01 1.414513211786411814e-03 3.720076235934959286e-01 1.928374747397923472e-02 1.960741845179943543e-01 4.174724484102053379e-02
1.083612040133779431e+01 1.500578104415711996e-03 3.826247500848528049e-01 2.023837281468121238e-02 2.016662414704660233e-01 4.116118695359842483e-02
1.113712374581939812e+01 1.595209625899521224e-03 3.932418765762097368e-01 2.124607076920469184e-02 2.072582984229377479e-01 4.107198663863790428e-02
1.143812709030100372e+01 1.698812659003833556e-03 4.038590030675666132e-01 2.231079863471236921e-02 2.128503553754094724e-01 4.146205097510250598e-02
1.173913043478260931e+01 1.811773499978003906e-03 4.144761295589235450e-01 2.343646466304991419e-02 2.184424123278811969e-01 4.219788647421399835e-02
1.204013377926421491e+01 1.934471102967390364e-03 4.250932560502804214e-01 2.462693696962744289e-02 2.240344692803529214e-01 4.312292571467369467e-02
1.234113712374582050e+01 2.067288097214935345e-03 4.357103825416373533e-01 2.588635224795448123e-02 2.296265262328246459e-01 4.414280977757049224e-02
1.264214046822742610e+01 2.210620911898789065e-03 4.463275090329942296e-01 2.721965814478603460e-02 2.352185831852963704e-01 4.524207836679881856e-02
1.294314381270903169e+01 2.364888751814060545e-03 4.569446355243511615e-01 2.863325455545096682e-02 2.408106401377680950e-01 4.642092285910747601e-02
1.324414715719063551e+01 2.530541556209316319e-03 4.675617620157080379e-01 3.013555693484631925e-02 2.464026970902398195e-01 4.760912522316881196e-02
1.354515050167224111e+01 2.708067393232492775e-03 4.781788885070649697e-01 3.173730317991210748e-02 2.519947540427114885e-01 4.864521253729923306e-02
1.384615384615384670e+01 2.897999964717211125e-03 4.887960149984218461e-01 3.345147071605718975e-02 2.575868109951832130e-01 4.935876279310635883e-02
1.414715719063545230e+01 3.100927006274589205e-03 4.994131414897787780e-01 3.529275756189487884e-02 2.631788679476549375e-01 4.969348830729265754e-02
1.444816053511705789e+01 3.317500356751740698e-03 5.100302679811357098e-01 3.727669505166139596e-02 2.687709249001266620e-01 4.975792031568688351e-02
1.474916387959866348e+01 3.548448327313249908e-03 5.206473944724926417e-01 3.941857632018925389e-02 2.743629818525983866e-01 4.975356462526479145e-02
1.505016722408026908e+01 3.794590708082044416e-03 5.312645209638494626e-01 4.173247410466020269e-02 2.799550388050701111e-01 4.984754420461495750e-02
1.535117056856187467e+01 4.056856297190084351e-03 5.418816474552063944e-01 4.423065464251720730e-02 2.855470957575418356e-01 5.010204586937862942e-02
1.565217391304348027e+01 4.336302228015583189e-03 5.524987739465633263e-01 4.692364949345094460e-02 2.911391527100135601e-01 5.050334940884976254e-02
1.595317725752508409e+01 4.634133642008201291e-03 5.631159004379202582e-01 4.982111697822511759e-02 2.967312096624852846e-01 5.103632436854246834e-02
1.625418060200669146e+01 4.951721484777836871e-03 5.737330269292770790e-01 5.293342394968623965e-02 3.023232666149570091e-01 5.172836471139800885e-02
1.655518394648829528e+01 5.290615509401981782e-03 5.843501534206340109e-01 5.627364512547566866e-02 3.079153235674287337e-01 5.263865674007508350e-02
1.685618729096989910e+01 5.652549094480252383e-03 5.949672799119909428e-01 5.985946997691452692e-02 3.135073805199004582e-01 5.381784267838395086e-02
1.715719063545150647e+01 6.039432363567470360e-03 6.055844064033478746e-01 6.371439420683357169e-02 3.190994374723721827e-01 5.526741343380361937e-02
1.745819397993311028e+01 6.453330430074978412e-03 6.162015328947046955e-01 6.786761339550737016e-02 3.246914944248438517e-01 5.691412052038936215e-02
1.775919732441471766e+01 6.896424425598296146e-03 6.268186593860616274e-01 7.235225946681081433e-02 3.302835513773155762e-01 5.861365788268518145e-02
1.806020066889632147e+01 7.370954254819081508e-03 6.374357858774185592e-01 7.720200652584287282e-02 3.358756083297873007e-01 6.019673245496143937e-02
1.836120401337792885e+01 7.879143626301819345e-03 6.480529123687754911e-01 8.244654521132001312e-02 3.414676652822590253e-01 6.154457329945312721e-02
1.866220735785953266e+01 8.423109635499661380e-03 6.586700388601323120e-01 8.810686126608520408e-02 3.470597222347307498e-01 6.264603440630553410e-02
1.896321070234114003e+01 9.004760784388204237e-03 6.692871653514892438e-01 9.419151476765726116e-02 3.526517791872024743e-01 6.358966833057491663e-02
1.926421404682274385e+01 9.625688571684588857e-03 6.799042918428461757e-01 1.006950883065788060e-01 3.582438361396741988e-01 6.449301980374572141e-02
1.956521739130434767e+01 1.028705848107136327e-02 6.905214183342031076e-01 1.075996137083845700e-01 3.638358930921459233e-01 6.542245860829982995e-02
1.986622073578595504e+01 1.098950621473976721e-02 7.011385448255600394e-01 1.148791554230301215e-01 3.694279500446176479e-01 6.635878107814745241e-02
2.016722408026755886e+01 1.173304435588753795e-02 7.117556713169168603e-01 1.225069778541058030e-01 3.750200069970893724e-01 6.721927302257792169e-02
2.046822742474916623e+01 1.251698340573492545e-02 7.223727978082737922e-01 1.304640625465703918e-01 3.806120639495610969e-01 6.790612511938233509e-02
2.076923076923077005e+01 1.333986954825512952e-02 7.329899242996307240e-01 1.387473672160178528e-01 3.862041209020328214e-01 6.835093386890520040e-02
2.107023411371237742e+01 1.419943984952670192e-02 7.436070507909876559e-01 1.473762494307281901e-01 3.917961778545045459e-01 6.854997216296419837e-02
2.137123745819398124e+01 1.509259422712454918e-02 7.542241772823444768e-01 1.563959048729137991e-01 3.973882348069762149e-01 6.859261229461459386e-02
2.167224080267558861e+01 1.601538271825950210e-02 7.648413037737014086e-01 1.658773584383518296e-01 4.029802917594479394e-01 6.866377931952835634e-02
2.197324414715719243e+01 1.696300651441332019e-02 7.754584302650583405e-01 1.759142809276899311e-01 4.085723487119196640e-01 6.898872926266239047e-02
2.227424749163879625e+01 1.792983193008899911e-02 7.860755567564152724e-01 1.866174667771197115e-01 4.141644056643913885e-01 6.972505174321114163e-02
2.257525083612040362e+01 1.890941775748771966e-02 7.966926832477720932e-01 1.981080556722037145e-01 4.197564626168631130e-01 7.087085781139915164e-02
2.287625418060200744e+01 1.989455797808482515e-02 8.073098097391290251e-01 2.105104910276062447e-01 4.253485195693348375e-01 7.227281835306224866e-02
2.317725752508361481e+01 2.087734310072343960e-02 8.179269362304859570e-01 2.239458798952674856e-01 4.309405765218065620e-01 7.374231437048925364e-02
2.347826086956521863e+01 2.184924401692145413e-02 8.285440627218428888e-01 2.385260249282153133e-01 4.365326334742782866e-01 7.518750702595193569e-02
2.377926421404682600e+01 2.280122186806060949e-02 8.391611892131997097e-01 2.543481159258636493e-01 4.421246904267500111e-01 7.665517333133559097e-02
2.408026755852842982e+01 2.372386588605137833e-02 8.497783157045566416e-01 2.714900089897501201e-01 4.477167473792217356e-01 7.827028704069023679e-02
2.438127090301003363e+01 2.460755865260374348e-02 8.603954421959135734e-01 2.900061963107473106e-01 4.533088043316934601e-01 8.015832942092933344e-02
2.468227424749164101e+01 2.544266513499426896e-02 8.710125686872705053e-01 3.099248891146815232e-01 4.589008612841651846e-01 8.242839048838859761e-02
2.498327759197324482e+01 2.621973878422987139e-02 8.816296951786274372e-01 3.312469449429106261e-01 4.644929182366369091e-01 8.520405861879355724e-02
2.528428093645485220e+01 2.692973554641198836e-02 8.922468216699842580e-01 3.539475017026963988e-01 4.700849751891085782e-01 8.862660824233127566e-02
2.558528428093645601e+01 2.756422534277999312e-02 9.028639481613411899e-01 3.779810116727664315e-01 4.756770321415803027e-01 9.278861322659752442e-02
2.588628762541806339e+01 2.811559067415957472e-02 9.134810746526981218e-01 4.032898596768906274e-01 4.812690890940520272e-01 9.764240400184773239e-02
2.618729096989966720e+01 2.857720344472184162e-02 9.240982011440550536e-01 4.298159641435935208e-01 4.868611460465237517e-01 1.029725815393604665e-01
2.648829431438127102e+01 2.894357352609105982e-02 9.347153276354118745e-01 4.575138574943450887e-01 4.924532029989954762e-01 1.084767919360486443e-01
2.678929765886287839e+01 2.921046544378094051e-02 9.453324541267688064e-01 4.863629498780294713e-01 4.980452599514672007e-01 1.139052174684025698e-01
2.709030100334448221e+01 2.937498225757184320e-02 9.559495806181257382e-01 5.163762405812460932e-01 5.036373169039388697e-01 1.191591772489526274e-01
2.739130434782608958e+01 2.943561772122715164e-02 9.665667071094826701e-01 5.476028486240441806e-01 5.092293738564106498e-01 1.242932744663912403e-01
2.769230769230769340e+01 2.939227886352010696e-02 9.771838336008394910e-01 5.801224672707937513e-01 5.148214308088823188e-01 1.294528810964292731e-01
2.799331103678930077e+01 2.924628122923765561e-02 9.878009600921964228e-01 6.140311234411444108e-01 5.204134877613540988e-01 1.348136184915592894e-01
2.829431438127090459e+01 2.900031840932768348e-02 9.984180865835533547e-01 6.494191914813474131e-01 5.260055447138257678e-01 1.405456776773484073e-01
2.859531772575251196e+01 2.865840659430748602e-02 1.009035213074910065e+00 6.863441038808021366e-01 5.315976016662975479e-01 1.467718881041424894e-01
2.889632107023411578e+01 2.822580416450080204e-02 1.019652339566267329e+00 7.248012389820721602e-01 5.371896586187692169e-01 1.534954416829656387e-01
2.919732441471571960e+01 2.770890615552633329e-02 1.030269466057624150e+00 7.646967828113753196e-01 5.427817155712409969e-01 1.605334493191942491e-01
2.949832775919732697e+01 2.711511399431697569e-02 1.040886592548980971e+00 8.058259141012710236e-01 5.483737725237126659e-01 1.675375128307654005e-01
2.979933110367893079e+01 2.645268215253838637e-02 1.051503719040337792e+00 8.478586542600197173e-01 5.539658294761844459e-01 1.741518364457519952e-01
3.010033444816053816e+01 2.573054507095974552e-02 1.062120845531694613e+00 8.903345441350526412e-01 5.595578864286561149e-01 1.802527551196445033e-01
3.040133779264214198e+01 2.495812949981853629e-02 1.072737972023051878e+00 9.326663695248981201e-01 5.651499433811278950e-01 1.861064643276068853e-01
3.070234113712374935e+01 2.414515887516342427e-02 1.083355098514408699e+00 9.741527150823098280e-01 5.707420003335995640e-01 1.922840102307695476e-01
3.100334448160535317e+01 2.330145717787482362e-02 1.093972225005765520e+00 1.013999158210277640e+00 5.763340572860712330e-01 1.993259006558698587e-01
3.130434782608696054e+01 2.243675971613248374e-02 1.104589351497122340e+00 1.051348112600617890e+00 5.819261142385430130e-01 2.073539091284326563e-01
3.160535117056856436e+01 2.156053743435791190e-02 1.115206477988479161e+00 1.085317236941750307e+00 5.875181711910146820e-01 2.159092662065071611e-01
3.190635451505016817e+01 2.068183986046457853e-02 1.125823604479836426e+00 1.115045555523860088e+00 5.931102281434864620e-01 2.241634540709694090e-01
3.220735785953177555e+01 1.980915996550668481e-02 1.136440730971193247e+00 1.139744907470044977e+00 5.987022850959581310e-01 2.313875747689380924e-01
3.250836120401338292e+01 1.895032238390752938e-02 1.147057857462550068e+00 1.158752369987172459e+00 6.042943420484299111e-01 2.373780380304191251e-01
3.280936454849498318e+01 1.811239495181667103e-02 1.157674983953906889e+00 1.171577551781631810e+00 6.098863990009015801e-01 2.425680695597332570e-01
3.311036789297659055e+01 1.730162257899485467e-02 1.168292110445263710e+00 1.177937905788089878e+00 6.154784559533733601e-01 2.477798121412907173e-01
3.341137123745819792e+01 1.652338213262248903e-02 1.178909236936620530e+00 1.177776053609113305e+00 6.210705129058450291e-01 2.538108127131226688e-01
3.371237458193979819e+01 1.578215717380830260e-02 1.189526363427977795e+00 1.171255674308303130e+00 6.266625698583168091e-01 2.611246920870966548e-01
3.401337792642140556e+01 1.508153181748093062e-02 1.200143489919334616e+00 1.158736335515182292e+00 6.322546268107884782e-01 2.698017418238117249e-01
3.431438127090301293e+01 1.442420339539037324e-02 1.210760616410691437e+00 1.140731794844842106e+00 6.378466837632602582e-01 2.797155785694696584e-01
3.461538461538462030e+01 1.381201372977244705e-02 1.221377742902048258e+00 1.117859621413184845e+00 6.434387407157319272e-01 2.907677678376303088e-01
3.491638795986622057e+01 1.324599851566127251e-02 1.231994869393405079e+00 1.090791484491480112e+00 6.490307976682035962e-01 3.029996191721402998e-01
3.521739130434782794e+01 1.272645355655558329e-02 1.242611995884762344e+00 1.060212625291348187e+00 6.546228546206753762e-01 3.165121655095522457e-01
3.551839464882943531e+01 1.225301554584488396e-02 1.253229122376119165e+00 1.026796042131186137e+00 6.602149115731470452e-01 3.312943265539215476e-01
3.581939799331104268e+01 1.182475398625488540e-02 1.263846248867475985e+00 9.911925981517017981e-01 6.658069685256188253e-01 3.471441015335373637e-01
3.612040133779264295e+01 1.144026997209969185e-02 1.274463375358832806e+00 9.540338282602833786e-01 6.713990254780904943e-01 3.637659025456353445e-01
3.642140468227425032e+01 1.109779714818262542e-02 1.285080501850189627e+00 9.159409337386597016e-01 6.769910824305622743e-01 3.809280368260672955e-01
3.672240802675585769e+01 1.079530030431919037e-02 1.295697628341546892e+00 8.775322131788232394e-01 6.825831393830339433e-01 3.984925174002655335e-01
3.702341137123745796e+01 1.053056771343670317e-02 1.306314754832903713e+00 8.394222708073807437e-01 6.881751963355057233e-01 4.162788661871428819e-01
3.732441471571906533e+01 1.030129429165448432e-02 1.316931881324260534e+00 8.022093608061026115e-01 6.937672532879773923e-01 4.339254071972131754e-01
3.762541806020067270e+01 1.010515370148608663e-02 1.327549007815617355e+00 7.664512175181181775e-01 6.993593102404491724e-01 4.509338149298631193e-01
3.792642140468228007e+01 9.939858402087758255e-03 1.338166134306974175e+00 7.326334989003230325e-01 7.049513671929208414e-01 4.669048407645460808e-01
3.822742474916388034e+01 9.803207233700435286e-03 1.348783260798331440e+00 7.011374752396609678e-01 7.105434241453926214e-01 4.817886327518074996e-01
3.852842809364548771e+01 9.693120402070572530e-03 1.359400387289688261e+00 6.722141989702850040e-01 7.161354810978642904e-01 4.959561406088949242e-01
3.882943143812709508e+01 9.607661826085635640e-03 1.370017513781045082e+00 6.459710469181639825e-01 7.217275380503359594e-01 5.100439932585871805e-01
3.913043478260869534e+01 9.545048927716978313e-03 1.380634640272401903e+00 6.223737292136396482e-01 7.273195950028077394e-01 5.247021658477073469e-01
3.943143812709030271e+01 9.503650272826711515e-03 1.391251766763758724e+00 6.012634539165349068e-01 7.329116519552794085e-01 5.404475618653455937e-01
3.973244147157191009e+01 9.481972123773121930e-03 1.401868893255115989e+00 5.823858416182919884e-01 7.385037089077511885e-01 5.577325679050356699e-01
4.003344481605351746e+01 9.478635909054854841e-03 1.412486019746472810e+00 5.654261313383899257e-01 7.440957658602228575e-01 5.771285894677430361e-01
4.033444816053511772e+01 9.492349672257142934e-03 1.423103146237829630e+00 5.500445812058379902e-01 7.496878228126946375e-01 5.993813558009249975e-01
4.063545150501672509e+01 9.521877447856107873e-03 1.433720272729186451e+00 5.359067154560894775e-01 7.552798797651663065e-01 6.251859832965098729e-01
4.093645484949833246e+01 9.566010917405644298e-03 1.444337399220543272e+00 5.227048441151531666e-01 7.608719367176380866e-01 6.547975035989487269e-01
4.123745819397993273e+01 9.623547392451525795e-03 1.454954525711900093e+00 5.101695405955450902e-01 7.664639936701097556e-01 6.877668899681602666e-01
4.153846153846154010e+01 9.693277072674767389e-03 1.465571652203257358e+00 4.980719418350543770e-01 7.720560506225815356e-01 7.229958574505792601e-01
4.183946488294314747e+01 9.773980760894446229e-03 1.476188778694614179e+00 4.862193841414518825e-01 7.776481075750532046e-01 7.590593690508842251e-01
4.214046822742475484e+01 9.864437090533360528e-03 1.486805905185971000e+00 4.744477430774047821e-01 7.832401645275249846e-01 7.946020793609636090e-01
4.244147157190635511e+01 9.963436270502338404e-03 1.497423031677327820e+00 4.626138526335608625e-01 7.888322214799966536e-01 8.286498368678725246e-01
4.274247491638796248e+01 1.006979583586489584e-02 1.508040158168684641e+00 4.505906633590653909e-01 7.944242784324683226e-01 8.607741501534000861e-01
4.304347826086956985e+01 1.018237328122097510e-02 1.518657284660041906e+00 4.382666126065712375e-01 8.000163353849401027e-01 8.911074208892688642e-01
4.334448160535117722e+01 1.030007093699062543e-02 1.529274411151398727e+00 4.255493328408685438e-01 8.056083923374117717e-01 9.202369997828607762e-01
4.364548494983277749e+01 1.042182998222204900e-02 1.539891537642755548e+00 4.123726176622368733e-01 8.112004492898835517e-01 9.490233681252947529e-01
4.394648829431438486e+01 1.054661279550045232e-02 1.550508664134112369e+00 3.987047351818037155e-01 8.167925062423552207e-01 9.783718960307223877e-01
4.424749163879599223e+01 1.067337547818089476e-02 1.561125790625469190e+00 3.845558548095954210e-01 8.223845631948270007e-01 1.008962411776048285e+00
4.454849498327759250e+01 1.080103481488733051e-02 1.571742917116826455e+00 3.699825475182024759e-01 8.279766201472986697e-01 1.040985279626706284e+00
4.484949832775919987e+01 1.092843567534186600e-02 1.582360043608183275e+00 3.550879361379141730e-01 8.335686770997704498e-01 1.074042243830368504e+00
4.515050167224080724e+01 1.105432555948204602e-02 1.592977170099540096e+00 3.400169436175289328e-01 8.391607340522421188e-01 1.107387635852555618e+00
4.545150501672241461e+01 1.117734250371733504e-02 1.603594296590896917e+00 3.249470168066920239e-01 8.447527910047138988e-01 1.140478911347368562e+00
4.575250836120401488e+01 1.129602098838667495e-02 1.614211423082253738e+00 3.100755065993676118e-01 8.503448479571855678e-01 1.173499541014528580e+00
4.605351170568562225e+01 1.140881810217537692e-02 1.624828549573611003e+00 2.956054202185240398e-01 8.559369049096573479e-01 1.207433776375140599e+00
4.635451505016722962e+01 1.151415944407422655e-02 1.635445676064967824e+00 2.817314464947813790e-01 8.615289618621290169e-01 1.243578654405953055e+00
4.665551839464882988e+01 1.161050153026499734e-02 1.646062802556324645e+00 2.686279768413654123e-01 8.671210188146006859e-01 1.282840702002036926e+00
4.695652173913043725e+01 1.169640522267027284e-02 1.656679929047681465e+00 2.564403581664266851e-01 8.727130757670724659e-01 1.325340265178858168e+00
4.725752508361204463e+01 1.177061318859904185e-02 1.667297055539038286e+00 2.452799344576410134e-01 8.783051327195441349e-01 1.370548534634598692e+00
4.755852842809365200e+01 1.183212376524697511e-02 1.677914182030395107e+00 2.352227177475550157e-01 8.838971896720159149e-01 1.417710578855807313e+00
4.785953177257525226e+01 1.188025381962118203e-02 1.688531308521752372e+00 2.263109421179377856e-01 8.894892466244875839e-01 1.466138591690709259e+00
4.816053511705685963e+01 1.191468413329285943e-02 1.699148435013109193e+00 2.185564291676426185e-01 8.950813035769593640e-01 1.515214331775533552e+00
4.846153846153846700e+01 1.193548231393043446e-02 1.709765561504466014e+00 2.119446905340942600e-01 9.006733605294310330e-01 1.564271660774749995e+00
4.876254180602006727e+01 1.194310004980753126e-02 1.720382687995822835e+00 2.064389787786839736e-01 9.062654174819028130e-01 1.612581902317645532e+00
4.906354515050167464e+01 1.193834352328190622e-02 1.730999814487179655e+00 2.019839512431180484e-01 9.118574744343744820e-01 1.659478762233968840e+00
4.936454849498328201e+01 1.192231787952026216e-02 1.741616940978536920e+00 1.985090624426491535e-01 9.174495313868462620e-01 1.704514721648763720e+00
4.966555183946488938e+01 1.189634874188848918e-02 1.752234067469893741e+00 1.959320876714469029e-01 9.230415883393179310e-01 1.747551165929347006e+00
4.996655518394648965e+01 1.186188581689012929e-02 1.762851193961250562e+00 1.941632062434661687e-01 9.286336452917897111e-01 1.788752940643598466e+00
5.026755852842809702e+01 1.182039554736505522e-02 1.773468320452607383e+00 1.931098364728855987e-01 9.342257022442613801e-01 1.828501393820975762e+00
5.056856187290970439e+01 1.177325139549485582e-02 1.784085446943964204e+00 1.926820102759349562e-01 9.398177591967330491e-01 1.867254268106488535e+00
5.086956521739130466e+01 1.172163143649291271e-02 1.794702573435321469e+00 1.927976574857111491e-01 9.454098161492048291e-01 1.905371874072498750e+00
5.117056856187291203e+01 1.166643324270572740e-02 1.805319699926678290e+00 1.933868997687086255e-01 9.510018731016764981e-01 1.942935974452616010e+00
5.147157190635451940e+01 1.160821527408142755e-02 1.815936826418035110e+00 1.943944467311758684e-01 9.565939300541482782e-01 1.979663683290456611e+00
5.177257525083612677e+01 1.154717200152717733e-02 1.826553952909391931e+00 1.957794764174566327e-01 9.621859870066199472e-01 2.015070561664929816e+00
5.207357859531772704e+01 1.148314679547008006e-02 1.837171079400748752e+00 1.975129118380555826e-01 9.677780439590917272e-01 2.048876151424310343e+00
5.237458193979933441e+01 1.141568247535775307e-02 1.847788205892106017e+00 1.995726418204417096e-01 9.733701009115633962e-01 2.081345028271258002e+00
5.267558528428094178e+01 1.134410484576564571e-02 1.858405332383462838e+00 2.019378049819104959e-01 9.789621578640351762e-01 2.113212452389469309e+00
5.297658862876254204e+01 1.126763023491061944e-02 1.869022458874819659e+00 2.045835908825582306e-01 9.845542148165068452e-01 2.145230540358053606e+00
5.327759197324414941e+01 1.118548475594055222e-02 1.879639585366176480e+00 2.074779934200386422e-01 9.901462717689786253e-01 2.177769530858824965e+00
5.357859531772575679e+01 1.109702138225356766e-02 1.890256711857533301e+00 2.105815461145067458e-01 9.957383287214502943e-01 2.210802255042575215e+00
5.387959866220736416e+01 1.100182135275186435e-02 1.900873838348890565e+00 2.138503495920116293e-01 1.001330385673921963e+00 2.244103848291763903e+00
5.418060200668896442e+01 1.089976890803874034e-02 1.911490964840247386e+00 2.172418363727104673e-01 1.006922442626393632e+00 2.277250650161366963e+00
5.448160535117057179e+01 1.079109249644457334e-02 1.922108091331604207e+00 2.207219324194327204e-01 1.012514499578865523e+00 2.309338343669717908e+00
5.478260869565217916e+01 1.067637062363373246e-02 1.932725217822961028e+00 2.242717910373625834e-01 1.018106556531337192e+00 2.338855330868604643e+00
5.508361204013378654e+01 1.055650550376543463e-02 1.943342344314317849e+00 2.278922452258943798e-01 1.023698613483808861e+00 2.364170650292217957e+00
5.538461538461538680e+01 1.043267167465641507e-02 1.953959470805674670e+00 2.316045815807317998e-01 1.029290670436280530e+00 2.384484917829507111e+00
5.568561872909699417e+01 1.030624906522009665e-02 1.964576597297031935e+00 2.354470776920128960e-01 1.034882727388752421e+00 2.400462550420703778e+00
5.598662207357860154e+01 1.017875033971319884e-02 1.975193723788388755e+00 2.394677507685870899e-01 1.040474784341224090e+00 2.413853278993518092e+00
5.628762541806020181e+01 1.005175082936256466e-02 1.985810850279745576e+00 2.437146750612842472e-01 1.046066841293695759e+00 2.426238571364449204e+00
5.658862876254180918e+01 9.926826538259129681e-03 1.996427976771102397e+00 2.482258066649068451e-01 1.051658898246167428e+00 2.437814532315370375e+00
5.688963210702341655e+01 9.805502372263909597e-03 2.007045103262459218e+00 2.530203709359363229e-01 1.057250955198639319e+00 2.447093558882642128e+00
5.719063545150502392e+01 9.689209733636695507e-03 2.017662229753816039e+00 2.580935164587773167e-01 1.062843012151110988e+00 2.451662227566490770e+00
5.749163879598662419e+01 9.579250641491598647e-03 2.028279356245173304e+00 2.634152399791191423e-01 1.068435069103582657e+00 2.449428201267018768e+00
5.779264214046823156e+01 9.476764958149903537e-03 2.038896482736530125e+00 2.689337359020432250e-01 1.074027126056054326e+00 2.439661940417888530e+00
5.809364548494983893e+01 9.382698120598009089e-03 2.049513609227886946e+00 2.745825303804116380e-01 1.079619183008525996e+00 2.423434606502347322e+00
5.839464882943143920e+01 9.297768636927201610e-03 2.060130735719243766e+00 2.802901830770618274e-01 1.085211239960997887e+00 2.403342440638231103e+00
5.869565217391304657e+01 9.222436910842712540e-03 2.070747862210600587e+00 2.859910537011293719e-01 1.090803296913469556e+00 2.382583740385176618e+00
5.899665551839465394e+01 9.156879025712045053e-03 2.081364988701957852e+00 2.916356228556245545e-01 1.096395353865941225e+00 2.363681706273202288e+00
5.929765886287626131e+01 9.100970366514245929e-03 2.091982115193314673e+00 2.971990556569749087e-01 1.101987410818412894e+00 2.347392737101847260e+00
5.959866220735786158e+01 9.054284021517824965e-03 2.102599241684671494e+00 3.026870118290680978e-01 1.107579467770884785e+00 2.332329191361522280e+00
5.989966555183946895e+01 9.016107718993927531e-03 2.113216368176028315e+00 3.081380650048633485e-01 1.113171524723356454e+00 2.315475577093630832e+00
6.020066889632107632e+01 8.985480843816236185e-03 2.123833494667385136e+00 3.136224586006174375e-01 1.118763581675828123e+00 2.293357624405605311e+00
6.050167224080267658e+01 8.961250295161536303e-03 2.134450621158741956e+00 3.192372863076488598e-01 1.124355638628299792e+00 2.263386036309404492e+00
6.080267558528428395e+01 8.942141154063529968e-03 2.145067747650099221e+00 3.250985405488324709e-01 1.129947695580771683e+00 2.224832798544865931e+00
6.110367892976589133e+01 8.926835880573866580e-03 2.155684874141456042e+00 3.313308071669472388e-01 1.135539752533243352e+00 2.178982435796705808e+00
6.140468227424749870e+01 8.914054482539049765e-03 2.166302000632812863e+00 3.380556601059704347e-01 1.141131809485715021e+00 2.128347459767101046e+00
6.170568561872909896e+01 8.902628016869917893e-03 2.176919127124169684e+00 3.453799692664983323e-01 1.146723866438186690e+00 2.075389440735667446e+00
6.200668896321070633e+01 8.891558890598737913e-03 2.187536253615526505e+00 3.533853243043443837e-01 1.152315923390658359e+00 2.021515744238317147e+00
6.230769230769231370e+01 8.880063494549832182e-03 2.198153380106883770e+00 3.621195715940810911e-01 1.157907980343130250e+00 1.966859515564508554e+00
6.260869565217392108e+01 8.867595333732254323e-03 2.208770506598240591e+00 3.715910838827554130e-01 1.163500037295601919e+00 1.910720946673548193e+00
6.290969899665552134e+01 8.853849537653476001e-03 2.219387633089597411e+00 3.817659090192637161e-01 1.169092094248073588e+00 1.852168552495586207e+00
6.321070234113712871e+01 8.838751968149299171e-03 2.230004759580954232e+00 3.925674928276352005e-01 1.174684151200545257e+00 1.790453360043050335e+00
6.351170568561873608e+01 8.822437708777618875e-03 2.240621886072311053e+00 4.038783690284447614e-01 1.180276208153017148e+00 1.725242888931665552e+00
6.381270903010033635e+01 8.805224288586812817e-03 2.251239012563668318e+00 4.155431526295417233e-01 1.185868265105488817e+00 1.656788462657472927e+00
6.411371237458195083e+01 8.787584523360746427e-03 2.261856139055025139e+00 4.273723889904126882e-01 1.191460322057960486e+00 1.585988390023943984e+00
6.441471571906355109e+01 8.770122499724973195e-03 2.272473265546381960e+00 4.391472328833645467e-01 1.197052379010432155e+00 1.514213818427358138e+00
6.471571906354515136e+01 8.753554293223228880e-03 2.283090392037738781e+00 4.506254085197310411e-01 1.202644435962904046e+00 1.442875579983550427e+00
6.501672240802676583e+01 8.738692915557325427e-03 2.293707518529095601e+00 4.615492349598049882e-01 1.208236492915375715e+00 1.372894039641314290e+00
6.531772575250836610e+01 8.726435171422361817e-03 2.304324645020452866e+00 4.716565123456565867e-01 1.213828549867847384e+00 1.304341124536665841e+00
6.561872909698996637e+01 8.717746960784854629e-03 2.314941771511809687e+00 4.806946599832554456e-01 1.219420606820319053e+00 1.236519694938308378e+00
6.591973244147158084e+01 8.713643348989875276e-03 2.325558898003166508e+00 4.884377159134555835e-01 1.225012663772790722e+00 1.168573766985741447e+00
6.622073578595318111e+01 8.715160523718620128e-03 2.336176024494523329e+00 4.947048223817959167e-01 1.230604720725262613e+00 1.100341708437101662e+00
6.652173913043478137e+01 8.723318438765323424e-03 2.346793150985880150e+00 4.993778976677428760e-01 1.236196777677734282e+00 1.032811646425906060e+00
6.682274247491639585e+01 8.739075193925256724e-03 2.357410277477236971e+00 5.024156145284081054e-01 1.241788834630205951e+00 9.676675334326586553e-01
6.712374581939799612e+01 8.763276564041655795e-03 2.368027403968594236e+00 5.038607876252467754e-01 1.247380891582677620e+00 9.061214868791920285e-01
6.742474916387959638e+01 8.796606059245795986e-03 2.378644530459951056e+00 5.038389092311237327e-01 1.252972948535149511e+00 8.479185420164508935e-01
6.772575250836121086e+01 8.839542007868579632e-03 2.389261656951307877e+00 5.025468034425427666e-01 1.258565005487621180e+00 7.913399541895663747e-01
6.802675585284281112e+01 8.892328081157488406e-03 2.399878783442664698e+00 5.002319902351763936e-01 1.264157062440092849e+00 7.342171370234893413e-01
6.832775919732442560e+01 8.954962321473147052e-03 2.410495909934021519e+00 4.971650556169153745e-01 1.269749119392564518e+00 6.751855726427966609e-01
6.862876254180602587e+01 9.027207245798762186e-03 2.421113036425378784e+00 4.936087634315681760e-01 1.275341176345036409e+00 6.143587888692511045e-01
6.892976588628762613e+01 9.108620370022208618e-03 2.431730162916735605e+00 4.897884943089734766e-01 1.280933233297508078e+00 5.531870659591705541e-01
6.923076923076924061e+01 9.198601111435890723e-03 2.442347289408092426e+00 4.858686289370330869e-01 1.286525290249979747e+00 4.938340084239963290e-01
6.953177257525084087e+01 9.296447125862396244e-03 2.452964415899449246e+00 4.819386312323202803e-01 1.292117347202451416e+00 4.385231829323997799e-01
6.983277591973244114e+01 9.401411317022474387e-03 2.463581542390806067e+00 4.780109458408305367e-01 1.297709404154923085e+00 3.890831699695503909e-01
7.013377926421405562e+01 9.512750437727706884e-03 2.474198668882163332e+00 4.740307019645574882e-01 1.303301461107394976e+00 3.466816808802186123e-01
7.043478260869565588e+01 9.629757533303265338e-03 2.484815795373520153e+00 4.698950427752162651e-01 1.308893518059866645e+00 3.116605725887173217e-01
7.073578595317725615e+01 9.751773292120567357e-03 2.495432921864876974e+00 4.654781463672556518e-01 1.314485575012338314e+00 2.834402113289978264e-01
7.103678929765887062e+01 9.878175206642235764e-03 2.506050048356233795e+00 4.606570640588308896e-01 1.320077631964809983e+00 2.605624290914619334e-01
7.133779264214047089e+01 1.000834763599086318e-02 2.516667174847590616e+00 4.553335894363420566e-01 1.325669688917281874e+00 2.409831664823235964e-01
7.163879598662208537e+01 1.014163963213493211e-02 2.527284301338947881e+00 4.494484621587037099e-01 1.331261745869753543e+00 2.226292312890552350e-01
7.193979933110368563e+01 1.027732003607909408e-02 2.537901427830304701e+00 4.429860423827001736e-01 1.336853802822225212e+00 2.040349023218791802e-01
7.224080267558528590e+01 1.041454035107875799e-02 2.548518554321661522e+00 4.359697302330429736e-01 1.342445859774696881e+00 1.847462071585874999e-01
7.254180602006690037e+01 1.055231503546194029e-02 2.559135680813018343e+00 4.284503514069228913e-01 1.348037916727168772e+00 1.652759940276566641e-01
7.284280936454850064e+01 1.068952624751738634e-02 2.569752807304375164e+00 4.204910455656373780e-01 1.353629973679640441e+00 1.466634883338275575e-01
7.314381270903010090e+01 1.082495615853509840e-02 2.580369933795732429e+00 4.121526057012536715e-01 1.359222030632112110e+00 1.299173594244433516e-01
7.344481605351171538e+01 1.095734540430008848e-02 2.590987060287089250e+00 4.034826814168969711e-01 1.364814087584583779e+00 1.156287685492913692e-01
7.374581939799331565e+01 1.108547185640114743e-02 2.601604186778446071e+00 3.945109692512467903e-01 1.370406144537055448e+00 1.038655119230645490e-01
7.404682274247491591e+01 1.120824041069076564e-02 2.612221313269802891e+00 3.852508394176703543e-01 1.375998201489527339e+00 9.427472397978482743e-02
7.434782608695653039e+01 1.132477248319258868e-02 2.622838439761159712e+00 3.757062350208674739e-01 1.381590258441999008e+00 8.625893697342960909e-02
7.464882943143813065e+01 1.143448366903782737e-02 2.633455566252516533e+00 3.658815210309231958e-01 1.387182315394470677e+00 7.914148876657101095e-02
7.494983277591973092e+01 1.153713953201104120e-02 2.644072692743873798e+00 3.557914934700650567e-01 1.392774372346942346e+00 7.231176381593946989e-02
7.525083612040134540e+01 1.163288242438267027e-02 2.654689819235230619e+00 3.454690112382983180e-01 1.398366429299414238e+00 6.536286599504331774e-02
7.555183946488294566e+01 1.172222603950903372e-02 2.665306945726587440e+00 3.349685160754569124e-01 1.403958486251885907e+00 5.819892525936148225e-02
7.585284280936456014e+01 1.180601841929721126e-02 2.675924072217944261e+00 3.243647756942714677e-01 1.409550543204357576e+00 5.105160790922977365e-02
7.615384615384616041e+01 1.188537774830533689e-02 2.686541198709301081e+00 3.137472256835385775e-01 1.415142600156829245e+00 4.436267970267027821e-02
7.645484949832776067e+01 1.196160798220733540e-02 2.697158325200658346e+00 3.032110822108257664e-01 1.420734657109301136e+00 3.856454565818820401e-02
7.675585284280937515e+01 1.203610291510261686e-02 2.707775451692015167e+00 2.928468569154537016e-01 1.426326714061772805e+00 3.386848169230113198e-02
7.705685618729097541e+01 1.211024766084441151e-02 2.718392578183371988e+00 2.827300412199803548e-01 1.431918771014244474e+00 3.018353971016000600e-02
7.735785953177257568e+01 1.218532588502570582e-02 2.729009704674728809e+00 2.729126059823219763e-01 1.437510827966716143e+00 2.721272049484724925e-02
7.765886287625419016e+01 1.226243978030567075e-02 2.739626831166085630e+00 2.634176476299999181e-01 1.443102884919187812e+00 2.465220198993200301e-02
7.795986622073579042e+01 1.234244806443459373e-02 2.750243957657442895e+00 2.542380388751874221e-01 1.448694941871659703e+00 2.234706180289275715e-02
7.826086956521739069e+01 1.242592548026453039e-02 2.760861084148799716e+00 2.453393317399395757e-01 1.454286998824131372e+00 2.029849853299794601e-02
7.856187290969900516e+01 1.251314556549815507e-02 2.771478210640156536e+00 2.366664578321527601e-01 1.459879055776603041e+00 1.854318477864303275e-02
7.886287625418060543e+01 1.260408689454615115e-02 2.782095337131513357e+00 2.281530755897107909e-01 1.465471112729074710e+00 1.702747783920041669e-02
7.916387959866221991e+01 1.269846154669121777e-02 2.792712463622870178e+00 2.197318782623442768e-01 1.471063169681546601e+00 1.559005511954715886e-02
7.946488294314382017e+01 1.279576316593297736e-02 2.803329590114227443e+00 2.113439586261064707e-01 1.476655226634018270e+00 1.406022571075047148e-02
7.976588628762542044e+01 1.289533062336348408e-02 2.813946716605584264e+00 2.029455258389577799e-01 1.482247283586489939e+00 1.237688681082944192e-02
8.006688963210703491e+01 1.299642202377338310e-02 2.824563843096941085e+00 1.945108702866059913e-01 1.487839340538961608e+00 1.062587579137362105e-02
8.036789297658863518e+01 1.309829275118093266e-02 2.835180969588297906e+00 1.860313302141998471e-01 1.493431397491433499e+00 8.976195499100005429e-03
8.066889632107023544e+01 1.320027061789545882e-02 2.845798096079654727e+00 1.775109004394275769e-01 1.499023454443905168e+00 7.579420534837630688e-03
8.096989966555184992e+01 1.330182116553263981e-02 2.856415222571011547e+00 1.689598041672269180e-01 1.504615511396376837e+00 6.506345523636295966e-03
8.127090301003345019e+01 1.340259689739122309e-02 2.867032349062368812e+00 1.603876669132204003e-01 1.510207568348848506e+00 5.741745656882553048e-03
8.157190635451505045e+01 1.350246571481839540e-02 2.877649475553725633e+00 1.517978554898051224e-01 1.515799625301320175e+00 5.210025627849041059e-03
8.187290969899666493e+01 1.360151595655208906e-02 2.888266602045082454e+00 1.431841629406280514e-01 1.521391682253792066e+00 4.803164826887511112e-03
8.217391304347826519e+01 1.370003793784310350e-02 2.898883728536439275e+00 1.345304853087076757e-01 1.526983739206263735e+00 4.407593023020735939e-03
8.247491638795986546e+01 1.379848440763883043e-02 2.909500855027796096e+00 1.258135937546629723e-01 1.532575796158735404e+00 3.936744133382526212e-03
8.277591973244147994e+01 1.389741452280704795e-02 2.920117981519153361e+00 1.170086398936196898e-01 1.538167853111207073e+00 3.361379996971264501e-03
8.307692307692308020e+01 1.399742747166720681e-02 2.930735108010510181e+00 1.080966555839273646e-01 1.543759910063678964e+00 2.716944075372106342e-03
8.337792642140469468e+01 1.409909257719634684e-02 2.941352234501867002e+00 9.907299492118178119e-02 1.549351967016150633e+00 2.078903496442856009e-03
8.367892976588629494e+01 1.420288253746658860e-02 2.951969360993223823e+00 8.995540552701507264e-02 1.554944023968622302e+00 1.522491726898396024e-03
8.397993311036789521e+01 1.430911553200206986e-02 2.962586487484580644e+00 8.079025234374188902e-02 1.560536080921093971e+00 1.093827324956324343e-03
8.428093645484950969e+01 1.441791046874426295e-02 2.973203613975937909e+00 7.165544579560718941e-02 1.566128137873565862e+00 8.049088782760586633e-04
8.458193979933110995e+01 1.452915795616598754e-02 2.983820740467294730e+00 6.265894800617458071e-02 1.571720194826037531e+00 6.437585674349245940e-04
8.488294314381271022e+01 1.464250793891049875e-02 2.994437866958651551e+00 5.393238316686267686e-02 1.577312251778509200e+00 5.848218659604603655e-04
8.518394648829432469e+01 1.475737354515379261e-02 3.005054993450008372e+00 4.562018328147598306e-02 1.582904308730980869e+00 5.945170203482268200e-04
8.548494983277592496e+01 1.487294966622456326e-02 3.015672119941365192e+00 3.786566155773077313e-02 1.588496365683452538e+00 6.366213276757172641e-04
8.578595317725752523e+01 1.498824411836059169e-02 3.026289246432722457e+00 3.079616076270669245e-02 1.594088422635924429e+00 6.808235837786676559e-04
8.608695652173913970e+01 1.510211883034694690e-02 3.036906372924079278e+00 2.450973779139473466e-02 1.599680479588396098e+00 7.100515455445220551e-04
8.638795986622073997e+01 1.521333822861832552e-02 3.047523499415436099e+00 1.906560088009382273e-02 1.605272536540867767e+00 7.199040021172455582e-04
8.668896321070235444e+01 1.532062174257278579e-02 3.058140625906792920e+00 1.447976154145852110e-02 1.610864593493339436e+00 7.104042227000314678e-04
8.698996655518395471e+01 1.542269708551256835e-02 3.068757752398149741e+00 1.072630189339093473e-02 1.616456650445811327e+00 6.782404522552759650e-04
8.729096989966555498e+01 1.551835073135729784e-02 3.079374878889507006e+00 7.743575245977065043e-03 1.622048707398282996e+00 6.170928453238773773e-04
8.759197324414716945e+01 1.560647193592539471e-02 3.089992005380863827e+00 5.443825905466621179e-03 1.627640764350754665e+00 5.249941646592015112e-04
8.789297658862876972e+01 1.568608691289425511e-02 3.100609131872220647e+00 3.724308094498801538e-03 1.633232821303226334e+00 4.105237843949770715e-04
8.819397993311036998e+01 1.575638050873530774e-02 3.111226258363577468e+00 2.478039623100780631e-03 1.638824878255698225e+00 2.913027590523779831e-04
8.849498327759198446e+01 1.581670397360582930e-02 3.121843384854934289e+00 1.602750640423994226e-03 1.644416935208169894e+00 1.859802981376357592e-04
8.879598662207358473e+01 1.586656910317115268e-02 3.132460511346291110e+00 1.007209949058908947e-03 1.650008992160641563e+00 1.062592615282923088e-04
8.909698996655518499e+01 1.590563089242871819e-02 3.143077637837648375e+00 6.147460072038766002e-04 1.655601049113113232e+00 5.414887066063045587e-05
8.939799331103679947e+01 1.593366255566456072e-02 3.153694764329005196e+00 3.642834135162698050e-04 1.661193106065584901e+00 2.455908171374859088e-05
8.969899665551839973e+01 1.595052795912761667e-02 3.164311890820362017e+00 2.095152357140813533e-04 1.666785163018056792e+00 9.899693694586012599e-06
9.000000000000000000e+01 1.595615688575794874e-02 3.174929017311718837e+00 1.169242962251743615e-04 1.672377219970528461e+00 3.543100751373236473e-06
