0.000000000000000000e+00 1.373895145609444791e-02 4.441833633225117373e-04 3.198031377498350980e-01 8.684213827765338567e-05 1.581724522613296990e+00
3.010033444816053727e-01 1.374222411376099448e-02 1.066762855596058331e-02 3.186520141952112195e-01 2.381584900067051230e-03 1.576207047963383401e+00
6.020066889632107454e-01 1.375197902842884706e-02 2.089107374859865487e-02 3.170013498939389662e-01 4.676327661856449075e-03 1.561334641981809268e+00
9.030100334448161181e-01 1.376803698925106213e-02 3.111451894123672818e-02 3.183364904767194692e-01 6.971070423645846920e-03 1.539518358056866765e+00
1.204013377926421491e+00 1.379012899753848109e-02 4.133796413387479801e-02 3.255570318941243824e-01 9.265813185435244764e-03 1.514136028421816826e+00
1.505016722408026864e+00 1.381792939532470489e-02 5.156140932651286785e-02 3.388899048946948933e-01 1.156055594722464261e-02 1.488813349146472564e+00
1.806020066889632236e+00 1.385108263256940204e-02 6.178485451915094462e-02 3.555690418722805557e-01 1.385529870901404045e-02 1.466702656587148157e+00
2.107023411371237387e+00 1.388921073707826900e-02 7.200829971178901445e-02 3.719857752189735245e-01 1.615004147080343830e-02 1.449935257440646330e+00
2.408026755852842982e+00 1.393189259015664185e-02 8.223174490442708429e-02 3.865723066601823299e-01 1.844478423259283614e-02 1.439359924605511099e+00
2.709030100334448576e+00 1.397861320620878353e-02 9.245519009706515412e-02 4.006661867756666218e-01 2.073952699438223399e-02 1.434596096203099691e+00
3.010033444816053727e+00 1.402868975310002202e-02 1.026786352897032240e-01 4.171453546172833593e-01 2.303426975617163183e-02 1.434357499724406848e+00
3.311036789297658878e+00 1.408118895512137925e-02 1.129020804823412938e-01 4.386144050545752182e-01 2.532901251796102968e-02 1.436945684641893539e+00
3.612040133779264472e+00 1.413485574573539530e-02 1.231255256749793775e-01 4.663844025091599121e-01 2.762375527975042752e-02 1.440765760847489751e+00
3.913043478260870067e+00 1.418807408507265048e-02 1.333489708676174335e-01 5.005149884424128226e-01 2.991849804153982537e-02 1.444696604423088004e+00
4.214046822742474774e+00 1.423887717995854160e-02 1.435724160602555033e-01 5.403052805662930114e-01 3.221324080332922668e-02 1.448198589821569016e+00
4.515050167224080369e+00 1.428501651480986942e-02 1.537958612528935731e-01 5.844811960702748221e-01 3.450798356511862452e-02 1.451173442600891761e+00
4.816053511705685963e+00 1.432408869286910802e-02 1.640193064455316430e-01 6.319710407587151302e-01 3.680272632690802237e-02 1.453730209915680138e+00
5.117056856187291558e+00 1.435370828811996860e-02 1.742427516381697128e-01 6.844220779847012270e-01 3.909746908869742021e-02 1.456045465790757998e+00
5.418060200668897153e+00 1.437170598289922233e-02 1.844661968308077826e-01 7.481741584088082986e-01 4.139221185048681806e-02 1.458392375569168342e+00
5.719063545150501859e+00 1.437632600795582527e-02 1.946896420234458525e-01 8.320618257713886523e-01 4.368695461227621590e-02 1.461241200311752086e+00
6.020066889632107454e+00 1.436639623514336314e-02 2.049130872160839223e-01 9.422303391196826805e-01 4.598169737406561375e-02 1.465254338063877615e+00
6.321070234113713049e+00 1.434144810529475005e-02 2.151365324087219921e-01 1.078983235310553290e+00 4.827644013585501159e-02 1.471085551858638096e+00
6.622073578595317755e+00 1.430177091553350502e-02 2.253599776013600620e-01 1.237685469809622685e+00 5.057118289764440944e-02 1.479070472354325760e+00
6.923076923076923350e+00 1.424839428290415946e-02 2.355834227939981318e-01 1.411362619834955368e+00 5.286592565943380728e-02 1.489008495400749199e+00
7.224080267558528945e+00 1.418300213572317586e-02 2.458068679866362571e-01 1.592603380847519068e+00 5.516066842122320513e-02 1.500189484653069005e+00
7.525083612040134540e+00 1.410778988066979829e-02 2.560303131792743270e-01 1.774478166793856948e+00 5.745541118301260297e-02 1.511656022217152895e+00
7.826086956521740134e+00 1.402528244643453000e-02 2.662537583719123968e-01 1.950633379721488314e+00 5.975015394480200082e-02 1.522547924530714525e+00
8.127090301003345729e+00 1.393813425304781667e-02 2.764772035645504666e-01 2.114312748590295055e+00 6.204489670659139866e-02 1.532354636146516791e+00
8.428093645484949548e+00 1.384893280635878660e-02 2.867006487571885365e-01 2.257734941097330417e+00 6.433963946838079651e-02 1.540996126690175716e+00
8.729096989966555142e+00 1.376002588237847622e-02 2.969240939498266063e-01 2.374443653273337951e+00 6.663438223017019435e-02 1.548769504530936647e+00
9.030100334448160737e+00 1.367338859986522506e-02 3.071475391424646761e-01 2.462333744736344698e+00 6.892912499195959219e-02 1.556246613059897976e+00
9.331103678929766332e+00 1.359054156485529213e-02 3.173709843351027460e-01 2.521832054743935014e+00 7.122386775374899004e-02 1.564173474042555911e+00
9.632107023411371927e+00 1.351252518722648524e-02 3.275944295277408158e-01 2.552748950605411515e+00 7.351861051553838788e-02 1.573362353333136232e+00
9.933110367892977521e+00 1.343992872048801850e-02 3.378178747203788856e-01 2.557761052223249898e+00 7.581335327732778573e-02 1.584545998778108311e+00
1.023411371237458312e+01 1.337296613823334493e-02 3.480413199130169555e-01 2.546437502364663263e+00 7.810809603911718357e-02 1.598198229450524144e+00
1.053511705685618871e+01 1.331158530545312711e-02 3.582647651056550253e-01 2.528737983243025234e+00 8.040283880090658142e-02 1.614380506534341286e+00
1.083612040133779431e+01 1.325559275953517614e-02 3.684882102982930951e-01 2.505224179896602177e+00 8.269758156269597926e-02 1.632699364643206641e+00
1.113712374581939812e+01 1.320477446830346444e-02 3.787116554909311650e-01 2.468437769648628599e+00 8.499232432448537711e-02 1.652426122346579485e+00
1.143812709030100372e+01 1.315899367045629716e-02 3.889351006835692348e-01 2.411915553337003804e+00 8.728706708627477495e-02 1.672749218171149854e+00
1.173913043478260931e+01 1.311825046854233311e-02 3.991585458762073046e-01 2.334075010846224707e+00 8.958180984806417280e-02 1.693046163825447037e+00
1.204013377926421491e+01 1.308269391921298465e-02 4.093819910688453745e-01 2.236784880316710300e+00 9.187655260985357064e-02 1.713032652869404870e+00
1.234113712374582050e+01 1.305258515048358589e-02 4.196054362614834443e-01 2.124539461558812459e+00 9.417129537164296849e-02 1.732702078231234344e+00
1.264214046822742610e+01 1.302821833320596916e-02 4.298288814541215141e-01 2.002553336021668073e+00 9.646603813343236633e-02 1.752087240971225368e+00
1.294314381270903169e+01 1.300981373565391480e-02 4.400523266467595840e-01 1.872605276511592365e+00 9.876078089522176418e-02 1.770987442246650945e+00
1.324414715719063551e+01 1.299740223834975825e-02 4.502757718393976538e-01 1.732284189911445393e+00 1.010555236570111620e-01 1.788836180631504291e+00
1.354515050167224111e+01 1.299072255448884168e-02 4.604992170320357237e-01 1.580065083159894357e+00 1.033502664188005599e-01 1.804813540397139482e+00
1.384615384615384670e+01 1.298915053141229403e-02 4.707226622246737935e-01 1.420877426149744771e+00 1.056450091805899577e-01 1.818172799213803481e+00
1.414715719063545230e+01 1.299167454576637473e-02 4.809461074173118633e-01 1.265915161498350816e+00 1.079397519423793556e-01 1.828627945811072131e+00
1.444816053511705789e+01 1.299692309045681789e-02 4.911695526099499887e-01 1.126489741953938140e+00 1.102344947041687534e-01 1.836604416469901357e+00
1.474916387959866348e+01 1.300324166244064619e-02 5.013929978025880585e-01 1.007963726246640102e+00 1.125292374659581512e-01 1.843216029381704146e+00
1.505016722408026908e+01 1.300880772222334780e-02 5.116164429952261283e-01 9.087560359514924579e-01 1.148239802277475491e-01 1.849970319180936018e+00
1.535117056856187467e+01 1.301176642391233505e-02 5.218398881878641982e-01 8.238663642124146591e-01 1.171187229895369469e-01 1.858348412302261332e+00
1.565217391304348027e+01 1.301036716343425235e-02 5.320633333805022680e-01 7.495451551071439233e-01 1.194134657513263448e-01 1.869465830330797385e+00
1.595317725752508409e+01 1.300308219620101291e-02 5.422867785731403378e-01 6.854371893275927885e-01 1.217082085131157426e-01 1.883952503983800097e+00
1.625418060200669146e+01 1.298869324506460136e-02 5.525102237657784077e-01 6.326220138255587155e-01 1.240029512749051405e-01 1.902038658938759230e+00
1.655518394648829528e+01 1.296633902862549988e-02 5.627336689584164775e-01 5.906292925745052491e-01 1.262976940366945244e-01 1.923711587282876945e+00
1.685618729096989910e+01 1.293552438595806445e-02 5.729571141510545473e-01 5.573308205069110732e-01 1.285924367984839223e-01 1.948808409730754532e+00
1.715719063545150647e+01 1.289609845229773913e-02 5.831805593436926172e-01 5.307088031479436641e-01 1.308871795602733201e-01 1.977018956580657738e+00
1.745819397993311028e+01 1.284821374408843739e-02 5.934040045363306870e-01 5.090409231852599525e-01 1.331819223220627180e-01 2.007884569919254680e+00
1.775919732441471766e+01 1.279227925301339684e-02 6.036274497289687568e-01 4.896366511089841334e-01 1.354766650838521158e-01 2.040892288565761881e+00
1.806020066889632147e+01 1.272891872254573037e-02 6.138508949216068267e-01 4.692128377966903185e-01 1.377714078456415137e-01 2.075672366922228562e+00
1.836120401337792885e+01 1.265894093252036175e-02 6.240743401142448965e-01 4.463240629950953609e-01 1.400661506074309115e-01 2.112192453272288883e+00
1.866220735785953266e+01 1.258332332460904146e-02 6.342977853068829663e-01 4.225743871753702696e-01 1.423608933692203093e-01 2.150799183164344264e+00
1.896321070234114003e+01 1.250320513190766696e-02 6.445212304995210362e-01 4.008399553357899214e-01 1.446556361310097072e-01 2.192026072388233437e+00
1.926421404682274385e+01 1.241988261307463634e-02 6.547446756921591060e-01 3.827033495147487141e-01 1.469503788927991050e-01 2.236227996568188381e+00
1.956521739130434767e+01 1.233479782727503124e-02 6.649681208847971758e-01 3.675777607626136145e-01 1.492451216545885029e-01 2.283226806547436816e+00
1.986622073578595504e+01 1.224951375259166440e-02 6.751915660774352457e-01 3.536557060036050748e-01 1.515398644163779007e-01 2.332168166186826763e+00
2.016722408026755886e+01 1.216567192990615671e-02 6.854150112700733155e-01 3.397053930584499892e-01 1.538346071781672986e-01 2.381670679416214575e+00
2.046822742474916623e+01 1.208493321511141042e-02 6.956384564627113853e-01 3.264622870228222618e-01 1.561293499399566964e-01 2.430171758441477703e+00
2.076923076923077005e+01 1.200890646711406419e-02 7.058619016553494552e-01 3.162131649118042342e-01 1.584240927017460943e-01 2.476273766615176619e+00
2.107023411371237742e+01 1.193907304095661280e-02 7.160853468479875250e-01 3.105064456320727473e-01 1.607188354635354921e-01 2.518945966622355037e+00
2.137123745819398124e+01 1.187671614134952480e-02 7.263087920406255948e-01 3.081224245217105695e-01 1.630135782253248899e-01 2.557589096563438247e+00
2.167224080267558861e+01 1.182286330061858848e-02 7.365322372332636647e-01 3.056591321788265092e-01 1.653083209871142878e-01 2.592081778257411262e+00
2.197324414715719243e+01 1.177824787077497333e-02 7.467556824259017345e-01 3.005715707264366987e-01 1.676030637489036856e-01 2.622905142059740680e+00
2.227424749163879625e+01 1.174329221368037961e-02 7.569791276185398043e-01 2.936708968698200084e-01 1.698978065106930835e-01 2.651311065327571104e+00
2.257525083612040362e+01 1.171811209809594731e-02 7.672025728111778742e-01 2.881816009244774213e-01 1.721925492724824813e-01 2.679376229244691654e+00
2.287625418060200744e+01 1.170253938230447245e-02 7.774260180038159440e-01 2.862077451534318917e-01 1.744872920342718792e-01 2.709773167866309951e+00
2.317725752508361481e+01 1.169615875309426740e-02 7.876494631964540138e-01 2.867014406302245133e-01 1.767820347960612770e-01 2.745212101186231379e+00
2.347826086956521863e+01 1.169835407928485060e-02 7.978729083890920837e-01 2.871787848592421422e-01 1.790767775578506749e-01 2.787699563698421645e+00
2.377926421404682600e+01 1.170836046081919976e-02 8.080963535817301535e-01 2.867841359561890680e-01 1.813715203196400727e-01 2.837913138703589855e+00
2.408026755852842982e+01 1.172531879709911608e-02 8.183197987743682233e-01 2.869739624281722468e-01 1.836662630814294705e-01 2.895006423191829548e+00
2.438127090301003363e+01 1.174833020543382227e-02 8.285432439670062932e-01 2.893134474773171871e-01 1.859610058432188684e-01 2.956997163150360208e+00
2.468227424749164101e+01 1.177650767334915971e-02 8.387666891596443630e-01 2.931398081538887368e-01 1.882557486050082662e-01 3.021613861529993450e+00
2.498327759197324482e+01 1.180902201718864349e-02 8.489901343522824329e-01 2.955100031673319472e-01 1.905504913667976641e-01 3.087225121591440580e+00
2.528428093645485220e+01 1.184513888780960693e-02 8.592135795449205027e-01 2.934186512655803658e-01 1.928452341285870619e-01 3.153405206785624415e+00
2.558528428093645601e+01 1.188424365055804066e-02 8.694370247375585725e-01 2.863872691857009545e-01 1.951399768903764598e-01 3.220865480178328077e+00
2.588628762541806339e+01 1.192585180348986959e-02 8.796604699301966424e-01 2.769982636436137402e-01 1.974347196521658576e-01 3.290824842827444474e+00
2.618729096989966720e+01 1.196960424863821940e-02 8.898839151228347122e-01 2.686680410659886831e-01 1.997294624139552555e-01 3.364204942803338927e+00
2.648829431438127102e+01 1.201524892992083572e-02 9.001073603154727820e-01 2.628910951266865692e-01 2.020242051757446533e-01 3.441117362247792411e+00
2.678929765886287839e+01 1.206261256871960647e-02 9.103308055081108519e-01 2.587468901158242462e-01 2.043189479375340512e-01 3.520898248571138200e+00
2.709030100334448221e+01 1.211156784317713418e-02 9.205542507007489217e-01 2.547421541205447948e-01 2.066136906993234490e-01 3.602579120639862520e+00
2.739130434782608958e+01 1.216200187188142164e-02 9.307776958933869915e-01 2.505040981549784274e-01 2.089084334611128468e-01 3.685413341871260240e+00
2.769230769230769340e+01 1.221379108284310032e-02 9.410011410860250614e-01 2.465220182710717023e-01 2.112031762229022447e-01 3.769086881813023204e+00
2.799331103678930077e+01 1.226678566651127900e-02 9.512245862786631312e-01 2.428402251526315947e-01 2.134979189846916425e-01 3.853502699423284827e+00
2.829431438127090459e+01 1.232080435850828846e-02 9.614480314713012010e-01 2.387787247599360563e-01 2.157926617464810404e-01 3.938339719465156374e+00
2.859531772575251196e+01 1.237563798384247286e-02 9.716714766639392709e-01 2.340196562886895648e-01 2.180874045082704382e-01 4.022742521614652844e+00
2.889632107023411578e+01 1.243105868455999380e-02 9.818949218565774517e-01 2.293097878409046664e-01 2.203821472700598361e-01 4.105423352527318492e+00
2.919732441471571960e+01 1.248683145192675675e-02 9.921183670492155215e-01 2.258442751405579374e-01 2.226768900318492339e-01 4.185219596511759121e+00
2.949832775919732697e+01 1.254272549875790760e-02 1.002341812241853480e+00 2.244148204654125844e-01 2.249716327936386318e-01 4.261868465888442259e+00
2.979933110367893079e+01 1.259852473000264844e-02 1.012565257434491439e+00 2.249503260024455498e-01 2.272663755554280296e-01 4.336559474010807769e+00
3.010033444816053816e+01 1.265403839608979404e-02 1.022788702627129620e+00 2.261627201372810869e-01 2.295611183172174274e-01 4.411826551208434921e+00
3.040133779264214198e+01 1.270911416468432399e-02 1.033012147819767579e+00 2.259761675153926785e-01 2.318558610790068253e-01 4.490624192746476950e+00
3.070234113712374935e+01 1.276365573242419470e-02 1.043235593012405760e+00 2.231205671569883864e-01 2.341506038407962231e-01 4.574916096081872219e+00
3.100334448160535317e+01 1.281764554521654109e-02 1.053459038205043719e+00 2.183294597832882156e-01 2.364453466025856210e-01 4.664500883921339991e+00
3.130434782608696054e+01 1.287117055884401569e-02 1.063682483397681899e+00 2.138165832961429758e-01 2.387400893643750188e-01 4.756774210738870856e+00
3.160535117056856436e+01 1.292444608142634052e-02 1.073905928590319858e+00 2.116288291093066654e-01 2.410348321261644167e-01 4.847607511942640279e+00
3.190635451505016817e+01 1.297783067787498280e-02 1.084129373782958039e+00 2.120979021935879838e-01 2.433295748879538145e-01 4.932840459672161337e+00
3.220735785953177555e+01 1.303182487539085443e-02 1.094352818975595998e+00 2.133255656076945839e-01 2.456243176497432124e-01 5.009539917078399185e+00
3.250836120401338292e+01 1.308704852786627196e-02 1.104576264168234179e+00 2.124315279720994376e-01 2.479190604115326102e-01 5.076422728576790888e+00
3.280936454849498318e+01 1.314419600450091909e-02 1.114799709360872138e+00 2.080430563419899403e-01 2.502138031733220358e-01 5.133451050702593221e+00
3.311036789297659055e+01 1.320397392872437597e-02 1.125023154553510318e+00 2.015555043181000150e-01 2.525085459351114059e-01 5.181097985275521900e+00
3.341137123745819792e+01 1.326703150676585702e-02 1.135246599746148277e+00 1.953891461446220223e-01 2.548032886969007760e-01 5.219817560751191188e+00
3.371237458193979819e+01 1.333389689886451367e-02 1.145470044938786458e+00 1.901462785161247837e-01 2.570980314586902016e-01 5.249911856677526245e+00
3.401337792642140556e+01 1.340493331227778431e-02 1.155693490131424417e+00 1.841460560450168260e-01 2.593927742204796272e-01 5.271622846619274938e+00
3.431438127090301293e+01 1.348032506414608388e-02 1.165916935324062598e+00 1.758337355557254289e-01 2.616875169822689973e-01 5.285180694981009175e+00
3.461538461538462030e+01 1.356009735721641282e-02 1.176140380516700557e+00 1.660148986975523711e-01 2.639822597440583674e-01 5.290717686533074726e+00
3.491638795986622057e+01 1.364416548723140950e-02 1.186363825709338737e+00 1.571952097817100602e-01 2.662770025058477930e-01 5.288175683166378427e+00
3.521739130434782794e+01 1.373240178668549971e-02 1.196587270901976696e+00 1.510572967085702101e-01 2.685717452676372186e-01 5.277370255827308121e+00
3.551839464882943531e+01 1.382470390281922805e-02 1.206810716094614877e+00 1.472214491779223478e-01 2.708664880294265886e-01 5.258206622461730539e+00
3.581939799331104268e+01 1.392104743954061634e-02 1.217034161287252836e+00 1.442838385003086532e-01 2.731612307912159587e-01 5.230848139983607759e+00
3.612040133779264295e+01 1.402150986885103076e-02 1.227257606479891017e+00 1.414726910098391688e-01 2.754559735530053843e-01 5.195612574622763269e+00
3.642140468227425032e+01 1.412625998382960497e-02 1.237481051672528976e+00 1.392201041279833018e-01 2.777507163147948099e-01 5.152554991607472878e+00
3.672240802675585769e+01 1.423551605728328069e-02 1.247704496865167156e+00 1.383305452145743852e-01 2.800454590765841800e-01 5.100953231250884734e+00
3.702341137123745796e+01 1.434948387051353073e-02 1.257927942057805115e+00 1.388096844653743944e-01 2.823402018383735501e-01 5.039055565556367355e+00
3.732441471571906533e+01 1.446829071639373944e-02 1.268151387250443296e+00 1.396697256081903538e-01 2.846349446001629757e-01 4.964380262024461032e+00
3.762541806020067270e+01 1.459193206391717207e-02 1.278374832443081255e+00 1.397390886351158046e-01 2.869296873619524013e-01 4.874602635766175140e+00
3.792642140468228007e+01 1.472024372931985542e-02 1.288598277635719436e+00 1.385170941515677656e-01 2.892244301237417714e-01 4.768742497587620477e+00
3.822742474916388034e+01 1.485290527414498060e-02 1.298821722828357395e+00 1.364159945693157461e-01 2.915191728855311415e-01 4.648124392919424253e+00
3.852842809364548771e+01 1.498947192551950552e-02 1.309045168020995575e+00 1.342675401988456807e-01 2.938139156473205671e-01 4.516569496244965620e+00
3.882943143812709508e+01 1.512942481882599208e-02 1.319268613213633756e+00 1.323765384448249427e-01 2.961086584091099927e-01 4.379559908805508606e+00
3.913043478260869534e+01 1.527222465781546620e-02 1.329492058406271715e+00 1.300081848381741678e-01 2.984034011708993628e-01 4.242599570588389213e+00
3.943143812709030271e+01 1.541735300400104772e-02 1.339715503598909896e+00 1.262471360197551518e-01 3.006981439326887329e-01 4.109428023024082499e+00
3.973244147157191009e+01 1.556432837006423153e-02 1.349938948791547855e+00 1.216157052426645180e-01 3.029928866944781585e-01 3.980861355911235577e+00
4.003344481605351746e+01 1.571269022858553729e-02 1.360162393984186036e+00 1.182765231742812784e-01 3.052876294562675841e-01 3.854756730801806253e+00
4.033444816053511772e+01 1.586195151005579534e-02 1.370385839176823994e+00 1.180367126829229979e-01 3.075823722180569542e-01 3.727078372754111690e+00
4.063545150501672509e+01 1.601152752962013356e-02 1.380609284369462175e+00 1.203393372204158429e-01 3.098771149798463242e-01 3.593560200383662195e+00
4.093645484949833246e+01 1.616065510340747649e-02 1.390832729562100134e+00 1.226034169186887013e-01 3.121718577416357498e-01 3.451240516253326174e+00
4.123745819397993273e+01 1.630831885081921936e-02 1.401056174754738315e+00 1.225113477588740396e-01 3.144666005034251755e-01 3.299266996359035531e+00
4.153846153846154010e+01 1.645320178885457604e-02 1.411279619947376274e+00 1.197998711614737949e-01 3.167613432652145455e-01 3.138757336389183639e+00
4.183946488294314747e+01 1.659367427458598859e-02 1.421503065140014455e+00 1.159746214830629923e-01 3.190560860270039156e-01 2.971956881287289409e+00
4.214046822742475484e+01 1.672782957849728441e-02 1.431726510332652413e+00 1.127857235397216468e-01 3.213508287887933412e-01 2.801229255481206160e+00
4.244147157190635511e+01 1.685356673417975557e-02 1.441949955525290594e+00 1.110563596284747101e-01 3.236455715505827668e-01 2.628403307565472247e+00
4.274247491638796248e+01 1.696871302589470290e-02 1.452173400717928553e+00 1.103439349138481407e-01 3.259403143123721369e-01 2.454710754910842674e+00
4.304347826086956985e+01 1.707117099838885432e-02 1.462396845910566734e+00 1.094533668682089456e-01 3.282350570741615070e-01 2.281177142314188000e+00
4.334448160535117722e+01 1.715906968523398315e-02 1.472620291103204693e+00 1.076304359405616390e-01 3.305297998359509326e-01 2.109099893771300582e+00
4.364548494983277749e+01 1.723089807148064923e-02 1.482843736295842874e+00 1.052206327250115175e-01 3.328245425977403582e-01 1.940271299402830385e+00
4.394648829431438486e+01 1.728560126780386702e-02 1.493067181488480832e+00 1.028811340740729829e-01 3.351192853595297283e-01 1.776821058313831081e+00
4.424749163879599223e+01 1.732262627342094630e-02 1.503290626681119013e+00 1.005613652974018390e-01 3.374140281213190984e-01 1.620798957422293851e+00
4.454849498327759250e+01 1.734191342232502958e-02 1.513514071873756972e+00 9.788929980670842135e-02 3.397087708831085240e-01 1.473746136260164485e+00
4.484949832775919987e+01 1.734383976033801109e-02 1.523737517066395153e+00 9.527737588669435431e-02 3.420035136448979496e-01 1.336465145377147001e+00
4.515050167224080724e+01 1.732912944168561037e-02 1.533960962259033112e+00 9.377295215803967132e-02 3.442982564066873197e-01 1.209052185560115067e+00
4.545150501672241461e+01 1.729875169362035323e-02 1.544184407451671293e+00 9.366365735074874688e-02 3.465929991684766898e-01 1.091108902013547377e+00
4.575250836120401488e+01 1.725382763187460061e-02 1.554407852644309251e+00 9.388530645592145507e-02 3.488877419302661154e-01 9.819937797412139346e-01
4.605351170568562225e+01 1.719556298910479217e-02 1.564631297836947432e+00 9.308810607563587636e-02 3.511824846920555410e-01 8.810183240023895523e-01
4.635451505016722962e+01 1.712521563549937453e-02 1.574854743029585391e+00 9.092594708869998488e-02 3.534772274538449111e-01 7.875796438329323301e-01
4.665551839464882988e+01 1.704409661958572117e-02 1.585078188222223572e+00 8.819158232993573598e-02 3.557719702156342811e-01 7.012669866944537533e-01
4.695652173913043725e+01 1.695359383873240242e-02 1.595301633414861531e+00 8.600694998994536100e-02 3.580667129774237067e-01 6.219524935336280258e-01
4.725752508361204463e+01 1.685520073390894477e-02 1.605525078607499712e+00 8.495579491064446376e-02 3.603614557392131323e-01 5.498177302935990385e-01
4.755852842809365200e+01 1.675053023138595859e-02 1.615748523800137670e+00 8.469567176964332145e-02 3.626561985010025024e-01 4.852506632255046970e-01
4.785953177257525226e+01 1.664129703006913055e-02 1.625971968992775851e+00 8.417413417036108403e-02 3.649509412627918725e-01 4.286060616499883236e-01
4.816053511705685963e+01 1.652925852799426443e-02 1.636195414185413810e+00 8.238688209941900931e-02 3.672456840245812981e-01 3.799165625929619705e-01
4.846153846153846700e+01 1.641611445354233464e-02 1.646418859378051991e+00 7.927598016781511880e-02 3.695404267863707237e-01 3.386944735614415003e-01
4.876254180602006727e+01 1.630337533106639147e-02 1.656642304570689950e+00 7.596772357330615344e-02 3.718351695481600938e-01 3.039281135927795474e-01
4.906354515050167464e+01 1.619221801734426966e-02 1.666865749763328131e+00 7.397246603674616228e-02 3.741299123099494639e-01 2.742729599554097897e-01
4.936454849498328201e+01 1.608335100976577420e-02 1.677089194955966089e+00 7.394673223350928248e-02 3.764246550717388895e-01 2.483389296954514602e-01
4.966555183946488938e+01 1.597691227357710478e-02 1.687312640148604270e+00 7.506117463409527069e-02 3.787193978335283151e-01 2.249443991384202091e-01
4.996655518394648965e+01 1.587241818367615340e-02 1.697536085341242229e+00 7.566042216462219583e-02 3.810141405953176852e-01 2.032538769453522409e-01
5.026755852842809702e+01 1.576877487695984084e-02 1.707759530533880410e+00 7.471493379968034698e-02 3.833088833571070553e-01 1.827944314518436253e-01
5.056856187290970439e+01 1.566435440471216842e-02 1.717982975726518369e+00 7.255066605623815279e-02 3.856036261188964809e-01 1.633987960873829470e-01
5.086956521739130466e+01 1.555712919144659583e-02 1.728206420919156550e+00 7.018905859191813812e-02 3.878983688806859065e-01 1.451256155994500308e-01
5.117056856187291203e+01 1.544485082380882279e-02 1.738429866111794508e+00 6.829169210997936001e-02 3.901931116424752766e-01 1.281780732131036493e-01
5.147157190635451940e+01 1.532525402690418197e-02 1.748653311304432689e+00 6.680169533017074612e-02 3.924878544042646467e-01 1.128177669826073148e-01
5.177257525083612677e+01 1.519626424369828824e-02 1.758876756497070648e+00 6.529204944317883175e-02 3.947825971660540723e-01 9.927171493188670370e-02
5.207357859531772704e+01 1.505618749378809587e-02 1.769100201689708829e+00 6.346205125535907265e-02 3.970773399278434979e-01 8.764834068763069364e-02
5.237458193979933441e+01 1.490386383585946828e-02 1.779323646882346788e+00 6.133334815910733429e-02 3.993720826896328679e-01 7.789023631007943593e-02
5.267558528428094178e+01 1.473877031320063903e-02 1.789547092074984969e+00 5.909032186088639810e-02 4.016668254514222380e-01 6.978297130969955686e-02
5.297658862876254204e+01 1.456106515338505096e-02 1.799770537267622927e+00 5.692941321134576543e-02 4.039615682132116636e-01 6.301487568563447772e-02
5.327759197324414941e+01 1.437157158227544106e-02 1.809993982460261108e+00 5.508734472508395458e-02 4.062563109750010892e-01 5.725936234457519591e-02
5.357859531772575679e+01 1.417170618879624172e-02 1.820217427652899067e+00 5.376793661724709600e-02 4.085510537367904593e-01 5.224378598836366960e-02
5.387959866220736416e+01 1.396336258004628010e-02 1.830440872845537248e+00 5.299138423415095805e-02 4.108457964985798294e-01 4.778056180828943456e-02
5.418060200668896442e+01 1.374876535833912186e-02 1.840664318038175207e+00 5.269947685580860658e-02 4.131405392603692550e-01 4.375897620089262002e-02
5.448160535117057179e+01 1.353031164162155076e-02 1.850887763230813388e+00 5.291107174379452299e-02 4.154352820221586806e-01 4.011575030040705897e-02
5.478260869565217916e+01 1.331041713332961444e-02 1.861111208423451346e+00 5.349676284388800440e-02 4.177300247839480507e-01 3.680785613247698762e-02
5.508361204013378654e+01 1.309138121584027536e-02 1.871334653616089527e+00 5.387446668637316249e-02 4.200247675457374208e-01 3.380115524671663263e-02
5.538461538461538680e+01 1.287528119256732030e-02 1.881558098808727486e+00 5.324344930470421844e-02 4.223195103075268464e-01 3.107245704847800410e-02
5.568561872909699417e+01 1.266390046093089465e-02 1.891781544001365667e+00 5.124385207917984270e-02 4.246142530693162720e-01 2.861306743047572695e-02
5.598662207357860154e+01 1.245869003660090429e-02 1.902004989194003626e+00 4.837146207520310465e-02 4.269089958311056421e-01 2.642444702902077558e-02
5.628762541806020181e+01 1.226075838482225747e-02 1.912228434386641807e+00 4.570230004524599571e-02 4.292037385928950122e-01 2.450620844428588047e-02
5.658862876254180918e+01 1.207088162023047320e-02 1.922451879579279765e+00 4.404849384186262928e-02 4.314984813546844378e-01 2.284372933768022765e-02
5.688963210702341655e+01 1.188952513095660989e-02 1.932675324771917946e+00 4.333907317497615735e-02 4.337932241164738634e-01 2.140229071486133769e-02
5.719063545150502392e+01 1.171686851225839376e-02 1.942898769964555905e+00 4.298375172180936982e-02 4.360879668782632335e-01 2.012976567188434068e-02
5.749163879598662419e+01 1.155282799492876079e-02 1.953122215157194086e+00 4.271254851905773725e-02 4.383827096400526036e-01 1.896586101863389009e-02
5.779264214046823156e+01 1.139707375500167291e-02 1.963345660349832267e+00 4.268597425149658897e-02 4.406774524018420292e-01 1.785464255549823118e-02
5.809364548494983893e+01 1.124904293154203698e-02 1.973569105542470226e+00 4.285607821906327330e-02 4.429721951636314548e-01 1.675702473206078236e-02
5.839464882943143920e+01 1.110795219717654846e-02 1.983792550735108406e+00 4.270256269086522560e-02 4.452669379254208248e-01 1.565999921845088669e-02
5.869565217391304657e+01 1.097281573374558894e-02 1.994015995927746365e+00 4.174806110779257645e-02 4.475616806872101949e-01 1.458023178217656736e-02
5.899665551839465394e+01 1.084247501333344792e-02 2.004239441120384768e+00 4.004966123052854099e-02 4.498564234489996205e-01 1.356130457090417261e-02
5.929765886287626131e+01 1.071564563096761083e-02 2.014462886313022949e+00 3.808603266779862079e-02 4.521511662107890461e-01 1.266481738837780049e-02
5.959866220735786158e+01 1.059098361945974391e-02 2.024686331505660686e+00 3.636514055622379338e-02 4.544459089725784162e-01 1.195519938894491069e-02
5.989966555183946895e+01 1.046716957837305097e-02 2.034909776698298867e+00 3.516361424754314152e-02 4.567406517343677863e-01 1.147853019867851529e-02
6.020066889632107632e+01 1.034300428977534547e-02 2.045133221890937048e+00 3.448347638162681250e-02 4.590353944961572119e-01 1.123926036900462812e-02
6.050167224080267658e+01 1.021750525341727847e-02 2.055356667083575228e+00 3.420900653731079322e-02 4.613301372579466375e-01 1.118405706585074398e-02
6.080267558528428395e+01 1.008999080925658889e-02 2.065580112276212965e+00 3.427197262104347136e-02 4.636248800197360076e-01 1.120392904924148725e-02
6.110367892976589133e+01 9.960138104726210667e-03 2.075803557468851146e+00 3.462838564444947753e-02 4.659196227815253777e-01 1.116009105612624820e-02
6.140468227424749870e+01 9.828003550734955990e-03 2.086027002661489327e+00 3.517088434485839826e-02 4.682143655433148033e-01 1.092712027609718181e-02
6.170568561872909896e+01 9.693999419559298780e-03 2.096250447854127508e+00 3.573453305777388178e-02 4.705091083051042289e-01 1.043587071687843842e-02
6.200668896321070633e+01 9.558827045668851288e-03 2.106473893046765244e+00 3.615237244774840986e-02 4.728038510668935990e-01 9.696187234012594233e-03
6.230769230769231370e+01 9.423374373039916652e-03 2.116697338239403425e+00 3.631054825919265150e-02 4.750985938286829691e-01 8.788509249717791488e-03
6.260869565217392108e+01 9.288591828798634445e-03 2.126920783432041606e+00 3.617972496745059524e-02 4.773933365904723947e-01 7.829219826896414297e-03
6.290969899665552134e+01 9.155364352530044256e-03 2.137144228624679787e+00 3.582081162704861543e-02 4.796880793522618203e-01 6.927530528674620894e-03
6.321070234113712871e+01 9.024398053620121679e-03 2.147367673817317524e+00 3.540485078525779788e-02 4.819828221140511904e-01 6.153922144686969041e-03
6.351170568561873608e+01 8.896137308816181102e-03 2.157591119009955705e+00 3.516127463863510938e-02 4.842775648758405604e-01 5.531106834468590625e-03
6.381270903010033635e+01 8.770722779548755302e-03 2.167814564202593886e+00 3.516758606816103305e-02 4.865723076376299860e-01 5.045120630302546427e-03
6.411371237458195083e+01 8.647993993223232478e-03 2.178038009395232066e+00 3.520610899993671661e-02 4.888670503994194116e-01 4.665426010444096404e-03
6.441471571906355109e+01 8.527533186440644508e-03 2.188261454587869803e+00 3.494939948945233188e-02 4.911617931612087817e-01 4.362843067263414386e-03
6.471571906354515136e+01 8.408741319521845572e-03 2.198484899780507984e+00 3.432160912434019384e-02 4.934565359229981518e-01 4.119764202759444369e-03
6.501672240802676583e+01 8.290933413082932774e-03 2.208708344973146165e+00 3.363955533263589953e-02 4.957512786847875774e-01 3.932476672823756632e-03
6.531772575250836610e+01 8.173438971115054574e-03 2.218931790165784346e+00 3.331005680938874114e-02 4.980460214465770030e-01 3.807270998059819871e-03
6.561872909698996637e+01 8.055694075325598585e-03 2.229155235358422082e+00 3.331947824822364956e-02 5.003407642083664841e-01 3.751725189755483920e-03
6.591973244147158084e+01 7.937314232215619131e-03 2.239378680551060263e+00 3.315089917669973574e-02 5.026355069701557987e-01 3.763216983972428060e-03
6.622073578595318111e+01 7.818140533976246365e-03 2.249602125743698444e+00 3.234722869267551287e-02 5.049302497319452243e-01 3.819156904196033351e-03
6.652173913043478137e+01 7.698255489746242894e-03 2.259825570936336625e+00 3.102416861277059248e-02 5.072249924937346499e-01 3.875190050915685441e-03
6.682274247491639585e+01 7.577968483233814972e-03 2.270049016128974362e+00 2.966033425319771280e-02 5.095197352555239645e-01 3.875476628042684793e-03
6.712374581939799612e+01 7.457773907946104591e-03 2.280272461321612543e+00 2.849851486343525989e-02 5.118144780173133901e-01 3.772717008689414290e-03
6.742474916387959638e+01 7.338287495892578498e-03 2.290495906514250724e+00 2.735490498148930930e-02 5.141092207791028157e-01 3.548536336097359717e-03
6.772575250836121086e+01 7.220168180871597112e-03 2.300719351706888904e+00 2.596967520453496298e-02 5.164039635408922413e-01 3.222661816035491279e-03
6.802675585284281112e+01 7.104034057222840572e-03 2.310942796899526641e+00 2.437053437458306174e-02 5.186987063026816669e-01 2.844756976477783982e-03
6.832775919732442560e+01 6.990381624852189460e-03 2.321166242092164822e+00 2.285223483572250067e-02 5.209934490644709815e-01 2.472890517620969682e-03
6.862876254180602587e+01 6.879517515628640403e-03 2.331389687284803003e+00 2.166543895762504043e-02 5.232881918262604071e-01 2.150485358309869345e-03
6.892976588628762613e+01 6.771511186849600052e-03 2.341613132477441184e+00 2.081781370924292232e-02 5.255829345880498327e-01 1.893701228612512839e-03
6.923076923076924061e+01 6.666175533640242117e-03 2.351836577670078920e+00 2.021336021639712904e-02 5.278776773498391472e-01 1.693908298968119187e-03
6.953177257525084087e+01 6.563079934749580131e-03 2.362060022862717101e+00 1.985453181524422100e-02 5.301724201116285728e-01 1.530865296956188766e-03
6.983277591973244114e+01 6.461596925988805605e-03 2.372283468055355282e+00 1.978525149464203936e-02 5.324671628734179984e-01 1.387484812020343353e-03
7.013377926421405562e+01 6.360979678744171223e-03 2.382506913247993463e+00 1.993733940574445029e-02 5.347619056352074240e-01 1.258588300478623257e-03
7.043478260869565588e+01 6.260463139640156174e-03 2.392730358440631200e+00 2.015970852209127140e-02 5.370566483969968496e-01 1.151226013722971746e-03
7.073578595317725615e+01 6.159377651457413790e-03 2.402953803633269381e+00 2.030173824812795888e-02 5.393513911587861642e-01 1.078944184781987538e-03
7.103678929765887062e+01 6.057260841117275731e-03 2.413177248825907562e+00 2.016060783099320880e-02 5.416461339205755898e-01 1.054500121589716259e-03
7.133779264214047089e+01 5.953952237304560753e-03 2.423400694018545742e+00 1.948762457653378799e-02 5.439408766823650154e-01 1.084969141492609160e-03
7.163879598662208537e+01 5.849655999091891295e-03 2.433624139211183479e+00 1.819993464758782112e-02 5.462356194441543300e-01 1.171041098749658676e-03
7.193979933110368563e+01 5.744960483107073787e-03 2.443847584403821660e+00 1.652388942954568368e-02 5.485303622059437556e-01 1.309637202780443259e-03
7.224080267558528590e+01 5.640808877482811866e-03 2.454071029596459841e+00 1.486091372145147485e-02 5.508251049677331812e-01 1.496862393166818826e-03
7.254180602006690037e+01 5.538422039564162153e-03 2.464294474789098022e+00 1.354739452054974300e-02 5.531198477295226068e-01 1.728006049202680805e-03
7.284280936454850064e+01 5.439181872666389202e-03 2.474517919981735758e+00 1.271293078634459263e-02 5.554145904913120324e-01 1.993492819606800751e-03
7.314381270903010090e+01 5.344489781561084091e-03 2.484741365174373939e+00 1.225787305221024553e-02 5.577093332531013470e-01 2.273278026769414480e-03
7.344481605351171538e+01 5.255618777655836522e-03 2.494964810367012120e+00 1.192486592714516076e-02 5.600040760148907726e-01 2.534490511861237777e-03
7.374581939799331565e+01 5.173578856179332150e-03 2.505188255559650301e+00 1.145944608951284666e-02 5.622988187766801982e-01 2.735970158814148359e-03
7.404682274247491591e+01 5.099013102500622036e-03 2.515411700752288038e+00 1.079262279289415656e-02 5.645935615384695128e-01 2.839235813690756116e-03
7.434782608695653039e+01 5.032137009722836146e-03 2.525635145944926219e+00 1.008516201292197767e-02 5.668883043002589384e-01 2.821335232285547036e-03
7.464882943143813065e+01 4.972726677765200096e-03 2.535858591137564400e+00 9.554168601880833403e-03 5.691830470620483640e-01 2.683807142639424870e-03
7.494983277591973092e+01 4.920154239764894070e-03 2.546082036330202580e+00 9.279356155714868840e-03 5.714777898238377896e-01 2.453979594323486488e-03
7.525083612040134540e+01 4.873462399147693476e-03 2.556305481522840317e+00 9.236906278214475352e-03 5.737725325856272152e-01 2.178171327513046644e-03
7.555183946488294566e+01 4.831465471507980294e-03 2.566528926715478498e+00 9.448987575720100771e-03 5.760672753474165297e-01 1.909106890812809409e-03
7.585284280936456014e+01 4.792862416119259006e-03 2.576752371908116679e+00 9.951320684062214469e-03 5.783620181092059553e-01 1.691402079522004703e-03
7.615384615384616041e+01 4.756348008417963028e-03 2.586975817100754860e+00 1.060946604058769435e-02 5.806567608709953809e-01 1.549567039215737387e-03
7.645484949832776067e+01 4.720710989542491708e-03 2.597199262293392596e+00 1.110013748705792128e-02 5.829515036327846955e-01 1.482546130633921816e-03
7.675585284280937515e+01 4.684911820317494424e-03 2.607422707486030777e+00 1.115318779953745724e-02 5.852462463945741211e-01 1.466926340208399770e-03
7.705685618729097541e+01 4.648136577998477834e-03 2.617646152678668958e+00 1.077334125117368480e-02 5.875409891563635467e-01 1.467747274875162277e-03
7.735785953177257568e+01 4.609826773655677744e-03 2.627869597871307139e+00 1.019807339461642134e-02 5.898357319181529723e-01 1.452625578311636349e-03
7.765886287625419016e+01 4.569687023260065109e-03 2.638093043063945320e+00 9.702886910315506111e-03 5.921304746799423979e-01 1.403413035741209744e-03
7.795986622073579042e+01 4.527673584130456966e-03 2.648316488256583057e+00 9.465710561644221158e-03 5.944252174417317125e-01 1.320786923098663922e-03
7.826086956521739069e+01 4.483967101180724550e-03 2.658539933449221238e+00 9.501475999023891936e-03 5.967199602035211381e-01 1.220489755653497840e-03
7.856187290969900516e+01 4.438932955664774346e-03 2.668763378641859418e+00 9.641143024943198137e-03 5.990147029653105637e-01 1.123715740867570808e-03
7.886287625418060543e+01 4.393072753541782394e-03 2.678986823834497599e+00 9.634244301795887033e-03 6.013094457270998783e-01 1.046524618525398499e-03
7.916387959866221991e+01 4.346970879310367922e-03 2.689210269027135336e+00 9.345392161815862034e-03 6.036041884888893039e-01 9.930902405240339247e-04
7.946488294314382017e+01 4.301240548752737272e-03 2.699433714219773517e+00 8.852528750521530473e-03 6.058989312506787295e-01 9.553038629277827353e-04
7.976588628762542044e+01 4.256474099418343024e-03 2.709657159412411698e+00 8.324092374465288588e-03 6.081936740124681551e-01 9.180682923402090807e-04
8.006688963210703491e+01 4.213202004177520402e-03 2.719880604605049879e+00 7.796926775701614951e-03 6.104884167742575807e-01 8.671302335619362036e-04
8.036789297658863518e+01 4.171864064134416482e-03 2.730104049797687615e+00 7.161821045618646520e-03 6.127831595360468953e-01 7.955495138299333501e-04
8.066889632107023544e+01 4.132794476811581068e-03 2.740327494990325796e+00 6.436406611834833216e-03 6.150779022978363209e-01 7.060285026161257317e-04
8.096989966555184992e+01 4.096220306841697259e-03 2.750550940182963977e+00 5.913335969856281689e-03 6.173726450596257465e-01 6.086349205476305688e-04
8.127090301003345019e+01 4.062270818261441013e-03 2.760774385375602158e+00 5.862876198292377682e-03 6.196673878214150610e-01 5.157531848668151951e-04
8.157190635451505045e+01 4.030993684782131249e-03 2.770997830568239895e+00 6.169304068651780895e-03 6.219621305832044866e-01 4.371927849007706105e-04
8.187290969899666493e+01 4.002373635098713245e-03 2.781221275760878076e+00 6.428417930310731734e-03 6.242568733449939122e-01 3.777289943890013431e-04
8.217391304347826519e+01 3.976349678236922904e-03 2.791444720953516256e+00 6.350629591905082236e-03 6.265516161067833378e-01 3.375237447356689135e-04
8.247491638795986546e+01 3.952828435630067853e-03 2.801668166146154437e+00 5.942121614945452927e-03 6.288463588685727634e-01 3.142167730196506522e-04
8.277591973244147994e+01 3.931692801567530753e-03 2.811891611338792174e+00 5.365405848979151043e-03 6.311411016303620780e-01 3.050496707779366129e-04
8.307692307692308020e+01 3.912806625019875709e-03 2.822115056531430355e+00 4.766548195671635804e-03 6.334358443921515036e-01 3.081145897989569725e-04
8.337792642140469468e+01 3.896016947672402333e-03 2.832338501724068536e+00 4.219830572918986493e-03 6.357305871539409292e-01 3.227204731862019999e-04
8.367892976588629494e+01 3.881155404057811797e-03 2.842561946916706717e+00 3.755137199493067870e-03 6.380253299157302438e-01 3.491245207625264988e-04
8.397993311036789521e+01 3.868039844364872491e-03 2.852785392109344453e+00 3.421380110783806515e-03 6.403200726775196694e-01 3.876179133595298123e-04
8.428093645484950969e+01 3.856476447204969845e-03 2.863008837301982634e+00 3.301303491024425770e-03 6.426148154393090950e-01 4.369392691303722429e-04
8.458193979933110995e+01 3.846261970582390624e-03 2.873232282494620815e+00 3.418367620584104351e-03 6.449095582010985206e-01 4.925803795041184012e-04
8.488294314381271022e+01 3.837185646201895714e-03 2.883455727687258996e+00 3.651507964013546090e-03 6.472043009628879462e-01 5.461882556993672474e-04
8.518394648829432469e+01 3.829030616289149248e-03 2.893679172879896733e+00 3.816932537426678991e-03 6.494990437246772608e-01 5.870520844962693729e-04
8.548494983277592496e+01 3.821575544806066378e-03 2.903902618072534914e+00 3.851275732361382834e-03 6.517937864864666864e-01 6.054074677076090507e-04
8.578595317725752523e+01 3.814597734566074066e-03 2.914126063265173094e+00 3.858997666499565469e-03 6.540885292482561120e-01 5.959001995242199645e-04
8.608695652173913970e+01 3.807879358652589523e-03 2.924349508457811275e+00 3.955731019957794622e-03 6.563832720100454265e-01 5.592505776576079052e-04
8.638795986622073997e+01 3.801218022538539482e-03 2.934572953650449012e+00 4.120995648927323028e-03 6.586780147718348521e-01 5.013022489009081499e-04
8.668896321070235444e+01 3.794441814047551549e-03 2.944796398843087193e+00 4.244523552068298240e-03 6.609727575336242777e-01 4.303239135080388867e-04
8.698996655518395471e+01 3.787427530550154919e-03 2.955019844035725374e+00 4.251207748578443059e-03 6.632675002954137033e-01 3.543146934251828299e-04
8.729096989966555498e+01 3.780119326908214662e-03 2.965243289228363555e+00 4.105222478823193286e-03 6.655622430572031289e-01 2.795802936777452385e-04
8.759197324414716945e+01 3.772544061224391947e-03 2.975466734421001291e+00 3.748305908898994648e-03 6.678569858189924435e-01 2.106304345889248861e-04
8.789297658862876972e+01 3.764819464689550272e-03 2.985690179613639472e+00 3.134335609271236139e-03 6.701517285807818691e-01 1.506037726636880170e-04
8.819397993311036998e+01 3.757152040282506645e-03 2.995913624806277653e+00 2.319929092772627776e-03 6.724464713425712947e-01 1.014889116136835222e-04
8.849498327759198446e+01 3.749823168068324667e-03 3.006137069998915834e+00 1.473036092781025751e-03 6.747412141043606093e-01 6.401956493123141809e-05
8.879598662207358473e+01 3.743163929098923971e-03 3.016360515191553571e+00 7.797895290003342304e-04 6.770359568661500349e-01 3.758024840044813550e-05
8.909698996655518499e+01 3.737521222817740112e-03 3.026583960384191752e+00 3.356768035201142448e-04 6.793306996279394605e-01 2.043240398311915379e-05
8.939799331103679947e+01 3.733219424231260658e-03 3.036807405576829932e+00 1.151646129802144631e-04 6.816254423897288861e-01 1.025308994498818938e-05
8.969899665551839973e+01 3.730522790365487038e-03 3.047030850769468113e+00 3.102578216129397325e-05 6.839201851515183117e-01 4.736420854300773490e-06
9.000000000000000000e+01 3.729603919115117086e-03 3.057254295962105850e+00 6.495993355494435019e-06 6.862149279133076263e-01 2.010561711982937251e-06
