0.000000000000000000e+00 4.171288650021577278e-107 5.552750838892624996e-01 1.454763611296683938e-06 5.960723040803086459e-01 5.269927254667771248e-06
3.010033444816053727e-01 3.424143332052460855e-105 5.606098736648158498e-01 3.050065336249042791e-06 5.979458853688801589e-01 1.437551793632323846e-05
6.020066889632107454e-01 5.312956183986680375e-103 5.659446634403692000e-01 6.029467550092579707e-06 5.998194666574515610e-01 3.455942452087627575e-05
9.030100334448161181e-01 7.791821816444026029e-101 5.712794532159225502e-01 1.124644080753477502e-05 6.016930479460230741e-01 7.322721944323973861e-05
1.204013377926421491e+00 1.080053416319277140e-98 5.766142429914759004e-01 1.981011355316606484e-05 6.035666292345944761e-01 1.367836321883496786e-04
1.505016722408026864e+00 1.414995653619024197e-96 5.819490327670292507e-01 3.298599635409440680e-05 6.054402105231659892e-01 2.253569032718535155e-04
1.806020066889632236e+00 1.752140157534741359e-94 5.872838225425826009e-01 5.198229028358597817e-05 6.073137918117375023e-01 3.278706181246805805e-04
2.107023411371237387e+00 2.050627043286416110e-92 5.926186123181359511e-01 7.763714683598677186e-05 6.091873731003089043e-01 4.224259169664751714e-04
2.408026755852842982e+00 2.268343734283404174e-90 5.979534020936893013e-01 1.100759435417100876e-04 6.110609543888804174e-01 4.851081303907853995e-04
2.709030100334448576e+00 2.371568467762349262e-88 6.032881918692426515e-01 1.484547809343495341e-04 6.129345356774518194e-01 5.037850271551740262e-04
3.010033444816053727e+00 2.343513018228348772e-86 6.086229816447960017e-01 1.909200151752519191e-04 6.148081169660233325e-01 4.872572654339239729e-04
3.311036789297658878e+00 2.188790943351238590e-84 6.139577714203493519e-01 2.348765557848951223e-04 6.166816982545947345e-01 4.612040159748328366e-04
3.612040133779264472e+00 1.932176237868343696e-82 6.192925611959027021e-01 2.775751392081469743e-04 6.185552795431662476e-01 4.517523437142079005e-04
3.913043478260870067e+00 1.612111548192513547e-80 6.246273509714560523e-01 3.169290279011514151e-04 6.204288608317377607e-01 4.677639772422513683e-04
4.214046822742474774e+00 1.271304913793972181e-78 6.299621407470094026e-01 3.523918218772603347e-04 6.223024421203091627e-01 4.949358874118639940e-04
4.515050167224080369e+00 9.475694794511829689e-77 6.352969305225627528e-01 3.857011951561871215e-04 6.241760234088806758e-01 5.063788940750799583e-04
4.816053511705685963e+00 6.675434762705614558e-75 6.406317202981161030e-01 4.213313303567112742e-04 6.260496046974520779e-01 4.821402457222937377e-04
5.117056856187291558e+00 4.444835491549817917e-73 6.459665100736694532e-01 4.665943049801810007e-04 6.279231859860235909e-01 4.238583996465336871e-04
5.418060200668897153e+00 2.797306172216319079e-71 6.513012998492228034e-01 5.314674958130187737e-04 6.297967672745951040e-01 3.549781753952409627e-04
5.719063545150501859e+00 1.663922404831719950e-69 6.566360896247761536e-01 6.283642061506322261e-04 6.316703485631665060e-01 3.074784878366776560e-04
6.020066889632107454e+00 9.354821804866715066e-68 6.619708794003295038e-01 7.721521050807326515e-04 6.335439298517380191e-01 3.041713347472229951e-04
6.321070234113713049e+00 4.971048935470040208e-66 6.673056691758828540e-01 9.806873395108437527e-04 6.354175111403094212e-01 3.465614980451707018e-04
6.622073578595317755e+00 2.496728822960808640e-64 6.726404589514362042e-01 1.275913664429351646e-03 6.372910924288809342e-01 4.141412357889295371e-04
6.923076923076923350e+00 1.185240124465073326e-62 6.779752487269895544e-01 1.685188012813524988e-03 6.391646737174523363e-01 4.757446268885299687e-04
7.224080267558528945e+00 5.318067463566650244e-61 6.833100385025427936e-01 2.242079235284667304e-03 6.410382550060238493e-01 5.083225747075197087e-04
7.525083612040134540e+00 2.255354642504848421e-59 6.886448282780961438e-01 2.985727073188616278e-03 6.429118362945953624e-01 5.137319578928861230e-04
7.826086956521740134e+00 9.040457598245971884e-58 6.939796180536494941e-01 3.958259347466712950e-03 6.447854175831667645e-01 5.229061013038035187e-04
8.127090301003345729e+00 3.425166822236029264e-56 6.993144078292028443e-01 5.200867896016968597e-03 6.466589988717382775e-01 5.819716147079318294e-04
8.428093645484949548e+00 1.226563600392738953e-54 7.046491976047561945e-01 6.750623608046436852e-03 6.485325801603096796e-01 7.248498495800384392e-04
8.729096989966555142e+00 4.151612932555696731e-53 7.099839873803095447e-01 8.641177994259311920e-03 6.504061614488811927e-01 9.462937553678202286e-04
9.030100334448160737e+00 1.328200472955224491e-51 7.153187771558628949e-01 1.091021492806409574e-02 6.522797427374527057e-01 1.192719861544576420e-03
9.331103678929766332e+00 4.016355078780633950e-50 7.206535669314162451e-01 1.361440865968052000e-02 6.541533240260241078e-01 1.381542846957901092e-03
9.632107023411371927e+00 1.147953098742233704e-48 7.259883567069695953e-01 1.684922306424449859e-02 6.560269053145956208e-01 1.442963510951478625e-03
9.933110367892977521e+00 3.101286076218429199e-47 7.313231464825229455e-01 2.076762097257137465e-02 6.579004866031670229e-01 1.360450890211646613e-03
1.023411371237458312e+01 7.919311653948700895e-46 7.366579362580762957e-01 2.559038080936604578e-02 6.597740678917385360e-01 1.183103962699070004e-03
1.053511705685618871e+01 1.911452344526543819e-44 7.419927260336296460e-01 3.160228608345483359e-02 6.616476491803100490e-01 1.001113730645567142e-03
1.083612040133779431e+01 4.360865854762418800e-43 7.473275158091829962e-01 3.913270183723028400e-02 6.635212304688814511e-01 9.010940061023462377e-04
1.113712374581939812e+01 9.404122124630320473e-42 7.526623055847363464e-01 4.852452127221670852e-02 6.653948117574529642e-01 9.295447925823302005e-04
1.143812709030100372e+01 1.916917693258710366e-40 7.579970953602896966e-01 6.010014362474077471e-02 6.672683930460243662e-01 1.082954272408356193e-03
1.173913043478260931e+01 3.693448928007685245e-39 7.633318851358430468e-01 7.413519820036046371e-02 6.691419743345958793e-01 1.323939341181134231e-03
1.204013377926421491e+01 6.726796867078437005e-38 7.686666749113963970e-01 9.084904964132031746e-02 6.710155556231673923e-01 1.609440869952223283e-03
1.234113712374582050e+01 1.158075081422991006e-36 7.740014646869497472e-01 1.104157338234715569e-01 6.728891369117387944e-01 1.914069844740671740e-03
1.264214046822742610e+01 1.884614010313485063e-35 7.793362544625030974e-01 1.329913651654782147e-01 6.747627182003103075e-01 2.236416614459045462e-03
1.294314381270903169e+01 2.899152588450672446e-34 7.846710442380564476e-01 1.587470525970998692e-01 6.766362994888817095e-01 2.586060351836797378e-03
1.324414715719063551e+01 4.215887187216960761e-33 7.900058340136097979e-01 1.878931573239986663e-01 6.785098807774532226e-01 2.961457735940965091e-03
1.354515050167224111e+01 5.795396079794583579e-32 7.953406237891631481e-01 2.206831901922109707e-01 6.803834620660246246e-01 3.336344633702921503e-03
1.384615384615384670e+01 7.531149377171098751e-31 8.006754135647164983e-01 2.573929728695701358e-01 6.822570433545961377e-01 3.667082863257724746e-03
1.414715719063545230e+01 9.251923436752941150e-30 8.060102033402698485e-01 2.982795992722982459e-01 6.841306246431675397e-01 3.918550114589727275e-03
1.444816053511705789e+01 1.074496561958546138e-28 8.113449931158231987e-01 3.435313980020442415e-01 6.860042059317390528e-01 4.095020313921063186e-03
1.474916387959866348e+01 1.179752613584201177e-27 8.166797828913765489e-01 3.932223725718611562e-01 6.878777872203105659e-01 4.263420791362702335e-03
1.505016722408026908e+01 1.224620938598926572e-26 8.220145726669298991e-01 4.472828277499264482e-01 6.897513685088819679e-01 4.562798757035227762e-03
1.535117056856187467e+01 1.201850578643562712e-25 8.273493624424832493e-01 5.054937136612315252e-01 6.916249497974534810e-01 5.194558509830190379e-03
1.565217391304348027e+01 1.115198290353591413e-24 8.326841522180365995e-01 5.675067540974176872e-01 6.934985310860248831e-01 6.384916650090785920e-03
1.595317725752508409e+01 9.784147203595614790e-24 8.380189419935899497e-01 6.328858134232798749e-01 6.953721123745963961e-01 8.318661150462104345e-03
1.625418060200669146e+01 8.116736533579735156e-23 8.433537317691433000e-01 7.011577488315273721e-01 6.972456936631679092e-01 1.106691356721139358e-02
1.655518394648829528e+01 6.367191725583780605e-22 8.486885215446966502e-01 7.718557057143224931e-01 6.991192749517393112e-01 1.455091883457255986e-02
1.685618729096989910e+01 4.723296060481044074e-21 8.540233113202500004e-01 8.445383438429209244e-01 7.009928562403108243e-01 1.857045765724332775e-02
1.715719063545150647e+01 3.313588174327616419e-20 8.593581010958033506e-01 9.187770360694191840e-01 7.028664375288822264e-01 2.287999205607393893e-02
1.745819397993311028e+01 2.198549638317784701e-19 8.646928908713567008e-01 9.941170606476593674e-01 7.047400188174537394e-01 2.725807592973367166e-02
1.775919732441471766e+01 1.379716589517892401e-18 8.700276806469100510e-01 1.070031024380404983e+00 7.066136001060252525e-01 3.152610595521591896e-02
1.806020066889632147e+01 8.190198799605804703e-18 8.753624704224634012e-01 1.145885843010973515e+00 7.084871813945966545e-01 3.552461693656477904e-02
1.836120401337792885e+01 4.599271294367524978e-17 8.806972601980167514e-01 1.220936585786873252e+00 7.103607626831681676e-01 3.909854415584951282e-02
1.866220735785953266e+01 2.443527203480875565e-16 8.860320499735701016e-01 1.294346738382988748e+00 7.122343439717395697e-01 4.213464200017691397e-02
1.896321070234114003e+01 1.228364933287827305e-15 8.913668397491234519e-01 1.365223967887336798e+00 7.141079252603110827e-01 4.464204960717382820e-02
1.926421404682274385e+01 5.843510168684024740e-15 8.967016295246768021e-01 1.432659276602937126e+00 7.159815065488825958e-01 4.681769975500544440e-02
1.956521739130434767e+01 2.630974833862101898e-14 9.020364193002301523e-01 1.495764275662146092e+00 7.178550878374539979e-01 4.903310364259865634e-02
1.986622073578595504e+01 1.121304258052929443e-13 9.073712090757835025e-01 1.553709329344868717e+00 7.197286691260255109e-01 5.172149430368136458e-02
2.016722408026755886e+01 4.524489225888273229e-13 9.127059988513368527e-01 1.605767785510483492e+00 7.216022504145969130e-01 5.520511144555810545e-02
2.046822742474916623e+01 1.728779487095992082e-12 9.180407886268902029e-01 1.651366862727942975e+00 7.234758317031684260e-01 5.954716715291283324e-02
2.076923076923077005e+01 6.256464260645741590e-12 9.233755784024435531e-01 1.690138123362509459e+00 7.253494129917399391e-01 6.452028680442363495e-02
2.107023411371237742e+01 2.145090786496545817e-11 9.287103681779969033e-01 1.721955760976482619e+00 7.272229942803113412e-01 6.974152513755572935e-02
2.137123745819398124e+01 6.969681086772478885e-11 9.340451579535502535e-01 1.746952285314590458e+00 7.290965755688827432e-01 7.493433368189499066e-02
2.167224080267558861e+01 2.146704751850812645e-10 9.393799477291036037e-01 1.765507066367046463e+00 7.309701568574542563e-01 8.017834398053652611e-02
2.197324414715719243e+01 6.270302628974958901e-10 9.447147375046569540e-01 1.778209394176738289e+00 7.328437381460257694e-01 8.597794212397648350e-02
2.227424749163879625e+01 1.737620529434250364e-09 9.500495272802103042e-01 1.785801106113683367e+00 7.347173194345971714e-01 9.307627258899035805e-02
2.257525083612040362e+01 4.570902781052543470e-09 9.553843170557636544e-01 1.789104776706086364e+00 7.365909007231686845e-01 1.021156165286697948e-01
2.287625418060200744e+01 1.142108886302793867e-08 9.607191068313170046e-01 1.788944885231037452e+00 7.384644820117400865e-01 1.133642213015854244e-01
2.317725752508361481e+01 2.712757068617853352e-08 9.660538966068703548e-01 1.786073457020749933e+00 7.403380633003115996e-01 1.266877664406899084e-01
2.347826086956521863e+01 6.130997129472723003e-08 9.713886863824237050e-01 1.781116964337346564e+00 7.422116445888831127e-01 1.417578311703392990e-01
2.377926421404682600e+01 1.320046504521787955e-07 9.767234761579770552e-01 1.774562861264022073e+00 7.440852258774545147e-01 1.582942752142364740e-01
2.408026755852842982e+01 2.711661540859836219e-07 9.820582659335304054e-01 1.766797084143046037e+00 7.459588071660260278e-01 1.761014654504357291e-01
2.438127090301003363e+01 5.324504401213465633e-07 9.873930557090837556e-01 1.758187431711587534e+00 7.478323884545974298e-01 1.948555863988676307e-01
2.468227424749164101e+01 1.001654861022319242e-06 9.927278454846371059e-01 1.749187178284713706e+00 7.497059697431689429e-01 2.138969267439339850e-01
2.498327759197324482e+01 1.810339329722137831e-06 9.980626352601904561e-01 1.740417786050883375e+00 7.515795510317404560e-01 2.323756652095214648e-01
2.528428093645485220e+01 3.153736119506430225e-06 1.003397425035743806e+00 1.732687921662698249e+00 7.534531323203118580e-01 2.498191401326644578e-01
2.558528428093645601e+01 5.315166593739076689e-06 1.008732214811297156e+00 1.726922102290262551e+00 7.553267136088833711e-01 2.667531017740603638e-01
2.588628762541806339e+01 8.700457983955262275e-06 1.014067004586850507e+00 1.724002997609205501e+00 7.572002948974547731e-01 2.848584242010168688e-01
2.618729096989966720e+01 1.388626216656176889e-05 1.019401794362403857e+00 1.724566539543999522e+00 7.590738761860262862e-01 3.064455762546413609e-01
2.648829431438127102e+01 2.168424674005669148e-05 1.024736584137957207e+00 1.728814282680052106e+00 7.609474574745977993e-01 3.334969045384992281e-01
2.678929765886287839e+01 3.321779252781470714e-05 1.030071373913510557e+00 1.736410068968072151e+00 7.628210387631692013e-01 3.667840802165395764e-01
2.709030100334448221e+01 4.999966160866812657e-05 1.035406163689063908e+00 1.746503403994341896e+00 7.646946200517407144e-01 4.055153870782428061e-01
2.739130434782608958e+01 7.399103312724015819e-05 1.040740953464617258e+00 1.757878255637690845e+00 7.665682013403121164e-01 4.477183324638961959e-01
2.769230769230769340e+01 1.076188511693244745e-04 1.046075743240170608e+00 1.769182066725744518e+00 7.684417826288836295e-01 4.912166472090795377e-01
2.799331103678930077e+01 1.537331110876096515e-04 1.051410533015723958e+00 1.779165505858242957e+00 7.703153639174551426e-01 5.347153423629306124e-01
2.829431438127090459e+01 2.154980583425276702e-04 1.056745322791277308e+00 1.786868210933536094e+00 7.721889452060265446e-01 5.783704796173011475e-01
2.859531772575251196e+01 2.962259194939285381e-04 1.062080112566830659e+00 1.791713169990334364e+00 7.740625264945980577e-01 6.234817414642964684e-01
2.889632107023411578e+01 3.991714721577746062e-04 1.067414902342383787e+00 1.793505917539780725e+00 7.759361077831694598e-01 6.715088216593931847e-01
2.919732441471571960e+01 5.273071228767681933e-04 1.072749692117937137e+00 1.792359466044209482e+00 7.778096890717409728e-01 7.230671043623425609e-01
2.949832775919732697e+01 6.830958000823399981e-04 1.078084481893490487e+00 1.788576878925259184e+00 7.796832703603124859e-01 7.775245420783495343e-01
2.979933110367893079e+01 8.682830094235970695e-04 1.083419271669043837e+00 1.782524561516624084e+00 7.815568516488838879e-01 8.333343630125003010e-01
3.010033444816053816e+01 1.083746120227244841e-03 1.088754061444597188e+00 1.774525916489833932e+00 7.834304329374552900e-01 8.887302640943808285e-01
3.040133779264214198e+01 1.329460887073406240e-03 1.094088851220150538e+00 1.764797821852807092e+00 7.853040142260268031e-01 9.422859790603314023e-01
3.070234113712374935e+01 1.604650427400718549e-03 1.099423640995703888e+00 1.753439522097610892e+00 7.871775955145983161e-01 9.931175021958137394e-01
3.100334448160535317e+01 1.908147286039048578e-03 1.104758430771257238e+00 1.740466182416105401e+00 7.890511768031697182e-01 1.040892571180569881e+00
3.130434782608696054e+01 2.238921375578662408e-03 1.110093220546810588e+00 1.725864518226608579e+00 7.909247580917412312e-01 1.085993593583581385e+00
3.160535117056856436e+01 2.596634155210951304e-03 1.115428010322363939e+00 1.709643966520075331e+00 7.927983393803126333e-01 1.129973169539999933e+00
3.190635451505016817e+01 2.982023589998413285e-03 1.120762800097917289e+00 1.691866229413890865e+00 7.946719206688841464e-01 1.175916148741219747e+00
3.220735785953177555e+01 3.396948438134117856e-03 1.126097589873470639e+00 1.672652182055131220e+00 7.965455019574556594e-01 1.227965369571996979e+00
3.250836120401338292e+01 3.844027100097544697e-03 1.131432379649023989e+00 1.652177369896374204e+00 7.984190832460270615e-01 1.289703011985953385e+00
3.280936454849498318e+01 4.325948791162537860e-03 1.136767169424577339e+00 1.630668922624537887e+00 8.002926645345985746e-01 1.362212140749946121e+00
3.311036789297659055e+01 4.844641827933647213e-03 1.142101959200130690e+00 1.608409417211222880e+00 8.021662458231699766e-01 1.443347432597415603e+00
3.341137123745819792e+01 5.400505271255997587e-03 1.147436748975684040e+00 1.585744267169146404e+00 8.040398271117414897e-01 1.529018875098580477e+00
3.371237458193979819e+01 5.991851341268496396e-03 1.152771538751237390e+00 1.563084450303610540e+00 8.059134084003130027e-01 1.615663415772329303e+00
3.401337792642140556e+01 6.614622870032602076e-03 1.158106328526790740e+00 1.540896165009814300e+00 8.077869896888844048e-01 1.702167784505061565e+00
3.431438127090301293e+01 7.262405850820858634e-03 1.163441118302344091e+00 1.519670357415099371e+00 8.096605709774559179e-01 1.790112284796375075e+00
3.461538461538462030e+01 7.926771186760852433e-03 1.168775908077897441e+00 1.499867129949958633e+00 8.115341522660273199e-01 1.882503377539247680e+00
3.491638795986622057e+01 8.598008258105988705e-03 1.174110697853450791e+00 1.481836208856294634e+00 8.134077335545988330e-01 1.981952899473942153e+00
3.521739130434782794e+01 9.266280888213282441e-03 1.179445487629004141e+00 1.465728082733453341e+00 8.152813148431703461e-01 2.089296424016588993e+00
3.551839464882943531e+01 9.923100888009543305e-03 1.184780277404557491e+00 1.451427071657366952e+00 8.171548961317417481e-01 2.203339858326985201e+00
3.581939799331104268e+01 1.056281397906477793e-02 1.190115067180110842e+00 1.438544834700130837e+00 8.190284774203132612e-01 2.321934945064787481e+00
3.612040133779264295e+01 1.118364113129709583e-02 1.195449856955664192e+00 1.426498065384025127e+00 8.209020587088846632e-01 2.443821808223460845e+00
3.642140468227425032e+01 1.178783909126507497e-02 1.200784646731217542e+00 1.414657697103201439e+00 8.227756399974561763e-01 2.569977428155691079e+00
3.672240802675585769e+01 1.238078603550773690e-02 1.206119436506770892e+00 1.402517429984714070e+00 8.246492212860276894e-01 2.703306539738189240e+00
3.702341137123745796e+01 1.296918741838882540e-02 1.211454226282324242e+00 1.389813530300108679e+00 8.265228025745990914e-01 2.846653972623238271e+00
3.732441471571906533e+01 1.355896106547731933e-02 1.216789016057877593e+00 1.376550353431430729e+00 8.283963838631706045e-01 3.000504477685939086e+00
3.762541806020067270e+01 1.415351927790564276e-02 1.222123805833430943e+00 1.362935470763881440e+00 8.302699651517420065e-01 3.162106404201506127e+00
3.792642140468228007e+01 1.475303167071448374e-02 1.227458595608984293e+00 1.349272613703638601e+00 8.321435464403135196e-01 3.326641317191891822e+00
3.822742474916388034e+01 1.535488023149070638e-02 1.232793385384537643e+00 1.335870445974248311e+00 8.340171277288850327e-01 3.489432511371415746e+00
3.852842809364548771e+01 1.595507303910452535e-02 1.238128175160090994e+00 1.322996488123256320e+00 8.358907090174564347e-01 3.647612748503131552e+00
3.882943143812709508e+01 1.655005203139428560e-02 1.243462964935644344e+00 1.310863188835130089e+00 8.377642903060278368e-01 3.800618786598033427e+00
3.913043478260869534e+01 1.713823090446761274e-02 1.248797754711197694e+00 1.299610935302539128e+00 8.396378715945993498e-01 3.950067915042473121e+00
3.943143812709030271e+01 1.772073955379864160e-02 1.254132544486751044e+00 1.289266503846242751e+00 8.415114528831708629e-01 4.099526563044798344e+00
3.973244147157191009e+01 1.830114984108171042e-02 1.259467334262304394e+00 1.279691158765613901e+00 8.433850341717422650e-01 4.253717258279805513e+00
4.003344481605351746e+01 1.888429634695340878e-02 1.264802124037857745e+00 1.270559294030342956e+00 8.452586154603137780e-01 4.416540336828414404e+00
4.033444816053511772e+01 1.947457954664262234e-02 1.270136913813411095e+00 1.261403478587785676e+00 8.471321967488851801e-01 4.588542556476554068e+00
4.063545150501672509e+01 2.007427726794679471e-02 1.275471703588964445e+00 1.251727609759910154e+00 8.490057780374566931e-01 4.765613473295477576e+00
4.093645484949833246e+01 2.068236465567585905e-02 1.280806493364517795e+00 1.241150507847743611e+00 8.508793593260282062e-01 4.940069320069210512e+00
4.123745819397993273e+01 2.129416949732454434e-02 1.286141283140071145e+00 1.229523542097432198e+00 8.527529406145997193e-01 5.103437779296622345e+00
4.153846153846154010e+01 2.190193122331753062e-02 1.291476072915624496e+00 1.216977526137536625e+00 8.546265219031711213e-01 5.249235405673362997e+00
4.183946488294314747e+01 2.249608218857928818e-02 1.296810862691177846e+00 1.203886013295054624e+00 8.565001031917425234e-01 5.374692349474029740e+00
4.214046822742475484e+01 2.306691609547122795e-02 1.302145652466731196e+00 1.190764382591573245e+00 8.583736844803140364e-01 5.481510637666398900e+00
4.244147157190635511e+01 2.360628558836217958e-02 1.307480442242284546e+00 1.178141235017930111e+00 8.602472657688855495e-01 5.575936161811423375e+00
4.274247491638796248e+01 2.410904337647138546e-02 1.312815232017837896e+00 1.166437370666293605e+00 8.621208470574569516e-01 5.667827807642951576e+00
4.304347826086956985e+01 2.457403171722116406e-02 1.318150021793391247e+00 1.155875397168862007e+00 8.639944283460284646e-01 5.768175462161455158e+00
4.334448160535117722e+01 2.500447675448253665e-02 1.323484811568944597e+00 1.146430385094727056e+00 8.658680096345998667e-01 5.885278274570239887e+00
4.364548494983277749e+01 2.540766589318750254e-02 1.328819601344497947e+00 1.137825240016540951e+00 8.677415909231713798e-01 6.021084242479139981e+00
4.394648829431438486e+01 2.579384203144302959e-02 1.334154391120051297e+00 1.129572696225445094e+00 8.696151722117428928e-01 6.169902175157235824e+00
4.424749163879599223e+01 2.617439343338158822e-02 1.339489180895604648e+00 1.121063348615779942e+00 8.714887535003142949e-01 6.320829469515619081e+00
4.454849498327759250e+01 2.655963349150047142e-02 1.344823970671157998e+00 1.111690927285354791e+00 8.733623347888856969e-01 6.462879911955663026e+00
4.484949832775919987e+01 2.695664890672042763e-02 1.350158760446711348e+00 1.100992431608764033e+00 8.752359160774572100e-01 6.589624686011701371e+00
4.515050167224080724e+01 2.736772760395852350e-02 1.355493550222264698e+00 1.088768064818418368e+00 8.771094973660287231e-01 6.700299109954677590e+00
4.545150501672241461e+01 2.778971210786120721e-02 1.360828339997818048e+00 1.075142584831839443e+00 8.789830786546002361e-01 6.797085203133787168e+00
4.575250836120401488e+01 2.821433315936578562e-02 1.366163129773371399e+00 1.060540831260248895e+00 8.808566599431716382e-01 6.881340228871795972e+00
4.605351170568562225e+01 2.862931382262260890e-02 1.371497919548924749e+00 1.045574136971716417e+00 8.827302412317430402e-01 6.952019465417963673e+00
4.635451505016722962e+01 2.901992347234407313e-02 1.376832709324478099e+00 1.030863181979947862e+00 8.846038225203145533e-01 7.007013432264069586e+00
4.665551839464882988e+01 2.937071793080025042e-02 1.382167499100031449e+00 1.016846187351463371e+00 8.864774038088860664e-01 7.045258950500372208e+00
4.695652173913043725e+01 2.966732240300791468e-02 1.387502288875584799e+00 1.003630583386457387e+00 8.883509850974575794e-01 7.067267942727664121e+00
4.725752508361204463e+01 2.989816062062756324e-02 1.392837078651138150e+00 9.909373750533535530e-01 8.902245663860289815e-01 7.074112156686158670e+00
4.755852842809365200e+01 3.005594987810720348e-02 1.398171868426691500e+00 9.781616457274022736e-01 8.920981476746003835e-01 7.066929368301077652e+00
4.785953177257525226e+01 3.013864473500065325e-02 1.403506658202244850e+00 9.645363666347979148e-01 8.939717289631718966e-01 7.048293079277362594e+00
4.816053511705685963e+01 3.014948256686333580e-02 1.408841447977798200e+00 9.493507370491989228e-01 8.958453102517434097e-01 7.024251742128131859e+00
4.846153846153846700e+01 3.009598103109998452e-02 1.414176237753351550e+00 9.321519318612417893e-01 8.977188915403149228e-01 7.004457470986448442e+00
4.876254180602006727e+01 2.998812887956434081e-02 1.419511027528904901e+00 9.128615074055024259e-01 8.995924728288863248e-01 6.999111193430654687e+00
4.906354515050167464e+01 2.983640274322409483e-02 1.424845817304458251e+00 8.917675637152723267e-01 9.014660541174577268e-01 7.014137214591570135e+00
4.936454849498328201e+01 2.965038258641581465e-02 1.430180607080011601e+00 8.694013718099791177e-01 9.033396354060292399e-01 7.047612271715244958e+00
4.966555183946488938e+01 2.943848359237483808e-02 1.435515396855564951e+00 8.463526536923977606e-01 9.052132166946007530e-01 7.089819418933163142e+00
4.996655518394648965e+01 2.920875110054560117e-02 1.440850186631118302e+00 8.231000778353081415e-01 9.070867979831722661e-01 7.127056659127721794e+00
5.026755852842809702e+01 2.897006467263928825e-02 1.446184976406671652e+00 7.999219396203491872e-01 9.089603792717436681e-01 7.147035815758788324e+00
5.056856187290970439e+01 2.873281174270304536e-02 1.451519766182225002e+00 7.769119981525038909e-01 9.108339605603150702e-01 7.142734567474756879e+00
5.086956521739130466e+01 2.850831780729448997e-02 1.456854555957778352e+00 7.540764345088146747e-01 9.127075418488865832e-01 7.112687232824717931e+00
5.117056856187291203e+01 2.830697439199157672e-02 1.462189345733331702e+00 7.314531887278531430e-01 9.145811231374580963e-01 7.058451331415259489e+00
5.147157190635451940e+01 2.813574908828615079e-02 1.467524135508885053e+00 7.091901759016194795e-01 9.164547044260294983e-01 6.982222123422476834e+00
5.177257525083612677e+01 2.799618406800858522e-02 1.472858925284438403e+00 6.875447768311808705e-01 9.183282857146010114e-01 6.886956602508969461e+00
5.207357859531772704e+01 2.788384660413865956e-02 1.478193715059991753e+00 6.668094279844736239e-01 9.202018670031724135e-01 6.778249307230500342e+00
5.237458193979933441e+01 2.778955416447105239e-02 1.483528504835545103e+00 6.472053430241445637e-01 9.220754482917439265e-01 6.664943320344407951e+00
5.267558528428094178e+01 2.770189845078993574e-02 1.488863294611098453e+00 6.287999064639581137e-01 9.239490295803154396e-01 6.556730864604141118e+00
5.297658862876254204e+01 2.761005469739141044e-02 1.494198084386651804e+00 6.114874083280026351e-01 9.258226108688868417e-01 6.460339767167420533e+00
5.327759197324414941e+01 2.750584250190016983e-02 1.499532874162205154e+00 5.950376748423206186e-01 9.276961921574582437e-01 6.377420758814667856e+00
5.357859531772575679e+01 2.738446870431133010e-02 1.504867663937758504e+00 5.791829847674122567e-01 9.295697734460297568e-01 6.305412819641919242e+00
5.387959866220736416e+01 2.724404906073854202e-02 1.510202453713311854e+00 5.636988900405152103e-01 9.314433547346012698e-01 6.239891130260002861e+00
5.418060200668896442e+01 2.708452024323859328e-02 1.515537243488865204e+00 5.484451287383483864e-01 9.333169360231727829e-01 6.176212514350932992e+00
5.448160535117057179e+01 2.690668688333616720e-02 1.520872033264418555e+00 5.333594624011379626e-01 9.351905173117441850e-01 6.109768617249766720e+00
5.478260869565217916e+01 2.671189299962639652e-02 1.526206823039971905e+00 5.184225534780270150e-01 9.370640986003155870e-01 6.035640812425112856e+00
5.508361204013378654e+01 2.650234693351692303e-02 1.531541612815525255e+00 5.036219305014048020e-01 9.389376798888871001e-01 5.948537634393820106e+00
5.538461538461538680e+01 2.628171739852489669e-02 1.536876402591078605e+00 4.889351176086394468e-01 9.408112611774586131e-01 5.843244667211910048e+00
5.568561872909699417e+01 2.605544967491246408e-02 1.542211192366631956e+00 4.743345296648530107e-01 9.426848424660301262e-01 5.715517357981418911e+00
5.598662207357860154e+01 2.583038387337082895e-02 1.547545982142185306e+00 4.598018881620563603e-01 9.445584237546015283e-01 5.563370279054566936e+00
5.628762541806020181e+01 2.561360816260681988e-02 1.552880771917738656e+00 4.453357134928896399e-01 9.464320050431729303e-01 5.388460931639174056e+00
5.658862876254180918e+01 2.541087341940793595e-02 1.558215561693292006e+00 4.309423592228671662e-01 9.483055863317444434e-01 5.196795636858262846e+00
5.688963210702341655e+01 2.522514473213908689e-02 1.563550351468845356e+00 4.166136117405104256e-01 9.501791676203159565e-01 4.997949620357044154e+00
5.719063545150502392e+01 2.505585319030168012e-02 1.568885141244398707e+00 4.023046752869282039e-01 9.520527489088874695e-01 4.802652465820589356e+00
5.749163879598662419e+01 2.489914539014352612e-02 1.574219931019952057e+00 3.879295855204647481e-01 9.539263301974588716e-01 4.619508188688920214e+00
5.779264214046823156e+01 2.474903399634208884e-02 1.579554720795505407e+00 3.733846707967056755e-01 9.557999114860302736e-01 4.452205870695452816e+00
5.809364548494983893e+01 2.459901187702374925e-02 1.584889510571058757e+00 3.585971136546978744e-01 9.576734927746017867e-01 4.298534591842795294e+00
5.839464882943143920e+01 2.444355167658598948e-02 1.590224300346612107e+00 3.435813314181533906e-01 9.595470740631732998e-01 4.151846335881827166e+00
5.869565217391304657e+01 2.427901843245395749e-02 1.595559090122165458e+00 3.284783391751774362e-01 9.614206553517448128e-01 4.004515006105590302e+00
5.899665551839465394e+01 2.410381042721932918e-02 1.600893879897718808e+00 3.135572043240369422e-01 9.632942366403162149e-01 3.851827648331823895e+00
5.929765886287626131e+01 2.391787826216496340e-02 1.606228669673272158e+00 2.991720628039843399e-01 9.651678179288876169e-01 3.694233999541597591e+00
5.959866220735786158e+01 2.372201033767460179e-02 1.611563459448825508e+00 2.856863251394082259e-01 9.670413992174591300e-01 3.536553170435241089e+00
5.989966555183946895e+01 2.351731563806148256e-02 1.616898249224378858e+00 2.733891489970737276e-01 9.689149805060306431e-01 3.384530332782864193e+00
6.020066889632107632e+01 2.330516477543855339e-02 1.622233038999932209e+00 2.624321926071097599e-01 9.707885617946020451e-01 3.240945778329174409e+00
6.050167224080267658e+01 2.308754635765274468e-02 1.627567828775485559e+00 2.528065740428327990e-01 9.726621430831735582e-01 3.103819467483957872e+00
6.080267558528428395e+01 2.286751092918935455e-02 1.632902618551038909e+00 2.443650023966386642e-01 9.745357243717449602e-01 2.967715720138753621e+00
6.110367892976589133e+01 2.264926941627412940e-02 1.638237408326592259e+00 2.368783881347575893e-01 9.764093056603164733e-01 2.826993322549105958e+00
6.140468227424749870e+01 2.243766302801354987e-02 1.643572198102145610e+00 2.301053716673878424e-01 9.782828869488879864e-01 2.678817553388279649e+00
6.170568561872909896e+01 2.223705700713340949e-02 1.648906987877698960e+00 2.238503923113778771e-01 9.801564682374593884e-01 2.524411370899855900e+00
6.200668896321070633e+01 2.205004086205333835e-02 1.654241777653252310e+00 2.179916903201492839e-01 9.820300495260307905e-01 2.368424420815836928e+00
6.230769230769231370e+01 2.187644450712233207e-02 1.659576567428805660e+00 2.124728449857671009e-01 9.839036308146023035e-01 2.217192830506275580e+00
6.260869565217392108e+01 2.171302889328764057e-02 1.664911357204359010e+00 2.072657447130104302e-01 9.857772121031738166e-01 2.076708365842005577e+00
6.290969899665552134e+01 2.155388511916653260e-02 1.670246146979912361e+00 2.023238861681944389e-01 9.876507933917453297e-01 1.950850258042090113e+00
6.321070234113712871e+01 2.139128945179916141e-02 1.675580936755465711e+00 1.975481641805853783e-01 9.895243746803167317e-01 1.840337074800938666e+00
6.351170568561873608e+01 2.121668439353608868e-02 1.680915726531019061e+00 1.927813627320821011e-01 9.913979559688881338e-01 1.742768222499070152e+00
6.381270903010033635e+01 2.102160009959348069e-02 1.686250516306572411e+00 1.878348761797834776e-01 9.932715372574596469e-01 1.653689945157308383e+00
6.411371237458195083e+01 2.079854851127453316e-02 1.691585306082125761e+00 1.825373526635215016e-01 9.951451185460311599e-01 1.568049285132227633e+00
6.441471571906355109e+01 2.054202352714570856e-02 1.696920095857679112e+00 1.767860294475252503e-01 9.970186998346026730e-01 1.481343521763343052e+00
6.471571906354515136e+01 2.024963466753731609e-02 1.702254885633232462e+00 1.705810954281065106e-01 9.988922811231740750e-01 1.390366243306401683e+00
6.501672240802676583e+01 1.992316545916791165e-02 1.707589675408785812e+00 1.640309001266220534e-01 1.000765862411745477e+00 1.293923679833570040e+00
6.531772575250836610e+01 1.956916350534234489e-02 1.712924465184339162e+00 1.573272246718951939e-01 1.002639443700316990e+00 1.193534908882916357e+00
6.561872909698996637e+01 1.919868932757425040e-02 1.718259254959892512e+00 1.507001569440736266e-01 1.004513024988888503e+00 1.093384130458504355e+00
6.591973244147158084e+01 1.882609062508925138e-02 1.723594044735445863e+00 1.443678567743926777e-01 1.006386606277460016e+00 9.988371857279492172e-01
6.622073578595318111e+01 1.846700262587373798e-02 1.728928834510999213e+00 1.384965400569681537e-01 1.008260187566031529e+00 9.139885807204197743e-01
6.652173913043478137e+01 1.813603289052116360e-02 1.734263624286552563e+00 1.331810578884071172e-01 1.010133768854602820e+00 8.398219222350780111e-01
6.682274247491639585e+01 1.784466490462046501e-02 1.739598414062105913e+00 1.284482055998915073e-01 1.012007350143174333e+00 7.743218587688154297e-01
6.712374581939799612e+01 1.759981504435569749e-02 1.744933203837659264e+00 1.242759403258104495e-01 1.013880931431745847e+00 7.143619815688594388e-01
6.742474916387959638e+01 1.740328088429493256e-02 1.750267993613212614e+00 1.206154992997406084e-01 1.015754512720317138e+00 6.578387286787382715e-01
6.772575250836121086e+01 1.725210494135191383e-02 1.755602783388765964e+00 1.174033685701751512e-01 1.017628094008888873e+00 6.045333421443190858e-01
6.802675585284281112e+01 1.713968786058292851e-02 1.760937573164319314e+00 1.145571673529649920e-01 1.019501675297460164e+00 5.553938005738608963e-01
6.832775919732442560e+01 1.705733577717498048e-02 1.766272362939872664e+00 1.119606805569519359e-01 1.021375256586031677e+00 5.111578535472293128e-01
6.862876254180602587e+01 1.699584383247864511e-02 1.771607152715426015e+00 1.094521399725672389e-01 1.023248837874603190e+00 4.715132940794675709e-01
6.892976588628762613e+01 1.694673877863965561e-02 1.776941942490979365e+00 1.068305480283450737e-01 1.025122419163174481e+00 4.353046123588826810e-01
6.923076923076924061e+01 1.690294178401638772e-02 1.782276732266532715e+00 1.038860766820152021e-01 1.026996000451746216e+00 4.013871925136853203e-01
6.953177257525084087e+01 1.685882359101760486e-02 1.787611522042086065e+00 1.004469818748544019e-01 1.028869581740317507e+00 3.693393861265115152e-01
6.983277591973244114e+01 1.680981651531701648e-02 1.792946311817639415e+00 9.642488573153851217e-02 1.030743163028889020e+00 3.395388598263135993e-01
7.013377926421405562e+01 1.675183918105345796e-02 1.798281101593192766e+00 9.183889046644880261e-02 1.032616744317460533e+00 3.126944634216610730e-01
7.043478260869565588e+01 1.668076372306998359e-02 1.803615891368746116e+00 8.680767809090188247e-02 1.034490325606031824e+00 2.892749882124720506e-01
7.073578595317725615e+01 1.659206614398679377e-02 1.808950681144299466e+00 8.151281630391461752e-02 1.036363906894603337e+00 2.691951273463562000e-01
7.103678929765887062e+01 1.648072378199312571e-02 1.814285470919852816e+00 7.614860534205872278e-02 1.038237488183174850e+00 2.518212523365209177e-01
7.133779264214047089e+01 1.634139260882092395e-02 1.819620260695406166e+00 7.087811257564598233e-02 1.040111069471746363e+00 2.361692509087571223e-01
7.163879598662208537e+01 1.616888307655029583e-02 1.824955050470959517e+00 6.581007910847214148e-02 1.041984650760317876e+00 2.211795720039852753e-01
7.193979933110368563e+01 1.595890529044534031e-02 1.830289840246512867e+00 6.100040568086834841e-02 1.043858232048889167e+00 2.060174948563385788e-01
7.224080267558528590e+01 1.570895742827477584e-02 1.835624630022066217e+00 5.647083245323516326e-02 1.045731813337460681e+00 1.903202054777145547e-01
7.254180602006690037e+01 1.541913172730383780e-02 1.840959419797619567e+00 5.223150053810411697e-02 1.047605394626032194e+00 1.742588441034737257e-01
7.284280936454850064e+01 1.509258481580615097e-02 1.846294209573172918e+00 4.829536288280729395e-02 1.049478975914603707e+00 1.583501157869063314e-01
7.314381270903010090e+01 1.473550448154822140e-02 1.851628999348726268e+00 4.467907816436361007e-02 1.051352557203175220e+00 1.431335857386120403e-01
7.344481605351171538e+01 1.435657033451745446e-02 1.856963789124279618e+00 4.139293284830090208e-02 1.053226138491746511e+00 1.289465655456555893e-01
7.374581939799331565e+01 1.396606203883684304e-02 1.862298578899832968e+00 3.842756478366551182e-02 1.055099719780318024e+00 1.159383667834260334e-01
7.404682274247491591e+01 1.357483217199705397e-02 1.867633368675386318e+00 3.574597238407933864e-02 1.056973301068889537e+00 1.042449957639028368e-01
7.434782608695653039e+01 1.319331237026779777e-02 1.872968158450939669e+00 3.328605224139450508e-02 1.058846882357461050e+00 9.410804901352610996e-02
7.464882943143813065e+01 1.283061850346751097e-02 1.878302948226493019e+00 3.097373412821975008e-02 1.060720463646032563e+00 8.579231789028722577e-02
7.494983277591973092e+01 1.249375181346106325e-02 1.883637738002046369e+00 2.874196135800102803e-02 1.062594044934603854e+00 7.935119309056905268e-02
7.525083612040134540e+01 1.218691107403944464e-02 1.888972527777599719e+00 2.654810535937295740e-02 1.064467626223175367e+00 7.442259044450678929e-02
7.555183946488294566e+01 1.191101407714050507e-02 1.894307317553153069e+00 2.438288261821776326e-02 1.066341207511746880e+00 7.021799658238138397e-02
7.585284280936456014e+01 1.166359671087250152e-02 1.899642107328706420e+00 2.226731600404560293e-02 1.068214788800318393e+00 6.574595873985510097e-02
7.615384615384616041e+01 1.143923924945508368e-02 1.904976897104259770e+00 2.023933180677662744e-02 1.070088370088889906e+00 6.018300639516824951e-02
7.645484949832776067e+01 1.123054521522290523e-02 1.910311686879813120e+00 1.833591521986123116e-02 1.071961951377461197e+00 5.322140129985393486e-02
7.675585284280937515e+01 1.102952040698048849e-02 1.915646476655366470e+00 1.657828205062905277e-02 1.073835532666032710e+00 4.521372223533695611e-02
7.705685618729097541e+01 1.082905279440031683e-02 1.920981266430919820e+00 1.496559634034571977e-02 1.075709113954604224e+00 3.702361779901239269e-02
7.735785953177257568e+01 1.062414226612224018e-02 1.926316056206473171e+00 1.347852970037332135e-02 1.077582695243175737e+00 2.965020795736491091e-02
7.765886287625419016e+01 1.041258713554381841e-02 1.931650845982026521e+00 1.208966511425300233e-02 1.079456276531747250e+00 2.381910659462698268e-02
7.795986622073579042e+01 1.019497296534467926e-02 1.936985635757579871e+00 1.077538679891763482e-02 1.081329857820318541e+00 1.973703966380564376e-02
7.826086956521739069e+01 9.973983408748863383e-03 1.942320425533133221e+00 9.524201760966324176e-03 1.083203439108890054e+00 1.709906396833390033e-02
7.856187290969900516e+01 9.753222002300832028e-03 1.947655215308686572e+00 8.338779687405003735e-03 1.085077020397461567e+00 1.530302931931240909e-02
7.886287625418060543e+01 9.535865498517794026e-03 1.952990005084239922e+00 7.232004358445056832e-03 1.086950601686033080e+00 1.374187404376905723e-02
7.916387959866221991e+01 9.323531103419449573e-03 1.958324794859793272e+00 6.219662236614942850e-03 1.088824182974604593e+00 1.203604069490292992e-02
7.946488294314382017e+01 9.115700395698107111e-03 1.963659584635346622e+00 5.313255872019099525e-03 1.090697764263175884e+00 1.012189998146614464e-02
7.976588628762542044e+01 8.909888214897451753e-03 1.968994374410899972e+00 4.515735827191074206e-03 1.092571345551747397e+00 8.192001336563888708e-03
8.006688963210703491e+01 8.702503886195251184e-03 1.974329164186453323e+00 3.821232348815071806e-03 1.094444926840318910e+00 6.545857921209347931e-03
8.036789297658863518e+01 8.490103630291949421e-03 1.979663953962006673e+00 3.218019906433873620e-03 1.096318508128890201e+00 5.429330909846910927e-03
8.066889632107023544e+01 8.270581503553335254e-03 1.984998743737560023e+00 2.692787785797487714e-03 1.098192089417461936e+00 4.923648856145683081e-03
8.096989966555184992e+01 8.043869979424233055e-03 1.990333533513113373e+00 2.234206142122161128e-03 1.100065670706033227e+00 4.916215829293394193e-03
8.127090301003345019e+01 7.811922181158168117e-03 1.995668323288666723e+00 1.834582158104867272e-03 1.101939251994604740e+00 5.156431711276294322e-03
8.157190635451505045e+01 7.578039043106194785e-03 2.001003113064220074e+00 1.489519841527081221e-03 1.103812833283176253e+00 5.367223355922722677e-03
8.187290969899666493e+01 7.345851281394924319e-03 2.006337902839773424e+00 1.196341977516967832e-03 1.105686414571747544e+00 5.354028595233161630e-03
8.217391304347826519e+01 7.118357197857602334e-03 2.011672692615326774e+00 9.523091540041915938e-04 1.107559995860319280e+00 5.054004460780615014e-03
8.247491638795986546e+01 6.897326670010465142e-03 2.017007482390880124e+00 7.534391298557944735e-04 1.109433577148890571e+00 4.511219884114603049e-03
8.277591973244147994e+01 6.683177080641094711e-03 2.022342272166433474e+00 5.942553150580036879e-04 1.111307158437462084e+00 3.815984443609675598e-03
8.307692307692308020e+01 6.475224919080952747e-03 2.027677061941986825e+00 4.683431909841554905e-04 1.113180739726033597e+00 3.059566733133358817e-03
8.337792642140469468e+01 6.272112636839920034e-03 2.033011851717540175e+00 3.693204450006853565e-04 1.115054321014604888e+00 2.322373844309838162e-03
8.367892976588629494e+01 6.072228965703935916e-03 2.038346641493093525e+00 2.917616442224321553e-04 1.116927902303176623e+00 1.676209772606022681e-03
8.397993311036789521e+01 5.874035946455811834e-03 2.043681431268646875e+00 2.317205861419789853e-04 1.118801483591747914e+00 1.177187919983249849e-03
8.428093645484950969e+01 5.676310944127066840e-03 2.049016221044200226e+00 1.866945025436717140e-04 1.120675064880319427e+00 8.485901756007481131e-04
8.458193979933110995e+01 5.478351615002227323e-03 2.054351010819753576e+00 1.550990176221474887e-04 1.122548646168890940e+00 6.706432963993551018e-04
8.488294314381271022e+01 5.280169715703404883e-03 2.059685800595306926e+00 1.355002523731070726e-04 1.124422227457462231e+00 5.902808117027437494e-04
8.518394648829432469e+01 5.082650160542856975e-03 2.065020590370860276e+00 1.259271083938388967e-04 1.126295808746033966e+00 5.475223191077237999e-04
8.548494983277592496e+01 4.887618695447391338e-03 2.070355380146413626e+00 1.235411853751407902e-04 1.128169390034605257e+00 5.027503053503062881e-04
8.578595317725752523e+01 4.697768618820327181e-03 2.075690169921966977e+00 1.247932307170512541e-04 1.130042971323176770e+00 4.491521072426926165e-04
8.608695652173913970e+01 4.516437457033810852e-03 2.081024959697520327e+00 1.259994199007427682e-04 1.131916552611748283e+00 4.048188043527823363e-04
8.638795986622073997e+01 4.347272007494307373e-03 2.086359749473073677e+00 1.241037947591680101e-04 1.133790133900319574e+00 3.916414617150894197e-04
8.668896321070235444e+01 4.193848154146500272e-03 2.091694539248627027e+00 1.173228956372118417e-04 1.135663715188891310e+00 4.152039211442442169e-04
8.698996655518395471e+01 4.059308572728515842e-03 2.097029329024180377e+00 1.054252794416725750e-04 1.137537296477462601e+00 4.577990970816868724e-04
8.729096989966555498e+01 3.946053777393764526e-03 2.102364118799733728e+00 8.955626244806269337e-05 1.139410877766034114e+00 4.876987782391002842e-04
8.759197324414716945e+01 3.855489757016359893e-03 2.107698908575287078e+00 7.170299244137604054e-05 1.141284459054605627e+00 4.775428474870542376e-04
8.789297658862876972e+01 3.787820717335678607e-03 2.113033698350840428e+00 5.402161649347777828e-05 1.143158040343176918e+00 4.193433479351174305e-04
8.819397993311036998e+01 3.741890621466902565e-03 2.118368488126393778e+00 3.826576257572728273e-05 1.145031621631748653e+00 3.267781313783714057e-04
8.849498327759198446e+01 3.715116335782994370e-03 2.123703277901947128e+00 2.547204228106583795e-05 1.146905202920319944e+00 2.250192162193642665e-04
8.879598662207358473e+01 3.703592900025760859e-03 2.129038067677500479e+00 1.593013310005473904e-05 1.148778784208891457e+00 1.366924180254319764e-04
8.909698996655518499e+01 3.702453898324087073e-03 2.134372857453053829e+00 9.358776065203143035e-06 1.150652365497462970e+00 7.320565689017290015e-05
8.939799331103679947e+01 3.706515155217745845e-03 2.139707647228607179e+00 5.164536836114590494e-06 1.152525946786034261e+00 3.455495850140261895e-05
8.969899665551839973e+01 3.711126933393732886e-03 2.145042437004160529e+00 2.676945201664923942e-06 1.154399528074605996e+00 1.437470676894926366e-05
9.000000000000000000e+01 3.713051472945559650e-03 2.150377226779713880e+00 1.303269529691799742e-06 1.156273109363177287e+00 5.269797960427838185e-06
