0.000000000000000000e+00 3.762451681889385224e-02 1.108503844717105558e-02 9.514869090740683356e-07 9.101678365817586491e-05 1.008252957763702051e+00
3.010033444816053727e-01 3.826577773860324189e-02 2.148820843932882849e-02 1.790567611248507385e-06 2.293635856114571627e-03 1.008967503165716373e+00
6.020066889632107454e-01 3.890951887673466114e-02 3.189137843148660140e-02 3.495596006709179769e-06 4.496254928570967389e-03 1.010854733942502692e+00
9.030100334448161181e-01 3.969587193787995488e-02 4.229454842364437084e-02 6.553265409976361954e-06 6.698874001027362718e-03 1.013523555789041186e+00
1.204013377926421491e+00 4.187173068760069450e-02 5.269771841580214722e-02 1.163008968297283713e-05 8.901493073483758914e-03 1.016428689951088371e+00
1.505016722408026864e+00 4.545566722089110223e-02 6.310088840795992360e-02 1.951954916674722017e-05 1.110411214594015511e-02 1.018990448349888389e+00
1.806020066889632236e+00 5.073916117266468601e-02 7.350405840011769998e-02 3.104347531178431701e-05 1.330673121839654957e-02 1.020717774691361157e+00
2.107023411371237387e+00 5.721716138531304785e-02 8.390722839227546248e-02 4.692762903101937695e-05 1.550935029085294577e-02 1.021307179151818234e+00
2.408026755852842982e+00 6.322884657549433796e-02 9.431039838443323886e-02 6.770166850284113126e-05 1.771196936330934196e-02 1.020698260252390410e+00
2.709030100334448576e+00 6.945109261630365294e-02 1.047135683765910152e-01 9.368944677755728257e-05 1.991458843576573642e-02 1.019078328593112426e+00
3.010033444816053727e+00 7.793903361489303017e-02 1.151167383687487916e-01 1.251386235696685099e-04 2.211720750822213435e-02 1.016840857669142784e+00
3.311036789297658878e+00 8.706372273093779257e-02 1.255199083609065402e-01 1.624824169975923609e-04 2.431982658067852882e-02 1.014512275524168672e+00
3.612040133779264472e+00 9.231428730500700064e-02 1.359230783530643305e-01 2.066456776668757780e-04 2.652244565313492328e-02 1.012667077360128287e+00
3.913043478260870067e+00 9.584061754288597523e-02 1.463262483452221208e-01 2.592390214416945868e-04 2.872506472559132121e-02 1.011851456380602921e+00
4.214046822742474774e+00 1.029928136839292629e-01 1.567294183373798555e-01 3.224759057001436451e-04 3.092768379804771567e-02 1.012530753274921702e+00
4.515050167224080369e+00 1.128695400039289587e-01 1.671325883295376458e-01 3.987332529446308634e-04 3.313030287050411360e-02 1.015067344756327428e+00
4.816053511705685963e+00 1.203392286593324145e-01 1.775357583216954360e-01 4.898491428148106421e-04 3.533292194296050459e-02 1.019725577576949371e+00
5.117056856187291558e+00 1.261237802203082070e-01 1.879389283138531708e-01 5.964403460444147502e-04 3.753554101541690946e-02 1.026692061213347662e+00
5.418060200668897153e+00 1.285675119514135545e-01 1.983420983060109610e-01 7.176072779634529164e-04 3.973816008787330045e-02 1.036095822351489115e+00
5.719063545150501859e+00 1.295393437503464529e-01 2.087452682981687513e-01 8.512688013822781053e-04 4.194077916032969144e-02 1.048014989186964119e+00
6.020066889632107454e+00 1.320146840135995314e-01 2.191484382903265415e-01 9.950374013560122754e-04 4.414339823278609631e-02 1.062464344133207117e+00
6.321070234113713049e+00 1.310397163465430725e-01 2.295516082824842763e-01 1.147169408387025986e-03 4.634601730524248731e-02 1.079368701643047768e+00
6.622073578595317755e+00 1.284629520830515570e-01 2.399547782746420665e-01 1.306965395769898834e-03 4.854863637769887830e-02 1.098536565797245235e+00
6.923076923076923350e+00 1.253172811410191156e-01 2.503579482667998568e-01 1.474240006895093363e-03 5.075125545015528317e-02 1.119652607437016778e+00
7.224080267558528945e+00 1.224625464578733974e-01 2.607611182589575916e-01 1.648073463178647245e-03 5.295387452261167416e-02 1.142303396958229689e+00
7.525083612040134540e+00 1.221773708300844669e-01 2.711642882511153818e-01 1.825676299595391282e-03 5.515649359506806515e-02 1.166038873906976914e+00
7.826086956521740134e+00 1.213412159374785276e-01 2.815674582432731721e-01 2.002426156698802664e-03 5.735911266752447002e-02 1.190456275758160487e+00
8.127090301003345729e+00 1.179279383689059157e-01 2.919706282354309623e-01 2.173726869204279689e-03 5.956173173998086101e-02 1.215280356236246861e+00
8.428093645484949548e+00 1.108350584672703892e-01 3.023737982275886971e-01 2.338407976870122366e-03 6.176435081243725200e-02 1.240410269386555075e+00
8.729096989966555142e+00 9.896655594357738062e-02 3.127769682197464873e-01 2.502360557281702036e-03 6.396696988489365687e-02 1.265912647184383344e+00
9.030100334448160737e+00 8.852246486268089409e-02 3.231801382119042776e-01 2.680523107759350682e-03 6.616958895735004786e-02 1.291959740025324210e+00
9.331103678929766332e+00 8.098553870093433416e-02 3.335833082040620123e-01 2.895552059400470675e-03 6.837220802980645273e-02 1.318733407154679904e+00
9.632107023411371927e+00 7.075216030153587410e-02 3.439864781962198026e-01 3.172571790544160414e-03 7.057482710226284373e-02 1.346330596324972761e+00
9.933110367892977521e+00 5.784158998452564038e-02 3.543896481883775929e-01 3.530994432841901183e-03 7.277744617471923472e-02 1.374706664891245156e+00
1.023411371237458312e+01 4.714879134471393340e-02 3.647928181805353276e-01 3.975969723518404247e-03 7.498006524717563959e-02 1.403678633587946756e+00
1.053511705685618871e+01 3.912506666840562947e-02 3.751959881726931179e-01 4.492894570570622748e-03 7.718268431963203058e-02 1.432987317046760189e+00
1.083612040133779431e+01 3.193386040335507992e-02 3.855991581648509081e-01 5.048005524247734140e-03 7.938530339208842157e-02 1.462395399679187191e+00
1.113712374581939812e+01 2.649251676746095657e-02 3.960023281570086429e-01 5.596212158139315593e-03 8.158792246454482644e-02 1.491787158601008301e+00
1.143812709030100372e+01 2.259612282571864597e-02 4.064054981491664331e-01 6.094476114792930950e-03 8.379054153700121743e-02 1.521238501304897683e+00
1.173913043478260931e+01 1.839346992459851490e-02 4.168086681413242234e-01 6.516328373792376442e-03 8.599316060945760842e-02 1.551040128681295149e+00
1.204013377926421491e+01 1.382435383444826846e-02 4.272118381334820136e-01 6.861918308611787004e-03 8.819577968191401329e-02 1.581673982097149045e+00
1.234113712374582050e+01 1.022364923629084411e-02 4.376150081256397484e-01 7.159188698444323568e-03 9.039839875437040428e-02 1.613755501708096007e+00
1.264214046822742610e+01 7.927044168713828776e-03 4.480181781177975386e-01 7.455136423646401174e-03 9.260101782682679528e-02 1.647957579946321749e+00
1.294314381270903169e+01 6.752633560478958456e-03 4.584213481099553289e-01 7.800219213002371546e-03 9.480363689928320015e-02 1.684928198949427580e+00
1.324414715719063551e+01 6.135775460929933540e-03 4.688245181021130636e-01 8.231839957653783874e-03 9.700625597173959114e-02 1.725208228176021930e+00
1.354515050167224111e+01 5.484702843179779623e-03 4.792276880942708539e-01 8.763063023292884737e-03 9.920887504419598213e-02 1.769154094694557200e+00
1.384615384615384670e+01 4.597234755680413600e-03 4.896308580864286442e-01 9.380257315531836254e-03 1.014114941166523870e-01 1.816873423866320225e+00
1.414715719063545230e+01 3.548670253655381284e-03 5.000340280785863234e-01 1.004958395550218514e-02 1.036141131891087780e-01 1.868186825801447792e+00
1.444816053511705789e+01 2.591353881035664795e-03 5.104371980707441692e-01 1.072905479122904585e-02 1.058167322615651690e-01 1.922629943552512488e+00
1.474916387959866348e+01 1.914789278619279415e-03 5.208403680629019039e-01 1.138156621441339077e-02 1.080193513340215739e-01 1.979502738759931768e+00
1.505016722408026908e+01 1.615067002388158660e-03 5.312435380550596387e-01 1.198490938485013632e-02 1.102219704064779648e-01 2.037958959739710973e+00
1.535117056856187467e+01 1.422445678164137089e-03 5.416467080472174844e-01 1.253640389915552239e-02 1.124245894789343697e-01 2.097114158698913045e+00
1.565217391304348027e+01 1.176287214351902366e-03 5.520498780393752192e-01 1.305157220045190074e-02 1.146272085513907607e-01 2.156143560981028440e+00
1.595317725752508409e+01 9.675706622362404081e-04 5.624530480315329539e-01 1.355776704544067908e-02 1.168298276238471517e-01 2.214346419402494881e+00
1.625418060200669146e+01 8.151116576035690202e-04 5.728562180236907997e-01 1.408486740553202207e-02 1.190324466963035566e-01 2.271169545835781012e+00
1.655518394648829528e+01 8.367839231133676614e-04 5.832593880158485344e-01 1.465593359120146572e-02 1.212350657687599476e-01 2.326201647449116727e+00
1.685618729096989910e+01 9.885214374694337430e-04 5.936625580080062692e-01 1.528066271666225079e-02 1.234376848412163385e-01 2.379161913790762917e+00
1.715719063545150647e+01 1.046529633493852463e-03 6.040657280001641150e-01 1.595338549787657031e-02 1.256403039136727295e-01 2.429904359737542041e+00
1.745819397993311028e+01 1.087975468525932167e-03 6.144688979923218497e-01 1.665560656454575378e-02 1.278429229861291205e-01 2.478444245206485430e+00
1.775919732441471766e+01 1.112610404165350481e-03 6.248720679844795844e-01 1.736161123914850557e-02 1.300455420585855115e-01 2.524992144101162683e+00
1.806020066889632147e+01 1.130719698632414155e-03 6.352752379766374302e-01 1.804511843715770128e-02 1.322481611310419025e-01 2.569965992930519860e+00
1.836120401337792885e+01 1.198900961485319236e-03 6.456784079687951650e-01 1.868527584906595762e-02 1.344507802034982935e-01 2.613950684680318659e+00
1.866220735785953266e+01 1.165082645670622663e-03 6.560815779609528997e-01 1.927085865411385171e-02 1.366533992759547123e-01 2.657590925268491500e+00
1.896321070234114003e+01 1.003978295408913682e-03 6.664847479531107455e-01 1.980190989174956256e-02 1.388560183484111032e-01 2.701430700902308857e+00
1.926421404682274385e+01 7.464069929917011492e-04 6.768879179452684802e-01 2.028840177894429553e-02 1.410586374208674942e-01 2.745740664101424144e+00
1.956521739130434767e+01 6.888027609024529934e-04 6.872910879374262150e-01 2.074623085078855511e-02 1.432612564933238852e-01 2.790390745817798113e+00
1.986622073578595504e+01 7.345369842202111249e-04 6.976942579295840607e-01 2.119202043762314497e-02 1.454638755657802762e-01 2.834820981691237307e+00
2.016722408026755886e+01 5.676397282412552672e-04 7.080974279217417955e-01 2.163914904553346577e-02 1.476664946382366950e-01 2.878138080725305414e+00
2.046822742474916623e+01 3.736792319629050180e-04 7.185005979138995302e-01 2.209726346201874511e-02 1.498691137106930860e-01 2.919326171935528791e+00
2.076923076923077005e+01 3.756383780765079508e-04 7.289037679060573760e-01 2.257590996017305035e-02 1.520717327831494770e-01 2.957520862676301654e+00
2.107023411371237742e+01 4.356626604554743993e-04 7.393069378982151107e-01 2.309044479627599816e-02 1.542743518556058679e-01 2.992270716177307666e+00
2.137123745819398124e+01 4.437165414206599651e-04 7.497101078903728455e-01 2.366641785725632705e-02 1.564769709280622589e-01 3.023709498067983947e+00
2.167224080267558861e+01 4.526004717619246608e-04 7.601132778825306913e-01 2.433845918292983426e-02 1.586795900005186499e-01 3.052587459913891355e+00
2.197324414715719243e+01 5.247693515152215696e-04 7.705164478746884260e-01 2.514177056710877045e-02 1.608822090729750687e-01 3.080152423570439169e+00
2.227424749163879625e+01 5.757918698325966604e-04 7.809196178668461608e-01 2.609786678404052082e-02 1.630848281454314597e-01 3.107916666021359742e+00
2.257525083612040362e+01 4.561295569238951807e-04 7.913227878590040065e-01 2.719959444203216836e-02 1.652874472178878507e-01 3.137377512913348543e+00
2.287625418060200744e+01 3.299119579028618552e-04 8.017259578511617413e-01 2.840199533960732076e-02 1.674900662903442417e-01 3.169767015803345522e+00
2.317725752508361481e+01 3.480013989888218712e-04 8.121291278433194760e-01 2.962434629195444258e-02 1.696926853628006326e-01 3.205887383126002188e+00
2.347826086956521863e+01 3.535045605983393787e-04 8.225322978354773218e-01 3.076494912163516005e-02 1.718953044352570236e-01 3.246052412913741581e+00
2.377926421404682600e+01 2.418760052129727126e-04 8.329354678276350565e-01 3.172531035647933872e-02 1.740979235077134424e-01 3.290116298229340597e+00
2.408026755852842982e+01 1.633959637206710723e-04 8.433386378197929023e-01 3.243621155843563753e-02 1.763005425801698334e-01 3.337545547535953894e+00
2.438127090301003363e+01 1.702146746575612288e-04 8.537418078119506371e-01 3.287670408579518311e-02 1.785031616526262244e-01 3.387486836403656998e+00
2.468227424749164101e+01 2.074839065650700893e-04 8.641449778041083718e-01 3.307921548556140567e-02 1.807057807250826154e-01 3.438802633956169696e+00
2.498327759197324482e+01 2.519531625280700682e-04 8.745481477962662176e-01 3.311909879396439382e-02 1.829083997975390063e-01 3.490077173441851865e+00
2.528428093645485220e+01 2.603684211882373615e-04 8.849513177884239523e-01 3.309289071670394600e-02 1.851110188699953973e-01 3.539623002272847874e+00
2.558528428093645601e+01 2.449125589814451316e-04 8.953544877805816871e-01 3.309346821599040006e-02 1.873136379424518161e-01 3.585530431414433838e+00
2.588628762541806339e+01 2.560400457821758696e-04 9.057576577727395328e-01 3.319036790629226880e-02 1.895162570149082071e-01 3.625793582042411423e+00
2.618729096989966720e+01 2.823095881711402207e-04 9.161608277648972676e-01 3.342004933298763081e-02 1.917188760873645981e-01 3.658521029032133498e+00
2.648829431438127102e+01 2.262749618178537103e-04 9.265639977570550023e-01 3.378610316981334877e-02 1.939214951598209891e-01 3.682206202328039080e+00
2.678929765886287839e+01 1.779291958715329791e-04 9.369671677492128481e-01 3.426607118040954358e-02 1.961241142322773801e-01 3.696004543590277525e+00
2.709030100334448221e+01 1.751304723076974946e-04 9.473703377413705828e-01 3.482108257345496727e-02 1.983267333047337710e-01 3.699950473609789015e+00
2.739130434782608958e+01 1.701446174417713521e-04 9.577735077335283176e-01 3.540623099589761125e-02 2.005293523771901898e-01 3.695052285224132760e+00
2.769230769230769340e+01 1.270308634146943773e-04 9.681766777256861634e-01 3.598146758838238757e-02 2.027319714496465808e-01 3.683226420545473889e+00
2.799331103678930077e+01 7.772309356314173240e-05 9.785798477178438981e-01 3.652303968650161964e-02 2.049345905221029718e-01 3.667068524537345109e+00
2.829431438127090459e+01 8.159268214774174964e-05 9.889830177100016328e-01 3.703404449737104920e-02 2.071372095945593628e-01 3.649497879107273413e+00
2.859531772575251196e+01 1.009988927150834534e-04 9.993861877021594786e-01 3.755092287793095063e-02 2.093398286670157538e-01 3.633343566159373150e+00
2.889632107023411578e+01 1.027790392374961322e-04 1.009789357694317324e+00 3.814240408191155174e-02 2.115424477394721448e-01 3.620955710592852483e+00
2.919732441471571960e+01 1.138632184004690056e-04 1.020192527686474948e+00 3.889916040819831056e-02 2.137450668119285635e-01 3.613918626066425777e+00
2.949832775919732697e+01 1.165289854268733406e-04 1.030595697678632794e+00 3.991541358754153307e-02 2.159476858843849545e-01 3.612916272415903851e+00
2.979933110367893079e+01 1.513377261088547966e-04 1.040998867670790640e+00 4.126643138427947555e-02 2.181503049568413455e-01 3.617762017866960722e+00
3.010033444816053816e+01 2.198121884206088701e-04 1.051402037662948263e+00 4.298715906762919092e-02 2.203529240292977365e-01 3.627565834414907098e+00
3.040133779264214198e+01 2.216919796020999200e-04 1.061805207655106109e+00 4.505699357553481776e-02 2.225555431017541275e-01 3.640983933635464354e+00
3.070234113712374935e+01 1.426399074142984194e-04 1.072208377647263955e+00 4.739446099085766612e-02 2.247581621742105462e-01 3.656485471762445982e+00
3.100334448160535317e+01 7.387971751196337948e-05 1.082611547639421579e+00 4.986391766758054012e-02 2.269607812466669372e-01 3.672579038471373458e+00
3.130434782608696054e+01 7.836655580998459997e-05 1.093014717631579424e+00 5.229465351085730435e-02 2.291634003191233282e-01 3.687963026878742223e+00
3.160535117056856436e+01 8.232940441799143608e-05 1.103417887623737270e+00 5.451082784630451733e-02 2.313660193915797192e-01 3.701590121064735950e+00
3.190635451505016817e+01 5.339156787371822078e-05 1.113821057615894894e+00 5.636821470482363677e-02 2.335686384640361102e-01 3.712658585160645952e+00
3.220735785953177555e+01 2.826963249803041809e-05 1.124224227608052740e+00 5.779073109730459984e-02 2.357712575364925012e-01 3.720556425697332692e+00
3.250836120401338292e+01 1.396058112849863977e-05 1.134627397600210585e+00 5.879694835208573722e-02 2.379738766089489199e-01 3.724787872530055832e+00
3.280936454849498318e+01 5.169770115530896690e-06 1.145030567592368209e+00 5.950602993877630864e-02 2.401764956814053109e-01 3.724907709663803690e+00
3.311036789297659055e+01 8.761755157382726308e-07 1.155433737584526055e+00 6.011581563892878788e-02 2.423791147538617019e-01 3.720481903389269540e+00
3.341137123745819792e+01 5.515324517809405677e-08 1.165836907576683901e+00 6.085371392520071143e-02 2.445817338263180929e-01 3.711085685149762003e+00
3.371237458193979819e+01 1.234859197073251945e-09 1.176240077568841524e+00 6.191160562820608587e-02 2.467843528987744839e-01 3.696343228850231366e+00
3.401337792642140556e+01 9.761405019557731222e-12 1.186643247560999370e+00 6.338463215652288818e-02 2.489869719712308749e-01 3.676004974334922348e+00
3.431438127090301293e+01 2.720960630428155506e-14 1.197046417553157216e+00 6.523580486055433059e-02 2.511895910436873214e-01 3.650048490100374021e+00
3.461538461538462030e+01 2.673984910914971840e-17 1.207449587545314840e+00 6.730158241713288247e-02 2.533922101161437124e-01 3.618777952487787442e+00
3.491638795986622057e+01 9.264196740339707432e-21 1.217852757537472685e+00 6.933976177679780639e-02 2.555948291886001034e-01 3.582889988741504439e+00
3.521739130434782794e+01 1.131530514179461703e-24 1.228255927529630531e+00 7.110556688984648321e-02 2.577974482610564944e-01 3.543474698343934914e+00
3.551839464882943531e+01 4.872300285201645203e-29 1.238659097521788155e+00 7.243112531562553857e-02 2.600000673335128853e-01 3.501932689645044228e+00
3.581939799331104268e+01 7.396240594806648960e-34 1.249062267513946001e+00 7.328209579659125672e-02 2.622026864059692763e-01 3.459809939521089284e+00
3.612040133779264295e+01 3.958195212830316535e-39 1.259465437506103846e+00 7.377354366566800381e-02 2.644053054784256673e-01 3.418575885383472013e+00
3.642140468227425032e+01 7.467798345670140129e-45 1.269868607498261470e+00 7.414159903158780429e-02 2.666079245508820583e-01 3.379388440751905698e+00
3.672240802675585769e+01 4.967034177861077406e-51 1.280271777490419316e+00 7.468202172610477474e-02 2.688105436233384493e-01 3.342896501560760125e+00
3.702341137123745796e+01 1.164691505257506053e-57 1.290674947482577162e+00 7.567614092922693436e-02 2.710131626957948958e-01 3.309124096095349188e+00
3.732441471571906533e+01 9.627950766690807197e-65 1.301078117474734785e+00 7.732618032414613485e-02 2.732157817682512868e-01 3.277463089301961396e+00
3.762541806020067270e+01 2.805860058977712893e-72 1.311481287466892631e+00 7.971655282084245953e-02 2.754184008407076778e-01 3.246778457971559728e+00
3.792642140468228007e+01 2.882752427173090695e-80 1.321884457459050477e+00 8.280836691300218211e-02 2.776210199131640688e-01 3.215607365368219561e+00
3.822742474916388034e+01 1.044137946246896777e-88 1.332287627451208101e+00 8.646461025381239895e-02 2.798236389856204598e-01 3.182415390195119542e+00
3.852842809364548771e+01 1.333268459534323682e-97 1.342690797443365947e+00 9.049590354659139968e-02 2.820262580580768508e-01 3.145863499341469360e+00
3.882943143812709508e+01 6.001869175323885576e-107 1.353093967435523792e+00 9.471278189393939062e-02 2.842288771305332418e-01 3.105039097045410479e+00
3.913043478260869534e+01 9.524992391338427357e-117 1.363497137427681416e+00 9.897052776092447879e-02 2.864314962029896328e-01 3.059613240462481620e+00
3.943143812709030271e+01 5.329076361979323616e-127 1.373900307419839262e+00 1.031961167829091031e-01 2.886341152754460238e-01 3.009901495582439246e+00
3.973244147157191009e+01 1.051110665203817370e-137 1.384303477411997108e+00 1.073925632742284836e-01 2.908367343479024147e-01 2.956824086265219975e+00
4.003344481605351746e+01 7.308935600857170820e-149 1.394706647404154731e+00 1.116221790847363310e-01 2.930393534203588057e-01 2.901777760607553436e+00
4.033444816053511772e+01 1.791715378187555238e-160 1.405109817396312577e+00 1.159754151204143297e-01 2.952419724928152522e-01 2.846443950548330992e+00
4.063545150501672509e+01 1.548435431834899185e-172 1.415512987388470423e+00 1.205349717424492317e-01 2.974445915652716432e-01 2.792564045662335293e+00
4.093645484949833246e+01 4.717657118216590583e-185 1.425916157380628047e+00 1.253452355573458354e-01 2.996472106377280342e-01 2.741713536439084997e+00
4.123745819397993273e+01 5.067209249331743342e-198 1.436319327372785892e+00 1.303948050482428289e-01 3.018498297101844252e-01 2.695103941466262309e+00
4.153846153846154010e+01 1.918759300327680030e-211 1.446722497364943738e+00 1.356155021481621759e-01 3.040524487826408162e-01 2.653436149394325039e+00
4.183946488294314747e+01 2.561423267708795024e-225 1.457125667357101362e+00 1.408962941920445522e-01 3.062550678550972072e-01 2.616821676853398948e+00
4.214046822742475484e+01 1.205456091783375754e-239 1.467528837349259208e+00 1.461070611505206340e-01 3.084576869275535982e-01 2.584779586516697147e+00
4.244147157190635511e+01 2.000002944421639504e-254 1.477932007341417053e+00 1.511266874786861003e-01 3.106603060000099892e-01 2.556307048528811521e+00
4.274247491638796248e+01 1.169820068127349958e-269 1.488335177333574677e+00 1.558720507290400348e-01 3.128629250724663802e-01 2.530012177721855160e+00
4.304347826086956985e+01 2.412218772842359512e-285 1.498738347325732523e+00 1.603263165959288028e-01 3.150655441449227712e-01 2.504290581163072016e+00
4.334448160535117722e+01 1.753571635069302429e-301 1.509141517317890369e+00 1.645634047896592511e-01 3.172681632173791622e-01 2.477523102135877675e+00
4.364548494983277749e+01 4.494060639823645866e-318 1.519544687310047992e+00 1.687603665126928276e-01 3.194707822898355531e-01 2.448271371892848602e+00
4.394648829431438486e+01 0.000000000000000000e+00 1.529947857302205838e+00 1.731850418119310620e-01 3.216734013622919997e-01 2.415448878970291258e+00
4.424749163879599223e+01 0.000000000000000000e+00 1.540351027294363684e+00 1.781491605248546051e-01 3.238760204347483906e-01 2.378447423298376773e+00
4.454849498327759250e+01 0.000000000000000000e+00 1.550754197286521308e+00 1.839299998860458862e-01 3.260786395072047816e-01 2.337202255297030629e+00
4.484949832775919987e+01 0.000000000000000000e+00 1.561157367278679153e+00 1.906821192773618112e-01 3.282812585796611726e-01 2.292185151725505854e+00
4.515050167224080724e+01 0.000000000000000000e+00 1.571560537270836999e+00 1.983735238578221705e-01 3.304838776521175636e-01 2.244324202840791038e+00
4.545150501672241461e+01 0.000000000000000000e+00 1.581963707262994623e+00 2.067775711287369311e-01 3.326864967245739546e-01 2.194861573269431432e+00
4.575250836120401488e+01 0.000000000000000000e+00 1.592366877255152469e+00 2.155313706464629941e-01 3.348891157970303456e-01 2.145173108337485424e+00
4.605351170568562225e+01 0.000000000000000000e+00 1.602770047247310314e+00 2.242427552148076320e-01 3.370917348694867366e-01 2.096582178311285460e+00
4.635451505016722962e+01 0.000000000000000000e+00 1.613173217239467938e+00 2.326062577386742714e-01 3.392943539419431276e-01 2.050200919970905478e+00
4.665551839464882988e+01 0.000000000000000000e+00 1.623576387231625784e+00 2.404852937300139548e-01 3.414969730143995186e-01 2.006823827135070903e+00
4.695652173913043725e+01 0.000000000000000000e+00 1.633979557223783630e+00 2.479337192434833137e-01 3.436995920868559096e-01 1.966883570184562169e+00
4.725752508361204463e+01 0.000000000000000000e+00 1.644382727215941253e+00 2.551556159370333976e-01 3.459022111593123006e-01 1.930461891215318193e+00
4.755852842809365200e+01 0.000000000000000000e+00 1.654785897208099099e+00 2.624243557266172644e-01 3.481048302317687471e-01 1.897335386628166587e+00
4.785953177257525226e+01 0.000000000000000000e+00 1.665189067200256945e+00 2.699917269083958460e-01 3.503074493042251381e-01 1.867031700330743726e+00
4.816053511705685963e+01 0.000000000000000000e+00 1.675592237192414791e+00 2.780144524464675526e-01 3.525100683766815290e-01 1.838877633963049929e+00
4.846153846153846700e+01 0.000000000000000000e+00 1.685995407184572414e+00 2.865146547210417061e-01 3.547126874491379200e-01 1.812034273073613866e+00
4.876254180602006727e+01 0.000000000000000000e+00 1.696398577176730260e+00 2.953796774009647130e-01 3.569153065215943110e-01 1.785529232773335195e+00
4.906354515050167464e+01 0.000000000000000000e+00 1.706801747168888106e+00 3.043983811831251773e-01 3.591179255940507020e-01 1.758305157189889334e+00
4.936454849498328201e+01 0.000000000000000000e+00 1.717204917161045730e+00 3.133244083458353590e-01 3.613205446665070930e-01 1.729301408647682559e+00
4.966555183946488938e+01 0.000000000000000000e+00 1.727608087153203575e+00 3.219499954844085021e-01 3.635231637389634840e-01 1.697572170396852487e+00
4.996655518394648965e+01 0.000000000000000000e+00 1.738011257145361421e+00 3.301681220731313426e-01 3.657257828114198750e-01 1.662424428170235391e+00
5.026755852842809702e+01 0.000000000000000000e+00 1.748414427137519045e+00 3.380011902352329511e-01 3.679284018838762660e-01 1.623542653598271990e+00
5.056856187290970439e+01 0.000000000000000000e+00 1.758817597129676891e+00 3.455851347980166133e-01 3.701310209563326570e-01 1.581062141687115785e+00
5.086956521739130466e+01 0.000000000000000000e+00 1.769220767121834736e+00 3.531164136872154691e-01 3.723336400287891035e-01 1.535563656161077040e+00
5.117056856187291203e+01 0.000000000000000000e+00 1.779623937113992360e+00 3.607860124529163603e-01 3.745362591012454945e-01 1.487985060438692608e+00
5.147157190635451940e+01 0.000000000000000000e+00 1.790027107106150206e+00 3.687285925601082037e-01 3.767388781737018855e-01 1.439471877814236800e+00
5.177257525083612677e+01 0.000000000000000000e+00 1.800430277098308052e+00 3.770029734854890013e-01 3.789414972461582765e-01 1.391207430185765093e+00
5.207357859531772704e+01 0.000000000000000000e+00 1.810833447090465675e+00 3.856002716363515770e-01 3.811441163186146674e-01 1.344266774665538566e+00
5.237458193979933441e+01 0.000000000000000000e+00 1.821236617082623521e+00 3.944621925744215551e-01 3.833467353910710584e-01 1.299526094936698239e+00
5.267558528428094178e+01 0.000000000000000000e+00 1.831639787074781367e+00 4.034934856059793629e-01 3.855493544635274494e-01 1.257636319100983169e+00
5.297658862876254204e+01 0.000000000000000000e+00 1.842042957066938991e+00 4.125667321237783125e-01 3.877519735359838404e-01 1.219046311559739193e+00
5.327759197324414941e+01 0.000000000000000000e+00 1.852446127059096836e+00 4.215320040196959828e-01 3.899545926084402314e-01 1.184046363573058702e+00
5.357859531772575679e+01 0.000000000000000000e+00 1.862849297051254682e+00 4.302463087810974307e-01 3.921572116808966224e-01 1.152801844109042850e+00
5.387959866220736416e+01 0.000000000000000000e+00 1.873252467043412306e+00 4.386256979432787140e-01 3.943598307533530134e-01 1.125358569991116608e+00
5.418060200668896442e+01 0.000000000000000000e+00 1.883655637035570152e+00 4.467051390979624448e-01 3.965624498258094044e-01 1.101619368039495894e+00
5.448160535117057179e+01 0.000000000000000000e+00 1.894058807027727998e+00 4.546803135858900058e-01 3.987650688982658509e-01 1.081307126412339947e+00
5.478260869565217916e+01 0.000000000000000000e+00 1.904461977019885621e+00 4.629085310726698821e-01 4.009676879707222419e-01 1.063936905946317069e+00
5.508361204013378654e+01 0.000000000000000000e+00 1.914865147012043467e+00 4.718605283880342172e-01 4.031703070431786329e-01 1.048816441261680277e+00
5.538461538461538680e+01 0.000000000000000000e+00 1.925268317004201313e+00 4.820323537699700012e-01 4.053729261156350239e-01 1.035083476907319611e+00
5.568561872909699417e+01 0.000000000000000000e+00 1.935671486996358936e+00 4.938386586464125205e-01 4.075755451880914149e-01 1.021775594154637590e+00
5.598662207357860154e+01 0.000000000000000000e+00 1.946074656988516782e+00 5.075124810347148019e-01 4.097781642605478059e-01 1.007918996662527045e+00
5.628762541806020181e+01 0.000000000000000000e+00 1.956477826980674628e+00 5.230337807548683937e-01 4.119807833330041968e-01 9.926198688353242705e-01
5.658862876254180918e+01 0.000000000000000000e+00 1.966880996972832252e+00 5.401026417598479012e-01 4.141834024054605878e-01 9.751446079565372349e-01
5.688963210702341655e+01 0.000000000000000000e+00 1.977284166964990098e+00 5.581646266326756312e-01 4.163860214779169788e-01 9.549803506652592144e-01
5.719063545150502392e+01 0.000000000000000000e+00 1.987687336957147943e+00 5.764852223694214572e-01 4.185886405503733698e-01 9.318715500670899932e-01
5.749163879598662419e+01 0.000000000000000000e+00 1.998090506949305567e+00 5.942586188780589751e-01 4.207912596228297608e-01 9.058304261083799380e-01
5.779264214046823156e+01 0.000000000000000000e+00 2.008493676941463413e+00 6.107268426288776642e-01 4.229938786952861518e-01 8.771196373892400366e-01
5.809364548494983893e+01 0.000000000000000000e+00 2.018896846933621259e+00 6.252833128239281280e-01 4.251964977677425983e-01 8.462065140963599408e-01
5.839464882943143920e+01 0.000000000000000000e+00 2.029300016925779104e+00 6.375422282799063645e-01 4.273991168401989893e-01 8.136913289096707746e-01
5.869565217391304657e+01 0.000000000000000000e+00 2.039703186917936950e+00 6.473683847044385820e-01 4.296017359126553803e-01 7.802174621942928878e-01
5.899665551839465394e+01 0.000000000000000000e+00 2.050106356910094796e+00 6.548737050472432930e-01 4.318043549851117713e-01 7.463772253247595856e-01
5.929765886287626131e+01 0.000000000000000000e+00 2.060509526902252642e+00 6.603909133996039849e-01 4.340069740575681623e-01 7.126308516089646661e-01
5.959866220735786158e+01 0.000000000000000000e+00 2.070912696894410487e+00 6.644314038987203519e-01 4.362095931300245533e-01 6.792554645201155372e-01
5.989966555183946895e+01 0.000000000000000000e+00 2.081315866886567889e+00 6.676294364385217950e-01 4.384122122024809443e-01 6.463350176214849307e-01
6.020066889632107632e+01 0.000000000000000000e+00 2.091719036878725735e+00 6.706751556767793776e-01 4.406148312749373352e-01 6.137926703480270918e-01
6.050167224080267658e+01 0.000000000000000000e+00 2.102122206870883581e+00 6.742460979746711658e-01 4.428174503473937262e-01 5.814567955329466020e-01
6.080267558528428395e+01 0.000000000000000000e+00 2.112525376863041426e+00 6.789550120476937067e-01 4.450200694198501172e-01 5.491441376029106980e-01
6.110367892976589133e+01 0.000000000000000000e+00 2.122928546855199272e+00 6.853318811195309168e-01 4.472226884923065082e-01 5.167408412876871582e-01
6.140468227424749870e+01 0.000000000000000000e+00 2.133331716847357118e+00 6.938449357789413519e-01 4.494253075647629547e-01 4.842644895059629584e-01
6.170568561872909896e+01 0.000000000000000000e+00 2.143734886839514520e+00 7.049433264415213563e-01 4.516279266372193457e-01 4.518963571326082285e-01
6.200668896321070633e+01 0.000000000000000000e+00 2.154138056831672365e+00 7.190853317538600242e-01 4.538305457096757367e-01 4.199802729020306047e-01
6.230769230769231370e+01 0.000000000000000000e+00 2.164541226823830211e+00 7.367140693797870066e-01 4.560331647821321277e-01 3.889905954886497819e-01
6.260869565217392108e+01 0.000000000000000000e+00 2.174944396815988057e+00 7.581635013879267637e-01 4.582357838545885187e-01 3.594759092949133539e-01
6.290969899665552134e+01 0.000000000000000000e+00 2.185347566808145903e+00 7.835139252708110957e-01 4.604384029270449097e-01 3.319874455969342164e-01
6.321070234113712871e+01 0.000000000000000000e+00 2.195750736800303748e+00 8.124499775716954586e-01 4.626410219995013007e-01 3.070027346071996233e-01
6.351170568561873608e+01 0.000000000000000000e+00 2.206153906792461150e+00 8.441856087666916864e-01 4.648436410719576917e-01 2.848559508171465415e-01
6.381270903010033635e+01 0.000000000000000000e+00 2.216557076784618996e+00 8.774999275301686996e-01 4.670462601444140827e-01 2.656863566193324866e-01
6.411371237458195083e+01 0.000000000000000000e+00 2.226960246776776842e+00 9.108833421087630944e-01 4.692488792168704737e-01 2.494142866037971085e-01
6.441471571906355109e+01 0.000000000000000000e+00 2.237363416768934687e+00 9.427478451882191912e-01 4.714514982893268646e-01 2.357497876277381277e-01
6.471571906354515136e+01 0.000000000000000000e+00 2.247766586761092533e+00 9.716330852486829706e-01 4.736541173617832556e-01 2.242329372257931552e-01
6.501672240802676583e+01 0.000000000000000000e+00 2.258169756753250379e+00 9.963519353592068528e-01 4.758567364342397021e-01 2.142985887540219403e-01
6.531772575250836610e+01 0.000000000000000000e+00 2.268572926745407781e+00 1.016056030530900101e+00 4.780593555066960931e-01 2.053536753245520929e-01
6.561872909698996637e+01 0.000000000000000000e+00 2.278976096737565626e+00 1.030239989232722086e+00 4.802619745791524841e-01 1.968534620070652996e-01
6.591973244147158084e+01 0.000000000000000000e+00 2.289379266729723472e+00 1.038721620126997536e+00 4.824645936516088751e-01 1.883643908049905114e-01
6.622073578595318111e+01 0.000000000000000000e+00 2.299782436721881318e+00 1.041628248258302358e+00 4.846672127240652661e-01 1.796046148825335143e-01
6.652173913043478137e+01 0.000000000000000000e+00 2.310185606714039164e+00 1.039396658166357845e+00 4.868698317965216571e-01 1.704578225606649400e-01
6.682274247491639585e+01 0.000000000000000000e+00 2.320588776706197010e+00 1.032772958878299896e+00 4.890724508689780481e-01 1.609605618870835197e-01
6.712374581939799612e+01 0.000000000000000000e+00 2.330991946698354411e+00 1.022790404232152284e+00 4.912750699414344391e-01 1.512674274458127022e-01
6.742474916387959638e+01 0.000000000000000000e+00 2.341395116690512257e+00 1.010708484547977459e+00 4.934776890138908301e-01 1.416018048688896247e-01
6.772575250836121086e+01 0.000000000000000000e+00 2.351798286682670103e+00 9.979086945942325926e-01 4.956803080863472211e-01 1.322019856278971173e-01
6.802675585284281112e+01 0.000000000000000000e+00 2.362201456674827948e+00 9.857544860549805055e-01 4.978829271588036121e-01 1.232728816202928596e-01
6.832775919732442560e+01 0.000000000000000000e+00 2.372604626666985794e+00 9.754326384248273030e-01 5.000855462312600030e-01 1.149519528500061866e-01
6.862876254180602587e+01 0.000000000000000000e+00 2.383007796659143640e+00 9.678014323246292294e-01 5.022881653037164496e-01 1.072944573244501293e-01
6.892976588628762613e+01 0.000000000000000000e+00 2.393410966651301042e+00 9.632773551891601338e-01 5.044907843761727850e-01 1.002785122696065734e-01
6.923076923076924061e+01 0.000000000000000000e+00 2.403814136643458887e+00 9.617929020088730185e-01 5.066934034486292315e-01 9.382594007747133147e-02
6.953177257525084087e+01 0.000000000000000000e+00 2.414217306635616733e+00 9.628480720956171801e-01 5.088960225210855670e-01 8.783169717747610350e-02
6.983277591973244114e+01 0.000000000000000000e+00 2.424620476627774579e+00 9.656553556213349765e-01 5.110986415935420135e-01 8.219364462684418393e-02
7.013377926421405562e+01 0.000000000000000000e+00 2.435023646619932425e+00 9.693473274264092776e-01 5.133012606659984600e-01 7.683561027357400930e-02
7.043478260869565588e+01 0.000000000000000000e+00 2.445426816612090271e+00 9.731890586119004150e-01 5.155038797384547955e-01 7.171953359424072805e-02
7.073578595317725615e+01 0.000000000000000000e+00 2.455829986604247672e+00 9.767278713164690984e-01 5.177064988109112420e-01 6.684597475387232812e-02
7.103678929765887062e+01 0.000000000000000000e+00 2.466233156596405518e+00 9.798288465153223159e-01 5.199091178833675775e-01 6.224533902880134695e-02
7.133779264214047089e+01 0.000000000000000000e+00 2.476636326588563364e+00 9.825837769323795268e-01 5.221117369558240240e-01 5.796400384024564395e-02
7.163879598662208537e+01 0.000000000000000000e+00 2.487039496580721210e+00 9.851303491431985249e-01 5.243143560282803595e-01 5.404980323465138209e-02
7.193979933110368563e+01 0.000000000000000000e+00 2.497442666572879055e+00 9.874569784349517265e-01 5.265169751007368060e-01 5.054023237867057844e-02
7.224080267558528590e+01 0.000000000000000000e+00 2.507845836565036901e+00 9.892787821515700575e-01 5.287195941731931415e-01 4.745492451073461682e-02
7.254180602006690037e+01 0.000000000000000000e+00 2.518249006557194303e+00 9.900445506777928451e-01 5.309222132456495880e-01 4.479223398657104088e-02
7.284280936454850064e+01 0.000000000000000000e+00 2.528652176549352149e+00 9.890815208592854679e-01 5.331248323181059234e-01 4.252877281566801171e-02
7.314381270903010090e+01 0.000000000000000000e+00 2.539055346541509994e+00 9.858252806645247945e-01 5.353274513905623699e-01 4.062070493080328221e-02
7.344481605351171538e+01 0.000000000000000000e+00 2.549458516533667840e+00 9.800414882289378848e-01 5.375300704630187054e-01 3.900622455661412885e-02
7.374581939799331565e+01 0.000000000000000000e+00 2.559861686525825686e+00 9.719431468539890817e-01 5.397326895354751519e-01 3.760935537148855923e-02
7.404682274247491591e+01 0.000000000000000000e+00 2.570264856517983532e+00 9.621458879009401333e-01 5.419353086079315984e-01 3.634547148547047357e-02
7.434782608695653039e+01 0.000000000000000000e+00 2.580668026510140933e+00 9.514699235852800419e-01 5.441379276803879339e-01 3.512857259018177525e-02
7.464882943143813065e+01 0.000000000000000000e+00 2.591071196502298779e+00 9.406630382066568652e-01 5.463405467528443804e-01 3.387959128075588439e-02
7.494983277591973092e+01 0.000000000000000000e+00 2.601474366494456625e+00 9.301539095181620143e-01 5.485431658253007159e-01 3.253436953212644756e-02
7.525083612040134540e+01 0.000000000000000000e+00 2.611877536486614471e+00 9.199315913716141768e-01 5.507457848977571624e-01 3.104982989583168762e-02
7.555183946488294566e+01 0.000000000000000000e+00 2.622280706478772316e+00 9.095908052698118418e-01 5.529484039702134979e-01 2.940735157619677603e-02
7.585284280936456014e+01 0.000000000000000000e+00 2.632683876470930162e+00 8.985113870697125638e-01 5.551510230426699444e-01 2.761313552143268568e-02
7.615384615384616041e+01 0.000000000000000000e+00 2.643087046463087564e+00 8.860889645572674889e-01 5.573536421151262799e-01 2.569595727179265279e-02
7.645484949832776067e+01 0.000000000000000000e+00 2.653490216455245410e+00 8.719257305358076859e-01 5.595562611875827264e-01 2.370288847745023048e-02
7.675585284280937515e+01 0.000000000000000000e+00 2.663893386447403255e+00 8.559234316276593812e-01 5.617588802600390618e-01 2.169339765600869843e-02
7.705685618729097541e+01 0.000000000000000000e+00 2.674296556439561101e+00 8.382720398779923698e-01 5.639614993324955083e-01 1.973206388146474949e-02
7.735785953177257568e+01 0.000000000000000000e+00 2.684699726431718947e+00 8.193677576441955601e-01 5.661641184049519548e-01 1.788028388072892758e-02
7.765886287625419016e+01 0.000000000000000000e+00 2.695102896423876793e+00 7.997057986079937342e-01 5.683667374774082903e-01 1.618787020519800793e-02
7.795986622073579042e+01 0.000000000000000000e+00 2.705506066416034638e+00 7.797798177034257483e-01 5.705693565498647368e-01 1.468602933719338928e-02
7.826086956521739069e+01 0.000000000000000000e+00 2.715909236408192040e+00 7.599985409273204429e-01 5.727719756223210723e-01 1.338342262397941573e-02
7.856187290969900516e+01 0.000000000000000000e+00 2.726312406400349886e+00 7.406190106627211778e-01 5.749745946947775188e-01 1.226654622233251148e-02
7.886287625418060543e+01 0.000000000000000000e+00 2.736715576392507732e+00 7.217006532223331217e-01 5.771772137672338543e-01 1.130457466654934649e-02
7.916387959866221991e+01 0.000000000000000000e+00 2.747118746384665577e+00 7.030959654729673769e-01 5.793798328396903008e-01 1.045750148428381196e-02
7.946488294314382017e+01 0.000000000000000000e+00 2.757521916376823423e+00 6.844962406846170078e-01 5.815824519121466363e-01 9.685421134136880036e-03
7.976588628762542044e+01 0.000000000000000000e+00 2.767925086368981269e+00 6.655349455194011776e-01 5.837850709846030828e-01 8.956530772779648306e-03
8.006688963210703491e+01 0.000000000000000000e+00 2.778328256361138671e+00 6.459224107951259120e-01 5.859876900570594183e-01 8.251966343122443120e-03
8.036789297658863518e+01 0.000000000000000000e+00 2.788731426353296516e+00 6.255612371365845137e-01 5.881903091295158648e-01 7.566674554603021290e-03
8.066889632107023544e+01 0.000000000000000000e+00 2.799134596345454362e+00 6.045908074539064758e-01 5.903929282019723113e-01 6.906727288420420018e-03
8.096989966555184992e+01 0.000000000000000000e+00 2.809537766337612208e+00 5.833373784292832376e-01 5.925955472744286467e-01 6.284394679564888307e-03
8.127090301003345019e+01 0.000000000000000000e+00 2.819940936329770054e+00 5.621908777490124409e-01 5.947981663468850932e-01 5.712669748336791052e-03
8.157190635451505045e+01 0.000000000000000000e+00 2.830344106321927899e+00 5.414664614580863011e-01 5.970007854193414287e-01 5.200768185335584264e-03
8.187290969899666493e+01 0.000000000000000000e+00 2.840747276314085301e+00 5.213166817349060844e-01 5.992034044917978752e-01 4.751573584698522493e-03
8.217391304347826519e+01 0.000000000000000000e+00 2.851150446306243147e+00 5.017333835690119814e-01 6.014060235642542107e-01 4.361296814589500637e-03
8.247491638795986546e+01 0.000000000000000000e+00 2.861553616298400993e+00 4.826309498257297381e-01 6.036086426367106572e-01 4.020984772816580712e-03
8.277591973244147994e+01 0.000000000000000000e+00 2.871956786290558838e+00 4.639589578892919230e-01 6.058112617091669927e-01 3.719094034381157255e-03
8.307692307692308020e+01 0.000000000000000000e+00 2.882359956282716684e+00 4.457746900266528756e-01 6.080138807816234392e-01 3.444203232593754001e-03
8.337792642140469468e+01 0.000000000000000000e+00 2.892763126274874530e+00 4.282227576140943404e-01 6.102164998540797747e-01 3.187067897689810532e-03
8.367892976588629494e+01 0.000000000000000000e+00 2.903166296267031932e+00 4.114126466653637570e-01 6.124191189265362212e-01 2.941557569506725225e-03
8.397993311036789521e+01 0.000000000000000000e+00 2.913569466259189777e+00 3.952363151179553724e-01 6.146217379989925567e-01 2.704444925581908285e-03
8.428093645484950969e+01 0.000000000000000000e+00 2.923972636251347623e+00 3.792054941242583022e-01 6.168243570714490032e-01 2.474402704968462190e-03
8.458193979933110995e+01 0.000000000000000000e+00 2.934375806243505469e+00 3.623958645828680436e-01 6.190269761439054497e-01 2.250781646513700957e-03
8.488294314381271022e+01 0.000000000000000000e+00 2.944778976235663315e+00 3.435570961475510332e-01 6.212295952163617851e-01 2.032725527404007602e-03
8.518394648829432469e+01 0.000000000000000000e+00 2.955182146227821161e+00 3.213906375360232603e-01 6.234322142888182317e-01 1.818950811086514525e-03
8.548494983277592496e+01 0.000000000000000000e+00 2.965585316219978562e+00 2.949294967834321102e-01 6.256348333612745671e-01 1.608184715407288880e-03
8.578595317725752523e+01 0.000000000000000000e+00 2.975988486212136408e+00 2.639016865076445062e-01 6.278374524337310136e-01 1.399961283118205009e-03
8.608695652173913970e+01 0.000000000000000000e+00 2.986391656204294254e+00 2.289460413908567249e-01 6.300400715061873491e-01 1.195339065077517067e-03
8.638795986622073997e+01 0.000000000000000000e+00 2.996794826196452100e+00 1.915878344248311826e-01 6.322426905786437956e-01 9.971680218015263955e-04
8.668896321070235444e+01 0.000000000000000000e+00 3.007197996188609945e+00 1.539624792905622264e-01 6.344453096511001311e-01 8.097489023369830192e-04
8.698996655518395471e+01 0.000000000000000000e+00 3.017601166180767791e+00 1.183673457717941829e-01 6.366479287235565776e-01 6.379873924181425930e-04
8.729096989966555498e+01 0.000000000000000000e+00 3.028004336172925193e+00 8.678410781123520323e-02 6.388505477960129131e-01 4.863345678567681683e-04
8.759197324414716945e+01 0.000000000000000000e+00 3.038407506165083038e+00 6.051861149226907266e-02 6.410531668684693596e-01 3.578573402688678775e-04
8.789297658862876972e+01 0.000000000000000000e+00 3.048810676157240884e+00 4.005153319544271784e-02 6.432557859409258061e-01 2.536986330969913991e-04
8.819397993311036998e+01 0.000000000000000000e+00 3.059213846149398730e+00 2.510907718056537216e-02 6.454584050133821416e-01 1.730238282915901960e-04
8.849498327759198446e+01 0.000000000000000000e+00 3.069617016141556576e+00 1.488862731759588338e-02 6.476610240858385881e-01 1.133849236270497178e-04
8.879598662207358473e+01 0.000000000000000000e+00 3.080020186133714422e+00 8.339294864538899371e-03 6.498636431582949236e-01 7.132757033992261845e-05
8.909698996655518499e+01 0.000000000000000000e+00 3.090423356125871823e+00 4.407392235023905279e-03 6.520662622307513701e-01 4.304170699274322893e-05
8.939799331103679947e+01 0.000000000000000000e+00 3.100826526118029669e+00 2.195895393007805778e-03 6.542688813032077055e-01 2.489980225417043737e-05
8.969899665551839973e+01 0.000000000000000000e+00 3.111229696110187515e+00 1.030574383445581957e-03 6.564715003756641520e-01 1.380299228927063645e-05
9.000000000000000000e+01 0.000000000000000000e+00 3.121632866102345361e+00 4.552972139889079344e-04 6.586741194481204875e-01 7.329232892514844784e-06
