0.000000000000000000e+00 3.195622165377056147e-70 2.096408508751055055e-01 5.152037858264495224e-06 1.770992044598849180e-01 1.538432235564360964e-05
3.010033444816053727e-01 3.123050080804817750e-67 2.137165526473430166e-01 1.658108104727383804e-05 1.779169990695059766e-01 4.492590189893816302e-05
6.020066889632107454e-01 5.002779577029839851e-64 2.177922544195804999e-01 4.648394307794980775e-05 1.787347936791270353e-01 1.148517596993679774e-04
9.030100334448161181e-01 6.567846099939217017e-61 2.218679561918179832e-01 1.148899220647373113e-04 1.795525882887480940e-01 2.571132541123712849e-04
1.204013377926421491e+00 7.066651168491262789e-58 2.259436579640554943e-01 2.543411330765353020e-04 1.803703828983691526e-01 5.042499701017352873e-04
1.505016722408026864e+00 6.231368382592765719e-55 2.300193597362930054e-01 5.134891505213308623e-04 1.811881775079902113e-01 8.670270408628044916e-04
1.806020066889632236e+00 4.503314578946669161e-52 2.340950615085304887e-01 9.611758160214162227e-04 1.820059721176112699e-01 1.308936010872171563e-03
2.107023411371237387e+00 2.667228551995519906e-49 2.381707632807679720e-01 1.686176431225836674e-03 1.828237667272323563e-01 1.740068087881024286e-03
2.408026755852842982e+00 1.294694383476382838e-46 2.422464650530054830e-01 2.781837811897121693e-03 1.836415613368534150e-01 2.048798637955468079e-03
2.709030100334448576e+00 5.150547337950560542e-44 2.463221668252429941e-01 4.311756840005573702e-03 1.844593559464744736e-01 2.160737467944537967e-03
3.010033444816053727e+00 1.679262496076496281e-41 2.503978685974804774e-01 6.276057203348553958e-03 1.852771505560955323e-01 2.082722358095995523e-03
3.311036789297658878e+00 4.487070374893828243e-39 2.544735703697179607e-01 8.613726726485200491e-03 1.860949451657165910e-01 1.892570736948339478e-03
3.612040133779264472e+00 9.826214944524135972e-37 2.585492721419554440e-01 1.125768335966587097e-02 1.869127397753376496e-01 1.679957623200842428e-03
3.913043478260870067e+00 1.763553850233001319e-34 2.626249739141929829e-01 1.421517006394108600e-02 1.877305343849587083e-01 1.488521357468064075e-03
4.214046822742474774e+00 2.594001826332059610e-32 2.667006756864304662e-01 1.761608446554967233e-02 1.885483289945797669e-01 1.306714755507984568e-03
4.515050167224080369e+00 3.127021852492498215e-30 2.707763774586679495e-01 2.168492507656528609e-02 1.893661236042008256e-01 1.108094902939429612e-03
4.816053511705685963e+00 3.089375097665937023e-28 2.748520792309054883e-01 2.664738651766323033e-02 1.901839182138218842e-01 9.009069595652678848e-04
5.117056856187291558e+00 2.501436332023750339e-26 2.789277810031429716e-01 3.264754842770877657e-02 1.910017128234429429e-01 7.497100271858620716e-04
5.418060200668897153e+00 1.659920742600499659e-24 2.830034827753804549e-01 3.976887957078231034e-02 1.918195074330640293e-01 7.632881904032156424e-04
5.719063545150501859e+00 9.027434314615729789e-23 2.870791845476179383e-01 4.818718905855159940e-02 1.926373020426850879e-01 1.061721751177173694e-03
6.020066889632107454e+00 4.023651969209684530e-21 2.911548863198554216e-01 5.837222318148369699e-02 1.934550966523061466e-01 1.728750642341375437e-03
6.321070234113713049e+00 1.469790943952103084e-19 2.952305880920929604e-01 7.117893164367491976e-02 1.942728912619272053e-01 2.752436688954421323e-03
6.622073578595317755e+00 4.400173610832252146e-18 2.993062898643304437e-01 8.769801636400033351e-02 1.950906858715482639e-01 3.981415209670808794e-03
6.923076923076923350e+00 1.079600665644880980e-16 3.033819916365679270e-01 1.088809768899572372e-01 1.959084804811693226e-01 5.148269761126422761e-03
7.224080267558528945e+00 2.170878721545651577e-15 3.074576934088054658e-01 1.351324807492901292e-01 1.967262750907903812e-01 5.981855061786808640e-03
7.525083612040134540e+00 3.577561156807283141e-14 3.115333951810429491e-01 1.661271343551075641e-01 1.975440697004114399e-01 6.348269164168861799e-03
7.826086956521740134e+00 4.831896887985956150e-13 3.156090969532804325e-01 2.010050168164595474e-01 1.983618643100324985e-01 6.311464853189801931e-03
8.127090301003345729e+00 5.348442558374405234e-12 3.196847987255179158e-01 2.389042851207933416e-01 1.991796589196535572e-01 6.064743611116743191e-03
8.428093645484949548e+00 4.851947583641228899e-11 3.237605004977553991e-01 2.795712331708505305e-01 1.999974535292746158e-01 5.806442986233683462e-03
8.729096989966555142e+00 3.607314036179524822e-10 3.278362022699929379e-01 3.236294591522562158e-01 2.008152481388956745e-01 5.684025068238482241e-03
9.030100334448160737e+00 2.198016202309346257e-09 3.319119040422304212e-01 3.721799209191797297e-01 2.016330427485167609e-01 5.850087841929108370e-03
9.331103678929766332e+00 1.097632389197523385e-08 3.359876058144679600e-01 4.258546071375532982e-01 2.024508373581378196e-01 6.546530595633365604e-03
9.632107023411371927e+00 4.492230423928266621e-08 3.400633075867054433e-01 4.839987473256596728e-01 2.032686319677588782e-01 8.089275276530855444e-03
9.933110367892977521e+00 1.506767424458938238e-07 3.441390093589429267e-01 5.447834276498757511e-01 2.040864265773799369e-01 1.070817180098753395e-02
1.023411371237458312e+01 4.141994392583892730e-07 3.482147111311804100e-01 6.064418832106703849e-01 2.049042211870009955e-01 1.433598874271009398e-02
1.053511705685618871e+01 9.331508960375751053e-07 3.522904129034178933e-01 6.688021792109131169e-01 2.057220157966220542e-01 1.851922352747672681e-02
1.083612040133779431e+01 1.722952620073329053e-06 3.563661146756553766e-01 7.337534011418618274e-01 2.065398104062431128e-01 2.255806815687506559e-02
1.113712374581939812e+01 2.607197186853107400e-06 3.604418164478928599e-01 8.039688998951900478e-01 2.073576050158641715e-01 2.580358016926981302e-02
1.143812709030100372e+01 3.233355891844399535e-06 3.645175182201303987e-01 8.807690831349113125e-01 2.081753996254852301e-01 2.790485325944789055e-02
1.173913043478260931e+01 3.286337995401137504e-06 3.685932199923679375e-01 9.630025513475907184e-01 2.089931942351062888e-01 2.885180716651941646e-02
1.204013377926421491e+01 2.737474322188939456e-06 3.726689217646054209e-01 1.048075546490955023e+00 2.098109888447273752e-01 2.884831341154465642e-02
1.234113712374582050e+01 1.868819491688059562e-06 3.767446235368429042e-01 1.134277411812009806e+00 2.106287834543484339e-01 2.817030731889044737e-02
1.264214046822742610e+01 1.045612888076057151e-06 3.808203253090803875e-01 1.222311796791565319e+00 2.114465780639694925e-01 2.710877624903169913e-02
1.294314381270903169e+01 4.796091193968050498e-07 3.848960270813178708e-01 1.314781952726733705e+00 2.122643726735905512e-01 2.597579101213412511e-02
1.324414715719063551e+01 1.813383575202495456e-07 3.889717288535553541e-01 1.414284665764869553e+00 2.130821672832116098e-01 2.510881330989766028e-02
1.354515050167224111e+01 6.229540238298313343e-08 3.930474306257928374e-01 1.521625455445701824e+00 2.138999618928326685e-01 2.484953963935801133e-02
1.384615384615384670e+01 4.703598579986680793e-08 3.971231323980303762e-01 1.635039666062549690e+00 2.147177565024537271e-01 2.551329730474649962e-02
1.414715719063545230e+01 1.366032275509527380e-07 4.011988341702679151e-01 1.750581819309602327e+00 2.155355511120747858e-01 2.736263262595390461e-02
1.444816053511705789e+01 4.541332534506292559e-07 4.052745359425053984e-01 1.863643688495494333e+00 2.163533457216958444e-01 3.057871431958015737e-02
1.474916387959866348e+01 1.298694138458992827e-06 4.093502377147428817e-01 1.971018998032366243e+00 2.171711403313169031e-01 3.521729669399576573e-02
1.505016722408026908e+01 3.164591894815421444e-06 4.134259394869803650e-01 2.072037127092259734e+00 2.179889349409379617e-01 4.114884918778231176e-02
1.535117056856187467e+01 6.643216900461926965e-06 4.175016412592178483e-01 2.167567080433947968e+00 2.188067295505590204e-01 4.800574331735833061e-02
1.565217391304348027e+01 1.220667946912923384e-05 4.215773430314553316e-01 2.257604116082298162e+00 2.196245241601800791e-01 5.517972793234235396e-02
1.595317725752508409e+01 2.004778641063342413e-05 4.256530448036928149e-01 2.339737918220052393e+00 2.204423187698011377e-01 6.191403705655887379e-02
1.625418060200669146e+01 3.019446746890161031e-05 4.297287465759303537e-01 2.410148564228576262e+00 2.212601133794222241e-01 6.749679564503774376e-02
1.655518394648829528e+01 4.284355854558728006e-05 4.338044483481678926e-01 2.466519437638289070e+00 2.220779079890432828e-01 7.148757278261765047e-02
1.685618729096989910e+01 5.848193648446250510e-05 4.378801501204053759e-01 2.510617040950325229e+00 2.228957025986643414e-01 7.385457525593520922e-02
1.715719063545150647e+01 7.743447736181512000e-05 4.419558518926428592e-01 2.548519829720775842e+00 2.237134972082854001e-01 7.494368027631900797e-02
1.745819397993311028e+01 9.926951578700940406e-05 4.460315536648803425e-01 2.588138200974104741e+00 2.245312918179064587e-01 7.532951952041622157e-02
1.775919732441471766e+01 1.232659585589682908e-04 4.501072554371178258e-01 2.635566538612491350e+00 2.253490864275275174e-01 7.568425092238519059e-02
1.806020066889632147e+01 1.504255072770441931e-04 4.541829572093553091e-01 2.692683659287480324e+00 2.261668810371485761e-01 7.674461071150923130e-02
1.836120401337792885e+01 1.852196620103774554e-04 4.582586589815927924e-01 2.757469966363828906e+00 2.269846756467696347e-01 7.933034523037678365e-02
1.866220735785953266e+01 2.342182965628206192e-04 4.623343607538303868e-01 2.826366666286427520e+00 2.278024702563906934e-01 8.430883557449077303e-02
1.896321070234114003e+01 3.015090364168080349e-04 4.664100625260678701e-01 2.896577098092445901e+00 2.286202648660117798e-01 9.244111199315338534e-02
1.926421404682274385e+01 3.849854143179706799e-04 4.704857642983053534e-01 2.966737563733068850e+00 2.294380594756328384e-01 1.041041972985266434e-01
1.956521739130434767e+01 4.777726089948945579e-04 4.745614660705428367e-01 3.036040827938470965e+00 2.302558540852538971e-01 1.189417886122106083e-01
1.986622073578595504e+01 5.741459751741189452e-04 4.786371678427803200e-01 3.102942118305941133e+00 2.310736486948749557e-01 1.356073456506184660e-01
2.016722408026755886e+01 6.745556673507165394e-04 4.827128696150178033e-01 3.164440939233366112e+00 2.318914433044960144e-01 1.518771455284417260e-01
2.046822742474916623e+01 7.852471445976068765e-04 4.867885713872552866e-01 3.216409566228291439e+00 2.327092379141170730e-01 1.653087957072540415e-01
2.076923076923077005e+01 9.134873578988211926e-04 4.908642731594927699e-01 3.255078218846183535e+00 2.335270325237381317e-01 1.742315047444979448e-01
2.107023411371237742e+01 1.063516627197720436e-03 4.949399749317303643e-01 3.279197130964558227e+00 2.343448271333591904e-01 1.785040692420970798e-01
2.137123745819398124e+01 1.237225924034066277e-03 4.990156767039678476e-01 3.291519482320327761e+00 2.351626217429802490e-01 1.795690257165164783e-01
2.167224080267558861e+01 1.439002106937208427e-03 5.030913784762053309e-01 3.298132022408812425e+00 2.359804163526013077e-01 1.798066597453491233e-01
2.197324414715719243e+01 1.680273528302757583e-03 5.071670802484428142e-01 3.305573671937267033e+00 2.367982109622223663e-01 1.815914723698311140e-01
2.227424749163879625e+01 1.979095520613781845e-03 5.112427820206802975e-01 3.317637765658242976e+00 2.376160055718434250e-01 1.865129936602463734e-01
2.257525083612040362e+01 2.353849751957158738e-03 5.153184837929177808e-01 3.334273029711593228e+00 2.384338001814644836e-01 1.950730949555482263e-01
2.287625418060200744e+01 2.814067817971516432e-03 5.193941855651552642e-01 3.353341531213947402e+00 2.392515947910855423e-01 2.069501961892741271e-01
2.317725752508361481e+01 3.352472549924099317e-03 5.234698873373927475e-01 3.373617377512202253e+00 2.400693894007066009e-01 2.216078833902567213e-01
2.347826086956521863e+01 3.942379553735356375e-03 5.275455891096303418e-01 3.396473955937125311e+00 2.408871840103276596e-01 2.387563021304326683e-01
2.377926421404682600e+01 4.544481061807949772e-03 5.316212908818678251e-01 3.424908667146988606e+00 2.417049786199487460e-01 2.582732102253295636e-01
2.408026755852842982e+01 5.123318939862615655e-03 5.356969926541053084e-01 3.460747975201363680e+00 2.425227732295698047e-01 2.796866165592213904e-01
2.438127090301003363e+01 5.666296880293742767e-03 5.397726944263427917e-01 3.502319771340069998e+00 2.433405678391908633e-01 3.017536502273389099e-01
2.468227424749164101e+01 6.193432609354226383e-03 5.438483961985802750e-01 3.544462287579270399e+00 2.441583624488119220e-01 3.226134858958421558e-01
2.498327759197324482e+01 6.751025312168360513e-03 5.479240979708177584e-01 3.580761729996398302e+00 2.449761570584329806e-01 3.405446101778933365e-01
2.528428093645485220e+01 7.394662248914363710e-03 5.519997997430552417e-01 3.606195793736288735e+00 2.457939516680540393e-01 3.549457167654476719e-01
2.558528428093645601e+01 8.172745074094506929e-03 5.560755015152927250e-01 3.618586724822014933e+00 2.466117462776751257e-01 3.670412904122724584e-01
2.588628762541806339e+01 9.114412668180192287e-03 5.601512032875303193e-01 3.618783468299740402e+00 2.474295408872961843e-01 3.799461441653403937e-01
2.618729096989966720e+01 1.022086761180445065e-02 5.642269050597678026e-01 3.610152469369729111e+00 2.482473354969172430e-01 3.979863638873108456e-01
2.648829431438127102e+01 1.146772121445738431e-02 5.683026068320052859e-01 3.597379673276987599e+00 2.490651301065383016e-01 4.254844669803700130e-01
2.678929765886287839e+01 1.282884703817793043e-02 5.723783086042427692e-01 3.584504981673074742e+00 2.498829247161593603e-01 4.654583595641031413e-01
2.709030100334448221e+01 1.431110195185592709e-02 5.764540103764802526e-01 3.573081763482667483e+00 2.507007193257804190e-01 5.187115888256571550e-01
2.739130434782608958e+01 1.596614366828514459e-02 5.805297121487177359e-01 3.561698493558860701e+00 2.515185139354014776e-01 5.835963475408315615e-01
2.769230769230769340e+01 1.785877716913763721e-02 5.846054139209552192e-01 3.546934819117708138e+00 2.523363085450225363e-01 6.564928990219671689e-01
2.799331103678930077e+01 2.001658295370769419e-02 5.886811156931927025e-01 3.524697012346130531e+00 2.531541031546435949e-01 7.329095409942496531e-01
2.829431438127090459e+01 2.240812126133471735e-02 5.927568174654302968e-01 3.491261530868509322e+00 2.539718977642646536e-01 8.089598623295163327e-01
2.859531772575251196e+01 2.496230672765562680e-02 5.968325192376677801e-01 3.444354788085828289e+00 2.547896923738857122e-01 8.827096733295172193e-01
2.889632107023411578e+01 2.759649520790032062e-02 6.009082210099052634e-01 3.384415643385008110e+00 2.556074869835067709e-01 9.547585817699403288e-01
2.919732441471571960e+01 3.023206804031599096e-02 6.049839227821427468e-01 3.314986103401127870e+00 2.564252815931278295e-01 1.027783304492351224e+00
2.949832775919732697e+01 3.281702284048038792e-02 6.090596245543802301e-01 3.241054983633643971e+00 2.572430762027488882e-01 1.105397235268096079e+00
2.979933110367893079e+01 3.536199431453600217e-02 6.131353263266177134e-01 3.166050750242631828e+00 2.580608708123699468e-01 1.190892438565420708e+00
3.010033444816053816e+01 3.794367877212127815e-02 6.172110280988551967e-01 3.089981924277499292e+00 2.588786654219910055e-01 1.286116623368711132e+00
3.040133779264214198e+01 4.064088889160779455e-02 6.212867298710926800e-01 3.010473603802314102e+00 2.596964600316120642e-01 1.390631157396874151e+00
3.070234113712374935e+01 4.345094275017535174e-02 6.253624316433302743e-01 2.925722991879567747e+00 2.605142546412331228e-01 1.501724090991370053e+00
3.100334448160535317e+01 4.627108258077245601e-02 6.294381334155677576e-01 2.836706972376924263e+00 2.613320492508541815e-01 1.615911945212146650e+00
3.130434782608696054e+01 4.896411440566519196e-02 6.335138351878052410e-01 2.746969809387561856e+00 2.621498438604752401e-01 1.731426269943197482e+00
3.160535117056856436e+01 5.144120666999633940e-02 6.375895369600427243e-01 2.660547484425092701e+00 2.629676384700962988e-01 1.849764456144122438e+00
3.190635451505016817e+01 5.368483151066674730e-02 6.416652387322802076e-01 2.579732908162903016e+00 2.637854330797173574e-01 1.974590076730196486e+00
3.220735785953177555e+01 5.570275233344749305e-02 6.457409405045176909e-01 2.503949900258913619e+00 2.646032276893384161e-01 2.108471974615955258e+00
3.250836120401338292e+01 5.747292755670685427e-02 6.498166422767551742e-01 2.430031874356541000e+00 2.654210222989595303e-01 2.250161131409488480e+00
3.280936454849498318e+01 5.894010869566101984e-02 6.538923440489926575e-01 2.353516000108392792e+00 2.662388169085805889e-01 2.394992950672093279e+00
3.311036789297659055e+01 6.006437713303530712e-02 6.579680458212302518e-01 2.270295377086585464e+00 2.670566115182016476e-01 2.538414083288051515e+00
3.341137123745819792e+01 6.086845057502831419e-02 6.620437475934677352e-01 2.178016169747966302e+00 2.678744061278227062e-01 2.679863844507473392e+00
3.371237458193979819e+01 6.143527057060445273e-02 6.661194493657052185e-01 2.076744747970244553e+00 2.686922007374437649e-01 2.823872743358913695e+00
3.401337792642140556e+01 6.185574593104029018e-02 6.701951511379427018e-01 1.968622427832315669e+00 2.695099953470648235e-01 2.977597064127354809e+00
3.431438127090301293e+01 6.217037683040625706e-02 6.742708529101801851e-01 1.856760763921760704e+00 2.703277899566858822e-01 3.146812592925625207e+00
3.461538461538462030e+01 6.235084157369288199e-02 6.783465546824176684e-01 1.744232266362685690e+00 2.711455845663069408e-01 3.333177506376737487e+00
3.491638795986622057e+01 6.232464241724035292e-02 6.824222564546551517e-01 1.633712790995012432e+00 2.719633791759279995e-01 3.534151807472898366e+00
3.521739130434782794e+01 6.200654550426377282e-02 6.864979582268926350e-01 1.527277840705510314e+00 2.727811737855490581e-01 3.745036774941011171e+00
3.551839464882943531e+01 6.132147493134128269e-02 6.905736599991302294e-01 1.425715647600713787e+00 2.735989683951701168e-01 3.961528881476851893e+00
3.581939799331104268e+01 6.024610528797762904e-02 6.946493617713677127e-01 1.327989806299812781e+00 2.744167630047911755e-01 4.181106177250603295e+00
3.612040133779264295e+01 5.886814285080495257e-02 6.987250635436051960e-01 1.232165513341022534e+00 2.752345576144122341e-01 4.402397487509862373e+00
3.642140468227425032e+01 5.739282316212062501e-02 7.028007653158426793e-01 1.137693061555623553e+00 2.760523522240332928e-01 4.623394466482120713e+00
3.672240802675585769e+01 5.604585841415374997e-02 7.068764670880801626e-01 1.047032645888778646e+00 2.768701468336543514e-01 4.840860420150079335e+00
3.702341137123745796e+01 5.493402889465460320e-02 7.109521688603176459e-01 9.648246435656642195e-01 2.776879414432754101e-01 5.052630068255094642e+00
3.732441471571906533e+01 5.398276663351379845e-02 7.150278706325552402e-01 8.951225952690052834e-01 2.785057360528964687e-01 5.261469783448324833e+00
3.762541806020067270e+01 5.300356240618730314e-02 7.191035724047927236e-01 8.389933784336384148e-01 2.793235306625175274e-01 5.476653353332595842e+00
3.792642140468228007e+01 5.183404134021191156e-02 7.231792741770302069e-01 7.941705945907258091e-01 2.801413252721386415e-01 5.710568157148115276e+00
3.822742474916388034e+01 5.044347382610230718e-02 7.272549759492676902e-01 7.564044992139113965e-01 2.809591198817597002e-01 5.971976260738378173e+00
3.852842809364548771e+01 4.894006525740855762e-02 7.313306777215051735e-01 7.210935798150421849e-01 2.817769144913807589e-01 6.260892162989233789e+00
3.882943143812709508e+01 4.750292496796896385e-02 7.354063794937426568e-01 6.844839465025535086e-01 2.825947091010018175e-01 6.569035790329973423e+00
3.913043478260869534e+01 4.629809371198194412e-02 7.394820812659801401e-01 6.446003561791222580e-01 2.834125037106228762e-01 6.885384639983587185e+00
3.943143812709030271e+01 4.540837113491007909e-02 7.435577830382176234e-01 6.018033356336266460e-01 2.842302983202439348e-01 7.202556054115752282e+00
3.973244147157191009e+01 4.479011547931555787e-02 7.476334848104551067e-01 5.583458687351723349e-01 2.850480929298649935e-01 7.519720818560818643e+00
4.003344481605351746e+01 4.428701270459525774e-02 7.517091865826927011e-01 5.168826513148417900e-01 2.858658875394860521e-01 7.840953720781869585e+00
4.033444816053511772e+01 4.371127721927887955e-02 7.557848883549301844e-01 4.789886164184348205e-01 2.866836821491071108e-01 8.171173648333352801e+00
4.063545150501672509e+01 4.294285866458860679e-02 7.598605901271676677e-01 4.448010664715101314e-01 2.875014767587281694e-01 8.512508364855106535e+00
4.093645484949833246e+01 4.197667293502284347e-02 7.639362918994051510e-01 4.137638895963270946e-01 2.883192713683492281e-01 8.862401754158389267e+00
4.123745819397993273e+01 4.089329435735987450e-02 7.680119936716426343e-01 3.854755471948331791e-01 2.891370659779702867e-01 9.213601840151424582e+00
4.153846153846154010e+01 3.978801164725295769e-02 7.720876954438801176e-01 3.598286979011183773e-01 2.899548605875913454e-01 9.556592158584196639e+00
4.183946488294314747e+01 3.871403930420391770e-02 7.761633972161176009e-01 3.366025991367290193e-01 2.907726551972124041e-01 9.885037682604085774e+00
4.214046822742475484e+01 3.767114114577357897e-02 7.802390989883551953e-01 3.152725117139212330e-01 2.915904498068334627e-01 1.020209330301449135e+01
4.244147157190635511e+01 3.663424491012328560e-02 7.843148007605926786e-01 2.953909683480680504e-01 2.924082444164545214e-01 1.052210929732936329e+01
4.274247491638796248e+01 3.559304544256399611e-02 7.883905025328301619e-01 2.770604447249717106e-01 2.932260390260755800e-01 1.086375012198034007e+01
4.304347826086956985e+01 3.456528381086780566e-02 7.924662043050676452e-01 2.608354857328475385e-01 2.940438336356966387e-01 1.123786446161296126e+01
4.334448160535117722e+01 3.356914696675070836e-02 7.965419060773051285e-01 2.470631497087680817e-01 2.948616282453176973e-01 1.163968797289556534e+01
4.364548494983277749e+01 3.258996677500834022e-02 8.006176078495426118e-01 2.353300554851033011e-01 2.956794228549387560e-01 1.205243908625118010e+01
4.394648829431438486e+01 3.158779689645318384e-02 8.046933096217800951e-01 2.245851774308369464e-01 2.964972174645598146e-01 1.245940541091994369e+01
4.424749163879599223e+01 3.053857966934445112e-02 8.087690113940175785e-01 2.138432527340971279e-01 2.973150120741808733e-01 1.285403542410053390e+01
4.454849498327759250e+01 2.945926487665259663e-02 8.128447131662550618e-01 2.028405251106423224e-01 2.981328066838019319e-01 1.323999511199695789e+01
4.484949832775919987e+01 2.839264668328161240e-02 8.169204149384926561e-01 1.920478743903539509e-01 2.989506012934229906e-01 1.362286510453408361e+01
4.515050167224080724e+01 2.737367593899845200e-02 8.209961167107301394e-01 1.820093921738606679e-01 2.997683959030440493e-01 1.400224683487659405e+01
4.545150501672241461e+01 2.640841336680877643e-02 8.250718184829676227e-01 1.726272069582526214e-01 3.005861905126651079e-01 1.437102713687696465e+01
4.575250836120401488e+01 2.547499743508595260e-02 8.291475202552051060e-01 1.631116260023723896e-01 3.014039851222861666e-01 1.472057361065111358e+01
4.605351170568562225e+01 2.453581652138749764e-02 8.332232220274425893e-01 1.526502934566085212e-01 3.022217797319072252e-01 1.504526849590917159e+01
4.635451505016722962e+01 2.355149617131545650e-02 8.372989237996800727e-01 1.411068785917040103e-01 3.030395743415282839e-01 1.534175312900460675e+01
4.665551839464882988e+01 2.249995772609466108e-02 8.413746255719175560e-01 1.291015425850375042e-01 3.038573689511493425e-01 1.560443289607068706e+01
4.695652173913043725e+01 2.139697029975970097e-02 8.454503273441551503e-01 1.175510137703333485e-01 3.046751635607704012e-01 1.582275480543846236e+01
4.725752508361204463e+01 2.029433140033536781e-02 8.495260291163926336e-01 1.072355146298020340e-01 3.054929581703914598e-01 1.598429974959173094e+01
4.755852842809365200e+01 1.924598475163577169e-02 8.536017308886301169e-01 9.871944837350539459e-02 3.063107527800125740e-01 1.608266291049866936e+01
4.785953177257525226e+01 1.827697314894282526e-02 8.576774326608676002e-01 9.243910982958092326e-02 3.071285473896336327e-01 1.612477333329724161e+01
4.816053511705685963e+01 1.739164984735494524e-02 8.617531344331050835e-01 8.863224960919953432e-02 3.079463419992546913e-01 1.613222965990745550e+01
4.846153846153846700e+01 1.660151720203219272e-02 8.658288362053425669e-01 8.708139359491810783e-02 3.087641366088757500e-01 1.613550850239017365e+01
4.876254180602006727e+01 1.592584531145181323e-02 8.699045379775800502e-01 8.695343384967441080e-02 3.095819312184968086e-01 1.616473171683757215e+01
4.906354515050167464e+01 1.536334431677061421e-02 8.739802397498175335e-01 8.699781829641398123e-02 3.103997258281178673e-01 1.624168876682068685e+01
4.936454849498328201e+01 1.487802000907916325e-02 8.780559415220550168e-01 8.605819983922211036e-02 3.112175204377389259e-01 1.637494362881679422e+01
4.966555183946488938e+01 1.442227857844458755e-02 8.821316432942926111e-01 8.357688850622434218e-02 3.120353150473599846e-01 1.655743066358975923e+01
4.996655518394648965e+01 1.397132328067692865e-02 8.862073450665300944e-01 7.977991687978090718e-02 3.128531096569810432e-01 1.676682028583128314e+01
5.026755852842809702e+01 1.353117425109474914e-02 8.902830468387675777e-01 7.547068564224318488e-02 3.136709042666021019e-01 1.697056427876787055e+01
5.056856187290970439e+01 1.311595559752274168e-02 8.943587486110050611e-01 7.159132309414348305e-02 3.144886988762231605e-01 1.713577855441072018e+01
5.086956521739130466e+01 1.272239665170639758e-02 8.984344503832425444e-01 6.879011799101844571e-02 3.153064934858442747e-01 1.723967469958530430e+01
5.117056856187291203e+01 1.232564430940645550e-02 9.025101521554800277e-01 6.718512711126516102e-02 3.161242880954653334e-01 1.727440464740957893e+01
5.147157190635451940e+01 1.189585340521521345e-02 9.065858539277175110e-01 6.639826562038445013e-02 3.169420827050863920e-01 1.724392697266827312e+01
5.177257525083612677e+01 1.142001974606686454e-02 9.106615556999551053e-01 6.580240989301698595e-02 3.177598773147074507e-01 1.715634409523580572e+01
5.207357859531772704e+01 1.091131995335850244e-02 9.147372574721925886e-01 6.484406061198913496e-02 3.185776719243285093e-01 1.701747916923036641e+01
5.237458193979933441e+01 1.039577310067366783e-02 9.188129592444300719e-01 6.329457154492297566e-02 3.193954665339495680e-01 1.682923814574923682e+01
5.267558528428094178e+01 9.886811410006706227e-03 9.228886610166675553e-01 6.130557504459860363e-02 3.202132611435706266e-01 1.659293625732134103e+01
5.297658862876254204e+01 9.373009885332465180e-03 9.269643627889050386e-01 5.922295192914351497e-02 3.210310557531916853e-01 1.631544311060998353e+01
5.327759197324414941e+01 8.829326860517149045e-03 9.310400645611425219e-01 5.728405582555461117e-02 3.218488503628127440e-01 1.601400352029751062e+01
5.357859531772575679e+01 8.237791767233049178e-03 9.351157663333800052e-01 5.544231242015750655e-02 3.226666449724338026e-01 1.571454184884293959e+01
5.387959866220736416e+01 7.602004665200478781e-03 9.391914681056174885e-01 5.344729860959943069e-02 3.234844395820548613e-01 1.544142191441738277e+01
5.418060200668896442e+01 6.951499650691340092e-03 9.432671698778549718e-01 5.106548229488360596e-02 3.243022341916759199e-01 1.520405846313175680e+01
5.448160535117057179e+01 6.334351382417684542e-03 9.473428716500925661e-01 4.824341119116305754e-02 3.251200288012969786e-01 1.499066738103904228e+01
5.478260869565217916e+01 5.797006262342100681e-03 9.514185734223300495e-01 4.513052521815112683e-02 3.259378234109180372e-01 1.477523281717700065e+01
5.508361204013378654e+01 5.360908663601587909e-03 9.554942751945675328e-01 4.199244254557563116e-02 3.267556180205390959e-01 1.453336236252859415e+01
5.538461538461538680e+01 5.012593752402245625e-03 9.595699769668050161e-01 3.907464405909961969e-02 3.275734126301601545e-01 1.425602125411703902e+01
5.568561872909699417e+01 4.714060515957501502e-03 9.636456787390424994e-01 3.648970261769057116e-02 3.283912072397812132e-01 1.395279958921699759e+01
5.598662207357860154e+01 4.424239497161574011e-03 9.677213805112799827e-01 3.419472118065660510e-02 3.292090018494022718e-01 1.364458679571823652e+01
5.628762541806020181e+01 4.117175804151736347e-03 9.717970822835174660e-01 3.205347251611045944e-02 3.300267964590233305e-01 1.335192631927564832e+01
5.658862876254180918e+01 3.788637946271941961e-03 9.758727840557550604e-01 2.991128882687607224e-02 3.308445910686443892e-01 1.308613497516065571e+01
5.688963210702341655e+01 3.450586063530825410e-03 9.799484858279925437e-01 2.763868340048591249e-02 3.316623856782654478e-01 1.284664170375094372e+01
5.719063545150502392e+01 3.118412152607049053e-03 9.840241876002300270e-01 2.516115753717964448e-02 3.324801802878865065e-01 1.262340007830717070e+01
5.749163879598662419e+01 2.800185694646285112e-03 9.880998893724675103e-01 2.248597768632967786e-02 3.332979748975075651e-01 1.240084752083992115e+01
5.779264214046823156e+01 2.496483042751678361e-03 9.921755911447049936e-01 1.969914541476503952e-02 3.341157695071286238e-01 1.216092663989140021e+01
5.809364548494983893e+01 2.209499963471981635e-03 9.962512929169424769e-01 1.692779089540036308e-02 3.349335641167496824e-01 1.188563222302751043e+01
5.839464882943143920e+01 1.949677845800639082e-03 1.000326994689179960e+00 1.430885293154038687e-02 3.357513587263707411e-01 1.156110425202401792e+01
5.869565217391304657e+01 1.731210953364663426e-03 1.004402696461417444e+00 1.198132028786738287e-02 3.365691533359917997e-01 1.118331450258092552e+01
5.899665551839465394e+01 1.561864379386434425e-03 1.008478398233654927e+00 1.006289223532646875e-02 3.373869479456128584e-01 1.076179326480608012e+01
5.929765886287626131e+01 1.439006985639928451e-03 1.012554100005892410e+00 8.592447946130265732e-03 3.382047425552339170e-01 1.031730343612404610e+01
5.959866220735786158e+01 1.354494926177678745e-03 1.016629801778129893e+00 7.495752184015861200e-03 3.390225371648549757e-01 9.873678616915803730e+00
5.989966555183946895e+01 1.299700826157583738e-03 1.020705503550367377e+00 6.633369735356907382e-03 3.398403317744760344e-01 9.448958254725695838e+00
6.020066889632107632e+01 1.264153214337920741e-03 1.024781205322604860e+00 5.895724531157258558e-03 3.406581263840970930e-01 9.051076193520303903e+00
6.050167224080267658e+01 1.232612273482385510e-03 1.028856907094842343e+00 5.250040618467632231e-03 3.414759209937181517e-01 8.678986073319910233e+00
6.080267558528428395e+01 1.189066109199126212e-03 1.032932608867079827e+00 4.701826157400959549e-03 3.422937156033392103e-01 8.326416350593863314e+00
6.110367892976589133e+01 1.127045365101413642e-03 1.037008310639317310e+00 4.230698951728827442e-03 3.431115102129602690e-01 7.985551074226228785e+00
6.140468227424749870e+01 1.056199444505592560e-03 1.041084012411555015e+00 3.776375686707926851e-03 3.439293048225813831e-01 7.649832827938991997e+00
6.170568561872909896e+01 9.967855083852883262e-04 1.045159714183792499e+00 3.282324898839793052e-03 3.447470994322024418e-01 7.315730578209681312e+00
6.200668896321070633e+01 9.644010929577736787e-04 1.049235415956029982e+00 2.744572958504408033e-03 3.455648940418235004e-01 6.982819878811659109e+00
6.230769230769231370e+01 9.568141080518267677e-04 1.053311117728267465e+00 2.219392007513859479e-03 3.463826886514445591e-01 6.651951487255572282e+00
6.260869565217392108e+01 9.544008214964659013e-04 1.057386819500504949e+00 1.789426445736659165e-03 3.472004832610656178e-01 6.322930261264480656e+00
6.290969899665552134e+01 9.340944993585318518e-04 1.061462521272742432e+00 1.519455748500557826e-03 3.480182778706866764e-01 5.993931927563193263e+00
6.321070234113712871e+01 8.842665484349845808e-04 1.065538223044979915e+00 1.429266544579803778e-03 3.488360724803077351e-01 5.663386365625569852e+00
6.351170568561873608e+01 8.086003652083657497e-04 1.069613924817217399e+00 1.489149548629675485e-03 3.496538670899287937e-01 5.332530333679366130e+00
6.381270903010033635e+01 7.194824582454600447e-04 1.073689626589454882e+00 1.629845333722133686e-03 3.504716616995498524e-01 5.006004268186583062e+00
6.411371237458195083e+01 6.297281019335115165e-04 1.077765328361692365e+00 1.761513231305725366e-03 3.512894563091709110e-01 4.689840124491190032e+00
6.441471571906355109e+01 5.481960171299641487e-04 1.081841030133929848e+00 1.803190719584145830e-03 3.521072509187919697e-01 4.388955532743480603e+00
6.471571906354515136e+01 4.789652410587262360e-04 1.085916731906167332e+00 1.720187510750133784e-03 3.529250455284130283e-01 4.106663110194005206e+00
6.501672240802676583e+01 4.225987150179317934e-04 1.089992433678404815e+00 1.550969412574979521e-03 3.537428401380341425e-01 3.846130770537400601e+00
6.531772575250836610e+01 3.782831539908483218e-04 1.094068135450642298e+00 1.396431838697961185e-03 3.545606347476552012e-01 3.611230002546327089e+00
6.561872909698996637e+01 3.447614370330728318e-04 1.098143837222879782e+00 1.365052559876703871e-03 3.553784293572762598e-01 3.404851787104567151e+00
6.591973244147158084e+01 3.194450378542625459e-04 1.102219538995117265e+00 1.507433748686447337e-03 3.561962239668973185e-01 3.225806450417255888e+00
6.622073578595318111e+01 2.983879661993491536e-04 1.106295240767354970e+00 1.789731435116405931e-03 3.570140185765183771e-01 3.067343106765129335e+00
6.652173913043478137e+01 2.786738757069401828e-04 1.110370942539592454e+00 2.122479691065619258e-03 3.578318131861394358e-01 2.919118427922711145e+00
6.682274247491639585e+01 2.600411743927334078e-04 1.114446644311829937e+00 2.412250158710820425e-03 3.586496077957604944e-01 2.771522204790639154e+00
6.712374581939799612e+01 2.428676712768505026e-04 1.118522346084067420e+00 2.593024239007567840e-03 3.594674024053815531e-01 2.619459242310099967e+00
6.742474916387959638e+01 2.253270312056248280e-04 1.122598047856304904e+00 2.628881254861392854e-03 3.602851970150026117e-01 2.463395239957190341e+00
6.772575250836121086e+01 2.040883550782882528e-04 1.126673749628542387e+00 2.511217908945323138e-03 3.611029916246236704e-01 2.307714364501086468e+00
6.802675585284281112e+01 1.778791735641867679e-04 1.130749451400779870e+00 2.265363981477042273e-03 3.619207862342447291e-01 2.158057107014031306e+00
6.832775919732442560e+01 1.495628296119328642e-04 1.134825153173017354e+00 1.953582506199532092e-03 3.627385808438657877e-01 2.019102725045448743e+00
6.862876254180602587e+01 1.244979440093291461e-04 1.138900854945254837e+00 1.655991547419099954e-03 3.635563754534868464e-01 1.893068300755081035e+00
6.892976588628762613e+01 1.068287468112017884e-04 1.142976556717492320e+00 1.434646445906195139e-03 3.643741700631079050e-01 1.778740008133399941e+00
6.923076923076924061e+01 9.676069448505937392e-05 1.147052258489729804e+00 1.307908736452165080e-03 3.651919646727289637e-01 1.671480230413695311e+00
6.953177257525084087e+01 9.077007729397054041e-05 1.151127960261967287e+00 1.254900457940541373e-03 3.660097592823500223e-01 1.564908254031067703e+00
6.983277591973244114e+01 8.446504471077896875e-05 1.155203662034204770e+00 1.240948705314223006e-03 3.668275538919710810e-01 1.453824924949348674e+00
7.013377926421405562e+01 7.563218325771156061e-05 1.159279363806442253e+00 1.237767753055775584e-03 3.676453485015921396e-01 1.336627301300459258e+00
7.043478260869565588e+01 6.485104422128782503e-05 1.163355065578679737e+00 1.225430038499312688e-03 3.684631431112131983e-01 1.215714200475589646e+00
7.073578595317725615e+01 5.373977581671529515e-05 1.167430767350917220e+00 1.187409190106670587e-03 3.692809377208342569e-01 1.096000049494528783e+00
7.103678929765887062e+01 4.327436886627821958e-05 1.171506469123154925e+00 1.113863365439925592e-03 3.700987323304553156e-01 9.828256970282724936e-01
7.133779264214047089e+01 3.367470677244873610e-05 1.175582170895392409e+00 1.010393079422001799e-03 3.709165269400763743e-01 8.803936034329415961e-01
7.163879598662208537e+01 2.505016767251384569e-05 1.179657872667629892e+00 8.969651970732157127e-04 3.717343215496974329e-01 7.911029372324072106e-01
7.193979933110368563e+01 1.764531671779970311e-05 1.183733574439867375e+00 7.923281130803863301e-04 3.725521161593184916e-01 7.156618206894761469e-01
7.224080267558528590e+01 1.166229271362854107e-05 1.187809276212104859e+00 6.992904020451239534e-04 3.733699107689395502e-01 6.536249721458783357e-01
7.254180602006690037e+01 7.134307636353494581e-06 1.191884977984342342e+00 6.086411966758076275e-04 3.741877053785606089e-01 6.038579063616974496e-01
7.284280936454850064e+01 3.960521473373251733e-06 1.195960679756579825e+00 5.184036147691515641e-04 3.750054999881816675e-01 5.645291084641839152e-01
7.314381270903010090e+01 1.950273485161414035e-06 1.200036381528817309e+00 4.453863373395494500e-04 3.758232945978027262e-01 5.327251370574795919e-01
7.344481605351171538e+01 8.338819827564347694e-07 1.204112083301054792e+00 4.129806151694744086e-04 3.766410892074237848e-01 5.043357601007703028e-01
7.374581939799331565e+01 3.042770390492296886e-07 1.208187785073292275e+00 4.258174826025981218e-04 3.774588838170448435e-01 4.748530642555910952e-01
7.404682274247491591e+01 9.355280905288941155e-08 1.212263486845529759e+00 4.577310899284217638e-04 3.782766784266659021e-01 4.409581289477935151e-01
7.434782608695653039e+01 2.402204642987172518e-08 1.216339188617767242e+00 4.673006644294523497e-04 3.790944730362869608e-01 4.018698291767094366e-01
7.464882943143813065e+01 5.120507556173685845e-09 1.220414890390004947e+00 4.283967466150194253e-04 3.799122676459080195e-01 3.594013279877985578e-01
7.494983277591973092e+01 9.024240585541843082e-10 1.224490592162242431e+00 3.489877492138293612e-04 3.807300622555290781e-01 3.166925188777580114e-01
7.525083612040134540e+01 1.311368588656816642e-10 1.228566293934479914e+00 2.632719896988302481e-04 3.815478568651501368e-01 2.766372314062580662e-01
7.555183946488294566e+01 1.568408657984811739e-11 1.232641995706717397e+00 2.062444702654333780e-04 3.823656514747712509e-01 2.410401047947235420e-01
7.585284280936456014e+01 1.541951590217314985e-12 1.236717697478954880e+00 1.917033982057296927e-04 3.831834460843923096e-01 2.106782728258644877e-01
7.615384615384616041e+01 1.245043115179239512e-13 1.240793399251192364e+00 2.072145396588611624e-04 3.840012406940133682e-01 1.857365288997113728e-01
7.645484949832776067e+01 8.251607816013659037e-15 1.244869101023429847e+00 2.254372941463262639e-04 3.848190353036344269e-01 1.661031841011503252e-01
7.675585284280937515e+01 4.486925559028295467e-16 1.248944802795667330e+00 2.223016012747178389e-04 3.856368299132554855e-01 1.514132076648450898e-01
7.705685618729097541e+01 2.001170222497568084e-17 1.253020504567904814e+00 1.903452565555697248e-04 3.864546245228765442e-01 1.409644894148690819e-01
7.735785953177257568e+01 7.318970648359185607e-19 1.257096206340142297e+00 1.395366136921611083e-04 3.872724191324976029e-01 1.336295300426523502e-01
7.765886287625419016e+01 2.194718913372090909e-20 1.261171908112379780e+00 8.719698521077855625e-05 3.880902137421186615e-01 1.278649004260367372e-01
7.795986622073579042e+01 5.395373376685583797e-22 1.265247609884617264e+00 4.638942855456238085e-05 3.889080083517397202e-01 1.219539067193800425e-01
7.826086956521739069e+01 1.087281377304231243e-23 1.269323311656854747e+00 2.100261546285762579e-05 3.897258029613607788e-01 1.145350155031505668e-01
7.856187290969900516e+01 1.796031913275863691e-25 1.273399013429092230e+00 8.091235244541915668e-06 3.905435975709818375e-01 1.051921094178990684e-01
7.886287625418060543e+01 2.431748296204968194e-27 1.277474715201329714e+00 2.652336443135228975e-06 3.913613921806029516e-01 9.465442139852554837e-02
7.916387959866221991e+01 2.698619071723891357e-29 1.281550416973567197e+00 7.397932395829990456e-07 3.921791867902240103e-01 8.430843169300276940e-02
7.946488294314382017e+01 2.454554044075689382e-31 1.285626118745804680e+00 1.755734193144067892e-07 3.929969813998450689e-01 7.525510917061120630e-02
7.976588628762542044e+01 1.829801793933683939e-33 1.289701820518042386e+00 3.545467053448257036e-08 3.938147760094661276e-01 6.760275411048596861e-02
8.006688963210703491e+01 1.117970466603051390e-35 1.293777522290279869e+00 6.091921587217969130e-09 3.946325706190871863e-01 6.057439845936299361e-02
8.036789297658863518e+01 5.598185877985526027e-38 1.297853224062517352e+00 8.906381319155519624e-10 3.954503652287082449e-01 5.333255762680153000e-02
8.066889632107023544e+01 2.297481137001317019e-40 1.301928925834754835e+00 1.107935263792395174e-10 3.962681598383293036e-01 4.578540647463823221e-02
8.096989966555184992e+01 7.727553232423377923e-43 1.306004627606992319e+00 1.172718031098503476e-11 3.970859544479503622e-01 3.867412418931646945e-02
8.127090301003345019e+01 2.130177587391083461e-45 1.310080329379229802e+00 1.056182435544878492e-12 3.979037490575714209e-01 3.292296985016354705e-02
8.157190635451505045e+01 4.812515580655277345e-48 1.314156031151467285e+00 8.093797514808884276e-14 3.987215436671924795e-01 2.887542985853267657e-02
8.187290969899666493e+01 8.910664993641590992e-51 1.318231732923704769e+00 5.286735887309766139e-15 3.995393382768135382e-01 2.605192110779299200e-02
8.217391304347826519e+01 1.352163000417942989e-53 1.322307434695942252e+00 4.926119762687637181e-16 4.003571328864345968e-01 2.354001457766738414e-02
8.247491638795986546e+01 1.681622279806580684e-56 1.326383136468179735e+00 3.690551275401441605e-15 4.011749274960556555e-01 2.062365870905272930e-02
8.277591973244147994e+01 1.713988751051951041e-59 1.330458838240417219e+00 5.756689852031546643e-14 4.019927221056767142e-01 1.717325753385543982e-02
8.307692307692308020e+01 1.431750436208997263e-62 1.334534540012654702e+00 7.669054067345615188e-13 4.028105167152977728e-01 1.359924068662007185e-02
8.337792642140469468e+01 9.801811027261106562e-66 1.338610241784892185e+00 8.693227595138817801e-12 4.036283113249188315e-01 1.050177154014519075e-02
8.367892976588629494e+01 5.499520497121252275e-69 1.342685943557129669e+00 8.384678727159613326e-11 4.044461059345398901e-01 8.290349498502219347e-03
8.397993311036789521e+01 2.528847937033463675e-72 1.346761645329367152e+00 6.881100784149395112e-10 4.052639005441609488e-01 6.985406239461299308e-03
8.428093645484950969e+01 9.530153964582777992e-76 1.350837347101604857e+00 4.805023617408563511e-09 4.060816951537820074e-01 6.265481743479005619e-03
8.458193979933110995e+01 2.943448020520099197e-79 1.354913048873842341e+00 2.854954886981692161e-08 4.068994897634030661e-01 5.687800407465188127e-03
8.488294314381271022e+01 7.450613478533875114e-83 1.358988750646079824e+00 1.443341467222251050e-07 4.077172843730241247e-01 4.933321039489227920e-03
8.518394648829432469e+01 1.545634751159283683e-86 1.363064452418317307e+00 6.208762447743368397e-07 4.085350789826451834e-01 3.935484233120152900e-03
8.548494983277592496e+01 2.627851785749400948e-90 1.367140154190554791e+00 2.272516859707728332e-06 4.093528735922662420e-01 2.842860628742728026e-03
8.578595317725752523e+01 3.661626106762951935e-94 1.371215855962792274e+00 7.077425389698071062e-06 4.101706682018873007e-01 1.878174127007732489e-03
8.608695652173913970e+01 4.181443644278103352e-98 1.375291557735029757e+00 1.875467752476066055e-05 4.109884628115083594e-01 1.204083630156961441e-03
8.638795986622073997e+01 3.913430391868053812e-102 1.379367259507267240e+00 4.228730597188231499e-05 4.118062574211294180e-01 8.647368895330875523e-04
8.668896321070235444e+01 3.001705530423040746e-106 1.383442961279504724e+00 8.112907992023009026e-05 4.126240520307504767e-01 7.991568623463206301e-04
8.698996655518395471e+01 1.886938121610799374e-110 1.387518663051742207e+00 1.324369586634484741e-04 4.134418466403715353e-01 8.866694463100680901e-04
8.729096989966555498e+01 9.721344398691971328e-115 1.391594364823979690e+00 1.839534607267264560e-04 4.142596412499925940e-01 9.954841446831261959e-04
8.759197324414716945e+01 4.104630750208186303e-119 1.395670066596217174e+00 2.174066589766755666e-04 4.150774358596136526e-01 1.025095952223729727e-03
8.789297658862876972e+01 1.420368237807375980e-123 1.399745768368454657e+00 2.186270209133159932e-04 4.158952304692347113e-01 9.349705737314159201e-04
8.819397993311036998e+01 4.028161745210566233e-128 1.403821470140692140e+00 1.870686221752906767e-04 4.167130250788557699e-01 7.474352148861770646e-04
8.849498327759198446e+01 9.362502338622157953e-133 1.407897171912929624e+00 1.361959438317409050e-04 4.175308196884768286e-01 5.221305525059715194e-04
8.879598662207358473e+01 1.783429994965314308e-137 1.411972873685167107e+00 8.437106194079520781e-05 4.183486142980978872e-01 3.184489497924461194e-04
8.909698996655518499e+01 2.784192648690984490e-142 1.416048575457404590e+00 4.447223672143490455e-05 4.191664089077189459e-01 1.695306808917620923e-04
8.939799331103679947e+01 3.562226959535741818e-147 1.420124277229642296e+00 1.994575800863392521e-05 4.199842035173400601e-01 7.877231400691626418e-05
8.969899665551839973e+01 3.735278408339291702e-152 1.424199979001879779e+00 7.611639903139963416e-06 4.208019981269611187e-01 3.194528226936074424e-05
9.000000000000000000e+01 6.419976696203407993e-157 1.428275680774117262e+00 2.471565010185879368e-06 4.216197927365821774e-01 1.130693937216103218e-05
