0.000000000000000000e+00 2.579451041533253192e-02 4.470410502587507384e-04 8.113463606652355775e-01 2.147577430783864649e-04 3.539615734069480268e+00
3.010033444816053727e-01 2.578958340614928915e-02 1.100742064470731571e-02 8.112730477814587005e-01 4.230637481052670554e-03 3.515844959845242812e+00
6.020066889632107454e-01 2.577479075824613483e-02 2.156780023915588068e-02 8.111002267682575484e-01 8.246517219026954643e-03 3.452656109897297210e+00
9.030100334448161181e-01 2.575011105023481892e-02 3.212817983360444218e-02 8.109220961125358507e-01 1.226239695700123873e-02 3.359049479546527550e+00
1.204013377926421491e+00 2.571555064656654011e-02 4.268855942805301062e-02 8.108685630366364583e-01 1.627827669497552282e-02 3.246890642715958730e+00
1.505016722408026864e+00 2.567119769553164246e-02 5.324893902250157907e-02 8.110746226995656505e-01 2.029415643294980864e-02 3.127939205898082164e+00
1.806020066889632236e+00 2.561728111656656065e-02 6.380931861695013363e-02 8.116489157074718852e-01 2.431003617092409100e-02 3.011545791386972315e+00
2.107023411371237387e+00 2.555422146009826354e-02 7.436969821139870207e-02 8.126488523446608880e-01 2.832591590889837335e-02 2.903627573279778495e+00
2.408026755852842982e+00 2.548266119621751466e-02 8.493007780584727051e-02 8.140677954894867119e-01 3.234179564687265918e-02 2.806880569247085067e+00
2.709030100334448576e+00 2.540346502792298691e-02 9.549045740029583895e-02 8.158366091031533651e-01 3.635767538484694500e-02 2.721721834291053632e+00
3.010033444816053727e+00 2.531768581278079702e-02 1.060508369947444074e-01 8.178382865713661465e-01 4.037355512282123082e-02 2.647351327262166709e+00
3.311036789297658878e+00 2.522649780856330362e-02 1.166112165891929620e-01 8.199313114466021402e-01 4.438943486079550971e-02 2.582519806273488427e+00
3.612040133779264472e+00 2.513110514858209188e-02 1.271715961836415165e-01 8.219756251255235791e-01 4.840531459876979553e-02 2.525891491973288883e+00
3.913043478260870067e+00 2.503263851719019634e-02 1.377319757780900988e-01 8.238549695240698911e-01 5.242119433674408135e-02 2.476118167331019304e+00
4.214046822742474774e+00 2.493205588325861713e-02 1.482923553725386534e-01 8.254908764699318002e-01 5.643707407471836024e-02 2.431817403410702294e+00
4.515050167224080369e+00 2.483006317270533905e-02 1.588527349669872357e-01 8.268462033178971549e-01 6.045295381269264606e-02 2.391598625428080549e+00
4.816053511705685963e+00 2.472706777904539258e-02 1.694131145614357903e-01 8.279190875391040372e-01 6.446883355066693189e-02 2.354183224114990036e+00
5.117056856187291558e+00 2.462317230063196596e-02 1.799734941558843448e-01 8.287306574502291134e-01 6.848471328864121077e-02 2.318584793066274852e+00
5.418060200668897153e+00 2.451820888522932701e-02 1.905338737503329272e-01 8.293111136410251660e-01 7.250059302661550353e-02 2.284279031320648023e+00
5.719063545150501859e+00 2.441180743911804465e-02 2.010942533447814817e-01 8.296885945535288354e-01 7.651647276458978242e-02 2.251293496930247162e+00
6.020066889632107454e+00 2.430348515591580077e-02 2.116546329392300640e-01 8.298837459479720957e-01 8.053235250256407518e-02 2.220169645229574940e+00
6.321070234113713049e+00 2.419274150779864019e-02 2.222150125336786186e-01 8.299107155566477489e-01 8.454823224053835407e-02 2.191783964561746956e+00
6.622073578595317755e+00 2.407914265053276437e-02 2.327753921281271732e-01 8.297831572753940899e-01 8.856411197851263295e-02 2.167056955683619002e+00
6.923076923076923350e+00 2.396238207688529756e-02 2.433357717225757555e-01 8.295224115312843649e-01 9.257999171648692571e-02 2.146620349938286321e+00
7.224080267558528945e+00 2.384230960622557224e-02 2.538961513170242545e-01 8.291646505568941450e-01 9.659587145446120460e-02 2.130540676467085781e+00
7.525083612040134540e+00 2.371892723751213225e-02 2.644565309114729201e-01 8.287643515244543790e-01 1.006117511924354835e-01 2.118196899438200109e+00
7.826086956521740134e+00 2.359235664170299812e-02 2.750169105059214747e-01 8.283926028929968766e-01 1.046276309304097762e-01 2.108373823164015004e+00
8.127090301003345729e+00 2.346278787850540615e-02 2.855772901003700293e-01 8.281300073380200022e-01 1.086435106683840551e-01 2.099565312696785035e+00
8.428093645484949548e+00 2.333042144070682222e-02 2.961376696948185838e-01 8.280550130745515380e-01 1.126593904063583340e-01 2.090400466349378483e+00
8.729096989966555142e+00 2.319541566388017700e-02 3.066980492892671384e-01 8.282293131138596110e-01 1.166752701443326268e-01 2.080043532790980532e+00
9.030100334448160737e+00 2.305784916874103682e-02 3.172584288837156929e-01 8.286825812630752575e-01 1.206911498823069057e-01 2.068409645156920718e+00
9.331103678929766332e+00 2.291770405763562946e-02 3.278188084781642475e-01 8.293993196724490646e-01 1.247070296202811984e-01 2.056101009816627467e+00
9.632107023411371927e+00 2.277487103285533165e-02 3.383791880726128021e-01 8.303108577635960330e-01 1.287229093582554773e-01 2.044083296196396393e+00
9.933110367892977521e+00 2.262917340358595528e-02 3.489395676670613566e-01 8.312952808221988343e-01 1.327387890962297701e-01 2.033235972848903561e+00
1.023411371237458312e+01 2.248040384419607018e-02 3.594999472615099112e-01 8.321869987740910801e-01 1.367546688342040351e-01 2.023963402879485507e+00
1.053511705685618871e+01 2.232836615702982197e-02 3.700603268559585768e-01 8.327957606987590466e-01 1.407705485721783278e-01 2.016018208353182128e+00
1.083612040133779431e+01 2.217291420358451226e-02 3.806207064504071313e-01 8.329325468131713039e-01 1.447864283101526206e-01 2.008587915593696760e+00
1.113712374581939812e+01 2.201398132172947136e-02 3.911810860448556859e-01 8.324376342506090154e-01 1.488023080481268856e-01 2.000586480386352228e+00
1.143812709030100372e+01 2.185159549558526523e-02 4.017414656393042405e-01 8.312050140384925623e-01 1.528181877861011784e-01 1.991024952460313857e+00
1.173913043478260931e+01 2.168587781985184190e-02 4.123018452337527950e-01 8.291977377492264489e-01 1.568340675240754711e-01 1.979328127621745814e+00
1.204013377926421491e+01 2.151702403343715153e-02 4.228622248282013496e-01 8.264506811113891960e-01 1.608499472620497639e-01 1.965502355542999346e+00
1.234113712374582050e+01 2.134527088233659220e-02 4.334226044226499042e-01 8.230600884478219692e-01 1.648658270000240289e-01 1.950118205170456198e+00
1.264214046822742610e+01 2.117085075657321180e-02 4.439829840170984587e-01 8.191622545662305965e-01 1.688817067379983217e-01 1.934130912306165406e+00
1.294314381270903169e+01 2.099393946517127615e-02 4.545433636115470133e-01 8.149059732166472614e-01 1.728975864759726144e-01 1.918609438360254105e+00
1.324414715719063551e+01 2.081460319464770517e-02 4.651037432059955679e-01 8.104243922519724919e-01 1.769134662139468794e-01 1.904470188190244162e+00
1.354515050167224111e+01 2.063275158148182922e-02 4.756641228004441224e-01 8.058115449152261078e-01 1.809293459519211722e-01 1.892302538637243403e+00
1.384615384615384670e+01 2.044810423853030829e-02 4.862245023948927880e-01 8.011073334355242048e-01 1.849452256898954650e-01 1.882328583920928944e+00
1.414715719063545230e+01 2.026017774228450197e-02 4.967848819893413426e-01 7.962926196145161395e-01 1.889611054278697300e-01 1.874476635445996076e+00
1.444816053511705789e+01 2.006829874803697789e-02 5.073452615837897861e-01 7.912938925412400515e-01 1.929769851658440227e-01 1.868500069317828638e+00
1.474916387959866348e+01 1.987164641409971261e-02 5.179056411782384517e-01 7.859952395555368510e-01 1.969928649038183155e-01 1.864068260136402255e+00
1.505016722408026908e+01 1.966932377986513672e-02 5.284660207726870063e-01 7.802543915866149149e-01 2.010087446417925805e-01 1.860795929519918346e+00
1.535117056856187467e+01 1.946045354171123745e-02 5.390264003671355608e-01 7.739195767622587541e-01 2.050246243797668733e-01 1.858231858759293198e+00
1.565217391304348027e+01 1.924428945343231723e-02 5.495867799615841154e-01 7.668446734509430929e-01 2.090405041177411660e-01 1.855857974682088241e+00
1.595317725752508409e+01 1.902033113798998545e-02 5.601471595560326699e-01 7.589013558518922231e-01 2.130563838557154310e-01 1.853135646995302865e+00
1.625418060200669146e+01 1.878842819607570713e-02 5.707075391504812245e-01 7.499881011252708118e-01 2.170722635936897238e-01 1.849592551480168101e+00
1.655518394648829528e+01 1.854885966767134964e-02 5.812679187449297791e-01 7.400366562648349467e-01 2.210881433316640166e-01 1.844906986322114584e+00
1.685618729096989910e+01 1.830237729601400312e-02 5.918282983393783336e-01 7.290166479161905855e-01 2.251040230696382816e-01 1.838945343401401145e+00
1.715719063545150647e+01 1.805020535914680577e-02 6.023886779338268882e-01 7.169385725896343375e-01 2.291199028076125743e-01 1.831741456152594205e+00
1.745819397993311028e+01 1.779399536659032749e-02 6.129490575282754428e-01 7.038547973888830134e-01 2.331357825455868671e-01 1.823446116609337642e+00
1.775919732441471766e+01 1.753573970500648532e-02 6.235094371227241083e-01 6.898578716280842071e-01 2.371516622835611598e-01 1.814289444551464570e+00
1.806020066889632147e+01 1.727765335444265624e-02 6.340698167171726629e-01 6.750756772993476984e-01 2.411675420215354249e-01 1.804576378326123720e+00
1.836120401337792885e+01 1.702203626938575062e-02 6.446301963116212175e-01 6.596636971524960646e-01 2.451834217595097176e-01 1.794693639896439930e+00
1.866220735785953266e+01 1.677113047116563990e-02 6.551905759060697720e-01 6.437956105435158616e-01 2.491993014974840104e-01 1.785079272967310615e+00
1.896321070234114003e+01 1.652698531428844000e-02 6.657509555005183266e-01 6.276540558240619738e-01 2.532151812354582754e-01 1.776119482856238996e+00
1.926421404682274385e+01 1.629134215609644165e-02 6.763113350949668812e-01 6.114233459210295374e-01 2.572310609734325682e-01 1.767989397723140677e+00
1.956521739130434767e+01 1.606554643133639021e-02 6.868717146894154357e-01 5.952851173351010328e-01 2.612469407114068609e-01 1.760511391315423779e+00
1.986622073578595504e+01 1.585049164123749493e-02 6.974320942838639903e-01 5.794166144352768111e-01 2.652628204493811537e-01 1.753123958775974600e+00
2.016722408026755886e+01 1.564659662574784810e-02 7.079924738783125449e-01 5.639900795798223898e-01 2.692787001873554464e-01 1.745013845319778545e+00
2.046822742474916623e+01 1.545381506037461945e-02 7.185528534727610994e-01 5.491710623736542063e-01 2.732945799253296837e-01 1.735381622541854130e+00
2.076923076923077005e+01 1.527167446713638410e-02 7.291132330672096540e-01 5.351136867502931382e-01 2.773104596633039765e-01 1.723734675775576042e+00
2.107023411371237742e+01 1.509934095914654446e-02 7.396736126616583196e-01 5.219519884137651111e-01 2.813263394012782692e-01 1.710079595379601747e+00
2.137123745819398124e+01 1.493570512202473805e-02 7.502339922561068741e-01 5.097880044556692969e-01 2.853422191392525620e-01 1.694932636870677856e+00
2.167224080267558861e+01 1.477948356115448003e-02 7.607943718505554287e-01 4.986788353891494774e-01 2.893580988772268547e-01 1.679152980591356314e+00
2.197324414715719243e+01 1.462932955201438380e-02 7.713547514450039833e-01 4.886259011391577145e-01 2.933739786152011475e-01 1.663677393771771706e+00
2.227424749163879625e+01 1.448394499067693839e-02 7.819151310394525378e-01 4.795697498932522951e-01 2.973898583531753848e-01 1.649259060728507587e+00
2.257525083612040362e+01 1.434218474839370899e-02 7.924755106339010924e-01 4.713929801781156503e-01 3.014057380911496775e-01 1.636287442735275821e+00
2.287625418060200744e+01 1.420314402738596417e-02 8.030358902283496469e-01 4.639322730493951052e-01 3.054216178291239703e-01 1.624719755927185538e+00
2.317725752508361481e+01 1.406621984095613939e-02 8.135962698227982015e-01 4.569985501904574310e-01 3.094374975670982630e-01 1.614119452039377567e+00
2.347826086956521863e+01 1.393113959990648423e-02 8.241566494172467561e-01 4.504023168928403265e-01 3.134533773050725558e-01 1.603782456541414492e+00
2.377926421404682600e+01 1.379795300680807142e-02 8.347170290116953106e-01 4.439797757317183735e-01 3.174692570430468486e-01 1.592925420016166660e+00
2.408026755852842982e+01 1.366698773405724404e-02 8.452774086061439762e-01 4.376147064310590418e-01 3.214851367810211413e-01 1.580897323445674685e+00
2.438127090301003363e+01 1.353877407561275212e-02 8.558377882005925308e-01 4.312516478186407265e-01 3.255010165189953786e-01 1.567358472441178430e+00
2.468227424749164101e+01 1.341394810064905872e-02 8.663981677950410853e-01 4.248975884211257936e-01 3.295168962569696713e-01 1.552367404157962039e+00
2.498327759197324482e+01 1.329314595745056775e-02 8.769585473894896399e-01 4.186118610124859307e-01 3.335327759949439641e-01 1.536342211104924305e+00
2.528428093645485220e+01 1.317690320332895286e-02 8.875189269839381945e-01 4.124866448277640929e-01 3.375486557329182569e-01 1.519912520210941809e+00
2.558528428093645601e+01 1.306557203619486060e-02 8.980793065783867490e-01 4.066226667816215667e-01 3.415645354708925496e-01 1.503724105481699880e+00
2.588628762541806339e+01 1.295926618206742070e-02 9.086396861728353036e-01 4.011057131783260510e-01 3.455804152088668424e-01 1.488270513313763255e+00
2.618729096989966720e+01 1.285783850108749085e-02 9.192000657672838582e-01 3.959891022837184194e-01 3.495962949468410796e-01 1.473798755964867313e+00
2.648829431438127102e+01 1.276089100519734072e-02 9.297604453617324127e-01 3.912854789626923346e-01 3.536121746848153724e-01 1.460291919332791233e+00
2.678929765886287839e+01 1.266781197968549696e-02 9.403208249561809673e-01 3.869687526864557525e-01 3.576280544227896652e-01 1.447503160553454293e+00
2.709030100334448221e+01 1.257783123605092125e-02 9.508812045506295219e-01 3.829844991241684871e-01 3.616439341607639579e-01 1.435017344430091102e+00
2.739130434782608958e+01 1.249008286490101843e-02 9.614415841450781874e-01 3.792653927758175558e-01 3.656598138987382507e-01 1.422333660228875418e+00
2.769230769230769340e+01 1.240366542382129525e-02 9.720019637395267420e-01 3.757476173439772693e-01 3.696756936367125435e-01 1.408968480877998974e+00
2.799331103678930077e+01 1.231769200788057801e-02 9.825623433339752966e-01 3.723846726957098507e-01 3.736915733746867807e-01 1.394562641396302816e+00
2.829431438127090459e+01 1.223132640663968963e-02 9.931227229284238511e-01 3.691561823605242210e-01 3.777074531126610735e-01 1.378958388062397677e+00
2.859531772575251196e+01 1.214380559855969197e-02 1.003683102522872517e+00 3.660706901639927957e-01 3.817233328506353662e-01 1.362214123228930873e+00
2.889632107023411578e+01 1.205445220231452473e-02 1.014243482117320960e+00 3.631625996489266650e-01 3.857392125886096590e-01 1.344555411751616969e+00
2.919732441471571960e+01 1.196268244080435014e-02 1.024803861711769626e+00 3.604841739742102313e-01 3.897550923265839518e-01 1.326295637792985982e+00
2.949832775919732697e+01 1.186801531133621634e-02 1.035364241306218291e+00 3.580939383690903699e-01 3.937709720645582445e-01 1.307768884774631379e+00
2.979933110367893079e+01 1.177008708624173276e-02 1.045924620900666735e+00 3.560430993751249606e-01 3.977868518025325373e-01 1.289293415239556095e+00
3.010033444816053816e+01 1.166867249623193201e-02 1.056485000495115401e+00 3.543618642486074388e-01 4.018027315405067745e-01 1.271150185708130209e+00
3.040133779264214198e+01 1.156371074525154759e-02 1.067045380089563844e+00 3.530478014589861768e-01 4.058186112784810673e-01 1.253549874126637098e+00
3.070234113712374935e+01 1.145533170619824140e-02 1.077605759684012510e+00 3.520584524202297616e-01 4.098344910164553601e-01 1.236584311541904180e+00
3.100334448160535317e+01 1.134387594687923627e-02 1.088166139278460953e+00 3.513100449141279835e-01 4.138503707544296528e-01 1.220191959014921945e+00
3.130434782608696054e+01 1.122990203452075599e-02 1.098726518872909619e+00 3.506832295954819823e-01 4.178662504924039456e-01 1.204178267133567903e+00
3.160535117056856436e+01 1.111417589814087115e-02 1.109286898467358062e+00 3.500353549188497948e-01 4.218821302303782383e-01 1.188305639903683764e+00
3.190635451505016817e+01 1.099763958126951172e-02 1.119847278061806728e+00 3.492172609252049420e-01 4.258980099683524756e-01 1.172421367132578940e+00
3.220735785953177555e+01 1.088135994137479426e-02 1.130407657656255394e+00 3.480913991685420372e-01 4.299138897063267684e-01 1.156558993183941508e+00
3.250836120401338292e+01 1.076646109862363677e-02 1.140968037250703837e+00 3.465477037203522070e-01 4.339297694443010611e-01 1.140952514082496760e+00
3.280936454849498318e+01 1.065404710711488102e-02 1.151528416845152503e+00 3.445142172213643272e-01 4.379456491822753539e-01 1.125941478631076631e+00
3.311036789297659055e+01 1.054512298222008877e-02 1.162088796439600946e+00 3.419608392512182848e-01 4.419615289202496466e-01 1.111796868056933896e+00
3.341137123745819792e+01 1.044052265745691252e-02 1.172649176034049612e+00 3.388962550291583775e-01 4.459774086582239394e-01 1.098537768577172224e+00
3.371237458193979819e+01 1.034085167876887777e-02 1.183209555628498055e+00 3.353595776702875120e-01 4.499932883961981767e-01 1.085821196829297453e+00
3.401337792642140556e+01 1.024645067202074010e-02 1.193769935222946721e+00 3.314090904622019607e-01 4.540091681341724694e-01 1.072966760058122970e+00
3.431438127090301293e+01 1.015738315609217464e-02 1.204330314817395164e+00 3.271105800624983795e-01 4.580250478721467622e-01 1.059128774180708277e+00
3.461538461538462030e+01 1.007344848032277855e-02 1.214890694411843830e+00 3.225272620905791365e-01 4.620409276101210549e-01 1.043566437886739973e+00
3.491638795986622057e+01 9.994217890892642328e-03 1.225451074006292274e+00 3.177125317481493405e-01 4.660568073480953477e-01 1.025913011024614629e+00
3.521739130434782794e+01 9.919089277087116130e-03 1.236011453600740939e+00 3.127060293958080495e-01 4.700726870860696405e-01 1.006333795987979896e+00
3.551839464882943531e+01 9.847354250578078255e-03 1.246571833195189605e+00 3.075329668172881448e-01 4.740885668240439332e-01 9.855014566582461777e-01
3.581939799331104268e+01 9.778270035024860113e-03 1.257132212789638048e+00 3.022063249942288365e-01 4.781044465620181705e-01 9.643920666164346178e-01
3.612040133779264295e+01 9.711128289004871544e-03 1.267692592384086714e+00 2.967313169819162932e-01 4.821203262999924632e-01 9.439819215343239200e-01
3.642140468227425032e+01 9.645313486922352242e-03 1.278252971978535157e+00 2.911113111432727107e-01 4.861362060379667560e-01 9.249664446858363309e-01
3.672240802675585769e+01 9.580344806198954136e-03 1.288813351572983823e+00 2.853541979238937154e-01 4.901520857759410488e-01 9.076081597476046703e-01
3.702341137123745796e+01 9.515897505270706075e-03 1.299373731167432267e+00 2.794780098992026840e-01 4.941679655139153415e-01 8.917577339282576343e-01
3.732441471571906533e+01 9.451802333788230162e-03 1.309934110761880932e+00 2.735145740378720491e-01 4.981838452518896343e-01 8.770117703108527563e-01
3.762541806020067270e+01 9.388024319789344332e-03 1.320494490356329376e+00 2.675101828175384666e-01 5.021997249898639826e-01 8.629137503633597106e-01
3.792642140468228007e+01 9.324624986676842767e-03 1.331054869950778041e+00 2.615227487331785450e-01 5.062156047278381088e-01 8.490988257681407747e-01
3.822742474916388034e+01 9.261714289933367997e-03 1.341615249545226485e+00 2.556155934903404647e-01 5.102314844658124571e-01 8.353291135272361556e-01
3.852842809364548771e+01 9.199399973161116392e-03 1.352175629139675150e+00 2.498487725492420930e-01 5.142473642037868053e-01 8.214343807033372968e-01
3.882943143812709508e+01 9.137742353589601088e-03 1.362736008734123816e+00 2.442694597136118029e-01 5.182632439417609316e-01 8.072225831160767529e-01
3.913043478260869534e+01 9.076721637055654157e-03 1.373296388328572259e+00 2.389032484177866233e-01 5.222791236797352799e-01 7.924294513609222435e-01
3.943143812709030271e+01 9.016222807835334169e-03 1.383856767923020925e+00 2.337481786801870187e-01 5.262950034177096281e-01 7.767406808156274156e-01
3.973244147157191009e+01 8.956040227218749206e-03 1.394417147517469369e+00 2.287728897621871815e-01 5.303108831556839764e-01 7.598731538422770493e-01
4.003344481605351746e+01 8.895900774064061101e-03 1.404977527111918034e+00 2.239196353973360032e-01 5.343267628936581026e-01 7.416733580448272578e-01
4.033444816053511772e+01 8.835501242021825269e-03 1.415537906706366478e+00 2.191121249513136859e-01 5.383426426316324509e-01 7.221926147762603998e-01
4.063545150501672509e+01 8.774553337267516906e-03 1.426098286300815143e+00 2.142673948661820149e-01 5.423585223696067992e-01 7.017179241420036240e-01
4.093645484949833246e+01 8.712828438686717747e-03 1.436658665895263587e+00 2.093102481317930808e-01 5.463744021075809254e-01 6.807540515837890993e-01
4.123745819397993273e+01 8.650194507439026501e-03 1.447219045489712252e+00 2.041882698818477948e-01 5.503902818455552737e-01 6.599572536679217949e-01
4.153846153846154010e+01 8.586639106307214844e-03 1.457779425084160696e+00 1.988850847376281428e-01 5.544061615835296220e-01 6.400210866121958109e-01
4.183946488294314747e+01 8.522275085740559780e-03 1.468339804678609362e+00 1.934294510107869847e-01 5.584220413215039702e-01 6.215242347906745346e-01
4.214046822742475484e+01 8.457328591768602938e-03 1.478900184273058027e+00 1.878980964032688772e-01 5.624379210594780965e-01 6.047733499531728896e-01
4.244147157190635511e+01 8.392112050463303857e-03 1.489460563867506471e+00 1.824109660636429875e-01 5.664538007974524447e-01 5.896966542362663821e-01
4.274247491638796248e+01 8.326987136638498363e-03 1.500020943461955136e+00 1.771187517829609925e-01 5.704696805354267930e-01 5.758439649431887908e-01
4.304347826086956985e+01 8.262324059895024414e-03 1.510581323056403580e+00 1.721840304799016341e-01 5.744855602734009192e-01 5.625140806672367377e-01
4.334448160535117722e+01 8.198463651870250071e-03 1.521141702650852245e+00 1.677587591766684372e-01 5.785014400113752675e-01 5.489734392355244408e-01
4.364548494983277749e+01 8.135687808374116731e-03 1.531702082245300689e+00 1.639618923622844227e-01 5.825173197493496158e-01 5.346819742902214623e-01
4.394648829431438486e+01 8.074202113276076828e-03 1.542262461839749355e+00 1.608611943671150180e-01 5.865331994873239640e-01 5.194331206811415580e-01
4.424749163879599223e+01 8.014132334383443010e-03 1.552822841434197798e+00 1.584627526043307921e-01 5.905490792252980903e-01 5.033530761029189060e-01
4.454849498327759250e+01 7.955534327015173837e-03 1.563383221028646464e+00 1.567103090592144310e-01 5.945649589632724386e-01 4.867704024364278292e-01
4.484949832775919987e+01 7.898415026114736018e-03 1.573943600623094907e+00 1.554945887069341115e-01 5.985808387012467868e-01 4.700261549537058658e-01
4.515050167224080724e+01 7.842760852936522462e-03 1.584503980217543573e+00 1.546707520706184780e-01 6.025967184392209131e-01 4.533171957303332444e-01
4.545150501672241461e+01 7.788569088426689976e-03 1.595064359811992238e+00 1.540804336157150511e-01 6.066125981771952613e-01 4.366419709040605390e-01
4.575250836120401488e+01 7.735877562287534620e-03 1.605624739406440682e+00 1.535739737517816395e-01 6.106284779151696096e-01 4.198633742885109488e-01
4.605351170568562225e+01 7.684788314468694696e-03 1.616185119000889348e+00 1.530286334214063515e-01 6.146443576531439579e-01 4.028464840613739661e-01
4.635451505016722962e+01 7.635481629478702188e-03 1.626745498595337791e+00 1.523597382973700953e-01 6.186602373911180841e-01 3.855976290970564713e-01
4.665551839464882988e+01 7.588217949031343494e-03 1.637305878189786457e+00 1.515235010478329647e-01 6.226761171290924324e-01 3.683375115806371003e-01
4.695652173913043725e+01 7.543326556010420368e-03 1.647866257784234900e+00 1.505122085021988187e-01 6.266919968670667807e-01 3.514767710724726046e-01
4.725752508361204463e+01 7.501181490835052285e-03 1.658426637378683566e+00 1.493440217560137173e-01 6.307078766050409069e-01 3.355060688730934215e-01
4.755852842809365200e+01 7.462166769187761339e-03 1.668987016973132009e+00 1.480504639062832362e-01 6.347237563430152552e-01 3.208438522927886116e-01
4.785953177257525226e+01 7.426634435757780220e-03 1.679547396567580675e+00 1.466646583360290967e-01 6.387396360809896034e-01 3.076943690305293244e-01
4.816053511705685963e+01 7.394860108229326170e-03 1.690107776162029340e+00 1.452126749046985243e-01 6.427555158189639517e-01 2.959599361318464017e-01
4.846153846153846700e+01 7.367001250930823621e-03 1.700668155756477784e+00 1.437092434015887765e-01 6.467713955569380779e-01 2.852340612484642879e-01
4.876254180602006727e+01 7.343063340731607359e-03 1.711228535350926450e+00 1.421579352469021507e-01 6.507872752949124262e-01 2.748820855850548361e-01
4.906354515050167464e+01 7.322878319470044715e-03 1.721788914945374893e+00 1.405549563524068069e-01 6.548031550328867745e-01 2.641948143342760513e-01
4.936454849498328201e+01 7.306098352986861548e-03 1.732349294539823559e+00 1.388950802617996139e-01 6.588190347708609007e-01 2.525786758328517068e-01
4.966555183946488938e+01 7.292206126936374468e-03 1.742909674134272002e+00 1.371780169561173657e-01 6.628349145088352490e-01 2.397285651604493251e-01
4.996655518394648965e+01 7.280540963358092359e-03 1.753470053728720668e+00 1.354136222669967415e-01 6.668507942468095973e-01 2.257265782997760761e-01
5.026755852842809702e+01 7.270338217345535987e-03 1.764030433323169111e+00 1.336247314723185975e-01 6.708666739847837235e-01 2.110289961758181065e-01
5.056856187290970439e+01 7.260777954123684950e-03 1.774590812917617777e+00 1.318469579471522601e-01 6.748825537227580718e-01 1.963422425825867568e-01
5.086956521739130466e+01 7.251037983343491811e-03 1.785151192512066221e+00 1.301254364996031754e-01 6.788984334607324200e-01 1.824305415729575441e-01
5.117056856187291203e+01 7.240346015114188481e-03 1.795711572106514886e+00 1.285091123910971356e-01 6.829143131987067683e-01 1.699228627295461536e-01
5.147157190635451940e+01 7.228025984918094900e-03 1.806271951700963552e+00 1.270436860616386832e-01 6.869301929366808945e-01 1.591813723234971611e-01
5.177257525083612677e+01 7.213534383745894181e-03 1.816832331295411995e+00 1.257646354118608367e-01 6.909460726746552428e-01 1.502617314756913847e-01
5.207357859531772704e+01 7.196483594181927665e-03 1.827392710889860661e+00 1.246917849169257575e-01 6.949619524126295911e-01 1.429558874863915419e-01
5.237458193979933441e+01 7.176650626841900131e-03 1.837953090484309104e+00 1.238266363809081005e-01 6.989778321506037173e-01 1.368818639549365668e-01
5.267558528428094178e+01 7.153971134568319450e-03 1.848513470078757770e+00 1.231531312442441517e-01 7.029937118885780656e-01 1.315825674253923994e-01
5.297658862876254204e+01 7.128520029405865065e-03 1.859073849673206213e+00 1.226417604023550267e-01 7.070095916265524139e-01 1.266104702761116918e-01
5.327759197324414941e+01 7.100481329478372169e-03 1.869634229267654879e+00 1.222561331832506815e-01 7.110254713645267621e-01 1.215917422525666924e-01
5.357859531772575679e+01 7.070110918279395341e-03 1.880194608862103323e+00 1.219604748567597319e-01 7.150413511025008884e-01 1.162705063364817687e-01
5.387959866220736416e+01 7.037696611094421129e-03 1.890754988456551988e+00 1.217262477950848965e-01 7.190572308404752366e-01 1.105316724404819401e-01
5.418060200668896442e+01 7.003520203258152554e-03 1.901315368051000432e+00 1.215363051681332962e-01 7.230731105784495849e-01 1.043979775670442756e-01
5.448160535117057179e+01 6.967825953316403656e-03 1.911875747645449097e+00 1.213856583849990817e-01 7.270889903164237111e-01 9.800060273448256420e-02
5.478260869565217916e+01 6.930799201256662885e-03 1.922436127239897763e+00 1.212788804705536710e-01 7.311048700543980594e-01 9.153182448572563801e-02
5.508361204013378654e+01 6.892557570346538771e-03 1.932996506834346206e+00 1.212250832316365684e-01 7.351207497923724077e-01 8.519504508416854416e-02
5.538461538461538680e+01 6.853155562219269067e-03 1.943556886428794872e+00 1.212320042576097295e-01 7.391366295303467560e-01 7.916621135261808773e-02
5.568561872909699417e+01 6.812601521609281535e-03 1.954117266023243316e+00 1.213008411927087721e-01 7.431525092683208822e-01 7.357222466231859437e-02
5.598662207357860154e+01 6.770884176784709718e-03 1.964677645617691981e+00 1.214230761951849841e-01 7.471683890062952305e-01 6.848326829072437505e-02
5.628762541806020181e+01 6.728004537927885498e-03 1.975238025212140425e+00 1.215798183275766664e-01 7.511842687442695787e-01 6.391305964873801593e-02
5.658862876254180918e+01 6.684008115609861057e-03 1.985798404806589090e+00 1.217434299055772523e-01 7.552001484822437050e-01 5.982412002007519991e-02
5.688963210702341655e+01 6.639012378525659293e-03 1.996358784401037534e+00 1.218806559506587922e-01 7.592160282202180532e-01 5.613935452175728563e-02
5.719063545150502392e+01 6.593225146640745854e-03 2.006919163995485977e+00 1.219562928248169170e-01 7.632319079581924015e-01 5.276151059154862016e-02
5.749163879598662419e+01 6.546951102320181480e-03 2.017479543589934643e+00 1.219366025489127398e-01 7.672477876961667498e-01 4.959774208111169397e-02
5.779264214046823156e+01 6.500585544545022486e-03 2.028039923184382864e+00 1.217920562507117943e-01 7.712636674341408760e-01 4.658148997356050675e-02
5.809364548494983893e+01 6.454596558837788489e-03 2.038600302778831530e+00 1.214993685167722048e-01 7.752795471721152243e-01 4.368308591145473457e-02
5.839464882943143920e+01 6.409498550238017060e-03 2.049160682373280196e+00 1.210429974191446073e-01 7.792954269100895726e-01 4.090544042302464434e-02
5.869565217391304657e+01 6.365821265242494441e-03 2.059721061967728861e+00 1.204162746912442461e-01 7.833113066480636988e-01 3.826875035915255213e-02
5.899665551839465394e+01 6.324078813077608184e-03 2.070281441562177527e+00 1.196221612523701572e-01 7.873271863860380471e-01 3.579306283384568743e-02
5.929765886287626131e+01 6.284742756801484607e-03 2.080841821156625748e+00 1.186734358093241015e-01 7.913430661240123953e-01 3.348663105645920124e-02
5.959866220735786158e+01 6.248222220724202261e-03 2.091402200751074414e+00 1.175920566287903118e-01 7.953589458619867436e-01 3.134274923455437206e-02
5.989966555183946895e+01 6.214852425221700609e-03 2.101962580345523079e+00 1.164075520884444714e-01 7.993748255999608698e-01 2.934269654100439897e-02
6.020066889632107632e+01 6.184891450571283061e-03 2.112522959939971745e+00 1.151545528736981350e-01 8.033907053379352181e-01 2.746106458420261714e-02
6.050167224080267658e+01 6.158523670255725870e-03 2.123083339534419967e+00 1.138698557158943497e-01 8.074065850759095664e-01 2.567168729981456066e-02
6.080267558528428395e+01 6.135867417961747387e-03 2.133643719128868632e+00 1.125895663693604332e-01 8.114224648138836926e-01 2.395433958253736714e-02
6.110367892976589133e+01 6.116984168329088305e-03 2.144204098723317298e+00 1.113468223709166288e-01 8.154383445518580409e-01 2.230183814391029432e-02
6.140468227424749870e+01 6.101886788505619247e-03 2.154764478317765963e+00 1.101703546742517636e-01 8.194542242898323892e-01 2.072498847323612017e-02
6.170568561872909896e+01 6.090545112713111574e-03 2.165324857912214629e+00 1.090838150179916088e-01 8.234701040278065154e-01 1.925191871206937896e-02
6.200668896321070633e+01 6.082887999592005886e-03 2.175885237506662850e+00 1.081055219328965339e-01 8.274859837657808637e-01 1.792046279880144671e-02
6.230769230769231370e+01 6.078801940643660182e-03 2.186445617101111516e+00 1.072481888220463836e-01 8.315018635037552119e-01 1.676610284333553830e-02
6.260869565217392108e+01 6.078127029036108596e-03 2.197005996695560182e+00 1.065183378600358666e-01 8.355177432417295602e-01 1.581056616685152030e-02
6.290969899665552134e+01 6.080651574238858138e-03 2.207566376290008847e+00 1.059154161520395321e-01 8.395336229797036864e-01 1.505559856481656147e-02
6.321070234113712871e+01 6.086106838352907909e-03 2.218126755884457069e+00 1.054309788781041535e-01 8.435495027176780347e-01 1.448330892447097229e-02
6.351170568561873608e+01 6.094163313954707381e-03 2.228687135478905734e+00 1.050485288942876877e-01 8.475653824556523830e-01 1.406106704689483872e-02
6.381270903010033635e+01 6.104429733373367868e-03 2.239247515073354400e+00 1.047445874485916084e-01 8.515812621936265092e-01 1.374734106462371756e-02
6.411371237458195083e+01 6.116455673326574860e-03 2.249807894667803065e+00 1.044912902152756728e-01 8.555971419316008575e-01 1.349577511134600165e-02
6.441471571906355109e+01 6.129738259130528694e-03 2.260368274262251731e+00 1.042603320883941642e-01 8.596130216695752058e-01 1.325731524759089265e-02
6.471571906354515136e+01 6.143733117346150338e-03 2.270928653856699952e+00 1.040275748108696052e-01 8.636289014075495540e-01 1.298240607823937867e-02
6.501672240802676583e+01 6.157869390412393229e-03 2.281489033451148618e+00 1.037772617796530461e-01 8.676447811455236803e-01 1.262552749430797400e-02
6.531772575250836610e+01 6.171568313421341503e-03 2.292049413045597284e+00 1.035047014515595859e-01 8.716606608834980285e-01 1.215236470644851484e-02
6.561872909698996637e+01 6.184264559826384983e-03 2.302609792640045949e+00 1.032165514893155916e-01 8.756765406214723768e-01 1.154720133609694888e-02
6.591973244147158084e+01 6.195429291511563713e-03 2.313170172234494171e+00 1.029284177842461484e-01 8.796924203594465030e-01 1.081686701569613794e-02
6.622073578595318111e+01 6.204593608778216640e-03 2.323730551828942836e+00 1.026602251175101205e-01 8.837083000974208513e-01 9.988843270909552458e-03
6.652173913043478137e+01 6.211370904857792773e-03 2.334290931423391502e+00 1.024304959329997294e-01 8.877241798353951996e-01 9.104043885884309517e-03
6.682274247491639585e+01 6.215476511614199950e-03 2.344851311017840167e+00 1.022510605840723091e-01 8.917400595733695479e-01 8.207283475313001744e-03
6.712374581939799612e+01 6.216743006803258746e-03 2.355411690612288389e+00 1.021236612743185584e-01 8.957559393113436741e-01 7.339012461634492578e-03
6.742474916387959638e+01 6.215129668592702696e-03 2.365972070206737055e+00 1.020393889111539110e-01 8.997718190493180224e-01 6.530562838319068850e-03
6.772575250836121086e+01 6.210724835741504579e-03 2.376532449801185720e+00 1.019810558935479311e-01 9.037876987872923706e-01 5.803114473565299664e-03
6.802675585284281112e+01 6.203740374726439237e-03 2.387092829395634386e+00 1.019277279598336527e-01 9.078035785252664969e-01 5.169087289144000570e-03
6.832775919732442560e+01 6.194498057668472099e-03 2.397653208990083051e+00 1.018600102018631798e-01 9.118194582632408451e-01 4.634200871229719222e-03
6.862876254180602587e+01 6.183408374480532134e-03 2.408213588584531273e+00 1.017645163566528593e-01 9.158353380012151934e-01 4.198850625618840218e-03
6.892976588628762613e+01 6.170943061989678929e-03 2.418773968178979938e+00 1.016362905079302298e-01 9.198512177391895417e-01 3.858304964324190713e-03
6.923076923076924061e+01 6.157603327772495118e-03 2.429334347773428604e+00 1.014786596756641207e-01 9.238670974771636679e-01 3.602131638498475615e-03
6.953177257525084087e+01 6.143886264468596640e-03 2.439894727367877270e+00 1.013008144055152493e-01 9.278829772151380162e-01 3.413872105901797401e-03
6.983277591973244114e+01 6.130252195510607800e-03 2.450455106962325491e+00 1.011140619292869441e-01 9.318988569531123645e-01 3.272034241498780228e-03
7.013377926421405562e+01 6.117095611200111700e-03 2.461015486556774157e+00 1.009279759628967099e-01 9.359147366910864907e-01 3.152899390354848078e-03
7.043478260869565588e+01 6.104721948381881293e-03 2.471575866151222822e+00 1.007475296112763097e-01 9.399306164290608390e-01 3.034686864803188677e-03
7.073578595317725615e+01 6.093331800876860063e-03 2.482136245745671488e+00 1.005718444576816639e-01 9.439464961670351872e-01 2.901778026074785816e-03
7.103678929765887062e+01 6.083013330737557095e-03 2.492696625340120153e+00 1.003946179196197191e-01 9.479623759050095355e-01 2.747449346371146940e-03
7.133779264214047089e+01 6.073742812948766494e-03 2.503257004934568375e+00 1.002058131669451013e-01 9.519782556429836617e-01 2.574078277928743431e-03
7.163879598662208537e+01 6.065392511793089858e-03 2.513817384529017041e+00 9.999395420392652445e-02 9.559941353809580100e-01 2.390824035586225967e-03
7.193979933110368563e+01 6.057744547882609396e-03 2.524377764123465706e+00 9.974839185669349961e-02 9.600100151189323583e-01 2.209802446612544550e-03
7.224080267558528590e+01 6.050509118061167535e-03 2.534938143717914372e+00 9.946111338662338985e-02 9.640258948569064845e-01 2.042236722901189221e-03
7.254180602006690037e+01 6.043345376454034926e-03 2.545498523312362593e+00 9.912791946788337971e-02 9.680417745948808328e-01 1.895779943804667880e-03
7.284280936454850064e+01 6.035883435110287777e-03 2.556058902906811259e+00 9.874896215780835929e-02 9.720576543328551811e-01 1.773433046696638133e-03
7.314381270903010090e+01 6.027746231551156346e-03 2.566619282501259924e+00 9.832867664851560607e-02 9.760735340708295293e-01 1.673750906467645410e-03
7.344481605351171538e+01 6.018570359610351042e-03 2.577179662095708590e+00 9.787509205452731009e-02 9.800894138088036556e-01 1.591749919257592731e-03
7.374581939799331565e+01 6.008025289910502893e-03 2.587740041690156811e+00 9.739847557627932806e-02 9.841052935467780038e-01 1.520121237550075026e-03
7.404682274247491591e+01 5.995830648012225213e-03 2.598300421284605477e+00 9.690934403691786603e-02 9.881211732847523521e-01 1.450681153817337879e-03
7.434782608695653039e+01 5.981771323387984236e-03 2.608860800879054143e+00 9.641608671475657144e-02 9.921370530227264783e-01 1.376088192791667967e-03
7.464882943143813065e+01 5.965710134000539767e-03 2.619421180473502808e+00 9.592270539673015961e-02 9.961529327607008266e-01 1.291641661766844505e-03
7.494983277591973092e+01 5.947597592558177652e-03 2.629981560067951474e+00 9.542734887618527229e-02 1.000168812498675175e+00 1.196687614243122175e-03
7.525083612040134540e+01 5.927478077689461548e-03 2.640541939662399695e+00 9.492226668738257267e-02 1.004184692236649523e+00 1.095105632741938785e-03
7.555183946488294566e+01 5.905491508635613354e-03 2.651102319256848361e+00 9.439548389899629632e-02 1.008200571974623649e+00 9.946228680999880719e-04
7.585284280936456014e+01 5.881869574546343300e-03 2.661662698851297026e+00 9.383398254901356705e-02 1.012216451712597998e+00 9.051088663848725442e-04
7.615384615384616041e+01 5.856925784130386295e-03 2.672223078445745692e+00 9.322764557675036756e-02 1.016232331450572346e+00 8.362797073205567198e-04
7.645484949832776067e+01 5.831039133944011799e-03 2.682783458040193914e+00 9.257288600907169485e-02 1.020248211188546694e+00 7.952898975767848377e-04
7.675585284280937515e+01 5.804632019980323493e-03 2.693343837634642579e+00 9.187489791292803576e-02 1.024264090926520820e+00 7.846391514280832416e-04
7.705685618729097541e+01 5.778144019533006971e-03 2.703904217229091245e+00 9.114784823149538195e-02 1.028279970664495169e+00 8.008258153928250007e-04
7.735785953177257568e+01 5.752004147127513095e-03 2.714464596823539910e+00 9.041295708763598393e-02 1.032295850402469517e+00 8.342264112804730894e-04
7.765886287625419016e+01 5.726604891971688073e-03 2.725024976417988576e+00 8.969506349293600300e-02 1.036311730140443643e+00 8.705821479065019948e-04
7.795986622073579042e+01 5.702281539404319838e-03 2.735585356012436797e+00 8.901870367167788456e-02 1.040327609878417991e+00 8.940633873360370049e-04
7.826086956521739069e+01 5.679299808361524052e-03 2.746145735606885463e+00 8.840478239635614355e-02 1.044343489616392340e+00 8.912352418154784357e-04
7.856187290969900516e+01 5.657853679376972228e-03 2.756706115201334129e+00 8.786858458004584427e-02 1.048359369354366688e+00 8.546920515792874942e-04
7.886287625418060543e+01 5.638073586215819333e-03 2.767266494795782794e+00 8.741930038485297427e-02 1.052375249092340814e+00 7.850442220709017479e-04
7.916387959866221991e+01 5.620043196718951806e-03 2.777826874390231016e+00 8.706066146385794957e-02 1.056391128830315163e+00 6.904772531174264288e-04
7.946488294314382017e+01 5.603821215188107066e-03 2.788387253984679681e+00 8.679193746512106622e-02 1.060407008568289511e+00 5.840445661143654895e-04
7.976588628762542044e+01 5.589463417063777854e-03 2.798947633579128347e+00 8.660853864986109429e-02 1.064422888306263637e+00 4.797355620632863353e-04
8.006688963210703491e+01 5.577039810707397696e-03 2.809508013173577012e+00 8.650177093410756080e-02 1.068438768044237985e+00 3.887460831097333774e-04
8.036789297658863518e+01 5.566642570630154357e-03 2.820068392768025678e+00 8.645772020377394396e-02 1.072454647782212334e+00 3.171332906529331867e-04
8.066889632107023544e+01 5.558382130678165070e-03 2.830628772362473899e+00 8.645558812773035395e-02 1.076470527520186682e+00 2.653681169437562578e-04
8.096989966555184992e+01 5.552371258493645281e-03 2.841189151956922565e+00 8.646591386282560798e-02 1.080486407258160808e+00 2.295772333937479734e-04
8.127090301003345019e+01 5.548699566303434520e-03 2.851749531551371231e+00 8.644898708360504447e-02 1.084502286996135156e+00 2.037841235107862466e-04
8.157190635451505045e+01 5.547403180876341912e-03 2.862309911145819896e+00 8.635352097886361822e-02 1.088518166734109505e+00 1.823076003824080564e-04
8.187290969899666493e+01 5.548435680690288856e-03 2.872870290740268118e+00 8.611551249301671596e-02 1.092534046472083631e+00 1.615973871678308947e-04
8.217391304347826519e+01 5.551646569464314604e-03 2.883430670334716783e+00 8.565733413154866249e-02 1.096549926210057979e+00 1.410746354703554934e-04
8.247491638795986546e+01 5.556772414203753514e-03 2.893991049929165449e+00 8.488750137706715937e-02 1.100565805948032327e+00 1.228969383266802413e-04
8.277591973244147994e+01 5.563443545342593513e-03 2.904551429523614114e+00 8.370208717785829200e-02 1.104581685686006676e+00 1.108791490277839082e-04
8.307692307692308020e+01 5.571206356114023241e-03 2.915111809118062336e+00 8.198911664726028781e-02 1.108597565423980802e+00 1.089854886729101622e-04
8.337792642140469468e+01 5.579558349664569088e-03 2.925672188712511002e+00 7.963715401534517124e-02 1.112613445161955150e+00 1.198387261354025122e-04
8.367892976588629494e+01 5.587990768807910708e-03 2.936232568306959667e+00 7.654850033972558643e-02 1.116629324899929498e+00 1.436184125299500936e-04
8.397993311036789521e+01 5.596032369139680544e-03 2.946792947901408333e+00 7.265602038509552663e-02 1.120645204637903625e+00 1.776125171404355154e-04
8.428093645484950969e+01 5.603287883671191107e-03 2.957353327495856998e+00 6.794097503409252115e-02 1.124661084375877973e+00 2.165628730600930023e-04
8.458193979933110995e+01 5.609465914899137463e-03 2.967913707090305220e+00 6.244793305016935886e-02 1.128676964113852321e+00 2.537674795600159501e-04
8.488294314381271022e+01 5.614393063083235325e-03 2.978474086684753885e+00 5.629247131302424906e-02 1.132692843851826447e+00 2.826616150799945017e-04
8.518394648829432469e+01 5.618013577372025016e-03 2.989034466279202551e+00 4.965830811953145935e-02 1.136708723589800796e+00 2.983831865422609600e-04
8.548494983277592496e+01 5.620376176446810132e-03 2.999594845873651217e+00 4.278267704263527538e-02 1.140724603327775144e+00 2.987862572602338358e-04
8.578595317725752523e+01 5.621611483458736035e-03 3.010155225468099438e+00 3.593158945682408539e-02 1.144740483065749492e+00 2.845816431384619251e-04
8.608695652173913970e+01 5.621904481294826526e-03 3.020715605062548104e+00 2.936928551312355598e-02 1.148756362803723619e+00 2.586659089019680024e-04
8.638795986622073997e+01 5.621466452845034351e-03 3.031275984656996769e+00 2.332776613157133694e-02 1.152772242541697967e+00 2.250307558673059801e-04
8.668896321070235444e+01 5.620510156016645352e-03 3.041836364251445435e+00 1.798229735271088259e-02 1.156788122279672315e+00 1.877341281950223892e-04
8.698996655518395471e+01 5.619230760939055054e-03 3.052396743845894100e+00 1.343719429864544644e-02 1.160804002017646441e+00 1.502441147843030546e-04
8.729096989966555498e+01 5.617793669875465259e-03 3.062957123440342322e+00 9.723570650382847361e-03 1.164819881755620790e+00 1.151901196703997290e-04
8.759197324414716945e+01 5.616329048092314619e-03 3.073517503034790987e+00 6.807934508987776266e-03 1.168835761493595138e+00 8.436440381860169319e-05
8.789297658862876972e+01 5.614931931964779743e-03 3.084077882629239653e+00 4.608351271054652795e-03 1.172851641231569486e+00 5.879766579254298446e-05
8.819397993311036998e+01 5.613666251453619874e-03 3.094638262223688319e+00 3.013892517948954779e-03 1.176867520969543612e+00 3.883015362728880701e-05
8.849498327759198446e+01 5.612570999525894229e-03 3.105198641818136540e+00 1.903315078848524756e-03 1.180883400707517961e+00 2.419769796663663085e-05
8.879598662207358473e+01 5.611667008928559151e-03 3.115759021412585206e+00 1.160046473046155930e-03 1.184899280445492309e+00 1.417556360550635489e-05
8.909698996655518499e+01 5.610963220372659419e-03 3.126319401007033871e+00 6.820726815233781352e-04 1.188915160183466435e+00 7.781757003231247368e-06
8.939799331103679947e+01 5.610461804480006663e-03 3.136879780601482537e+00 3.867311538827341048e-04 1.192931039921440783e+00 3.992559230892656919e-06
8.969899665551839973e+01 5.610161917763216780e-03 3.147440160195930758e+00 2.113800953120044358e-04 1.196946919659415132e+00 1.910563552857343771e-06
9.000000000000000000e+01 5.610062158616517351e-03 3.158000539790379424e+00 1.113438652448100390e-04 1.200962799397389258e+00 8.513494089569354523e-07
