0.000000000000000000e+00 1.253921451330710686e-214 7.006534258107754987e-01 1.493467406861744115e-06 6.242488368763823292e-01 2.515562357220107263e-06
3.010033444816053727e-01 4.376910275766658837e-211 7.078094354822569434e-01 4.401506872093176655e-06 6.283210386190272168e-01 9.856037323787933898e-06
6.020066889632107454e-01 2.813978095282905598e-207 7.149654451537384992e-01 1.141872617893673408e-05 6.323932403616722153e-01 3.143026290095259030e-05
9.030100334448161181e-01 1.666095173112500830e-203 7.221214548252199439e-01 2.607985774612302539e-05 6.364654421043171029e-01 8.197207145558345516e-05
1.204013377926421491e+00 9.084586660217772533e-200 7.292774644967013886e-01 5.244475647543423601e-05 6.405376438469619904e-01 1.756494921217383509e-04
1.505016722408026864e+00 4.561808838089540814e-196 7.364334741681829444e-01 9.285857620897359902e-05 6.446098455896069890e-01 3.103341803152290029e-04
1.806020066889632236e+00 2.109579159942784894e-192 7.435894838396643891e-01 1.447618287427317261e-04 6.486820473322518765e-01 4.528598360258787427e-04
2.107023411371237387e+00 8.984247628939255767e-189 7.507454935111458338e-01 1.986839858958545739e-04 6.527542490748967641e-01 5.455388726329029291e-04
2.408026755852842982e+00 3.523668734259002345e-185 7.579015031826273896e-01 2.400436595739002224e-04 6.568264508175416516e-01 5.410962278642092969e-04
2.709030100334448576e+00 1.272729923179685329e-181 7.650575128541088343e-01 2.552451415164200287e-04 6.608986525601866502e-01 4.400701722929677953e-04
3.010033444816053727e+00 4.233559162981019185e-178 7.722135225255903901e-01 2.388187482082680907e-04 6.649708543028315377e-01 2.920728831367102912e-04
3.311036789297658878e+00 1.296891387389932185e-174 7.793695321970718348e-01 1.965680167569470592e-04 6.690430560454764253e-01 1.574469947608978101e-04
3.612040133779264472e+00 3.658731988398261934e-171 7.865255418685532796e-01 1.422886602445548468e-04 6.731152577881214238e-01 6.864936481847589745e-05
3.913043478260870067e+00 9.505764682774231219e-168 7.936815515400348353e-01 9.055522821528476688e-05 6.771874595307663114e-01 2.412707322077326362e-05
4.214046822742474774e+00 2.274434697481977069e-164 8.008375612115162800e-01 5.065381017023588904e-05 6.812596612734111989e-01 6.816684314999793595e-06
4.515050167224080369e+00 5.011760963868089528e-161 8.079935708829977248e-01 2.489633309107574830e-05 6.853318630160561975e-01 1.545131245525287888e-06
4.816053511705685963e+00 1.017040473193297660e-157 8.151495805544792805e-01 1.074867745839940935e-05 6.894040647587010850e-01 2.805683631353818795e-07
5.117056856187291558e+00 1.900718116583012438e-154 8.223055902259607253e-01 4.075183905836878634e-06 6.934762665013459726e-01 4.076907386790725310e-08
5.418060200668897153e+00 3.271368010925398716e-151 8.294615998974421700e-01 1.356420025151466382e-06 6.975484682439909712e-01 4.737109368939387652e-09
5.719063545150501859e+00 5.185300866362452538e-148 8.366176095689237258e-01 3.962665032710914202e-07 7.016206699866358587e-01 4.399012374299164323e-10
6.020066889632107454e+00 7.569236756173605840e-145 8.437736192404051705e-01 1.015990870787978009e-07 7.056928717292807463e-01 3.263596797629929351e-11
6.321070234113713049e+00 1.017570568268583374e-141 8.509296289118866152e-01 2.296889320247728130e-08 7.097650734719256338e-01 1.938779356864678576e-12
6.622073578595317755e+00 1.259830442340164245e-138 8.580856385833681710e-01 5.299749175348746967e-09 7.138372752145706324e-01 2.134782788620563523e-13
6.923076923076923350e+00 1.436466888658111457e-135 8.652416482548496157e-01 5.255368023213940052e-09 7.179094769572155199e-01 2.402779889747343017e-12
7.224080267558528945e+00 1.508398188113026044e-132 8.723976579263310605e-01 2.233665323235458607e-08 7.219816786998604075e-01 3.767446883202768250e-11
7.525083612040134540e+00 1.458727612762547902e-129 8.795536675978126162e-01 9.714914872955348710e-08 7.260538804425054060e-01 4.722084665029653072e-10
7.826086956521740134e+00 1.299185740495483894e-126 8.867096772692940609e-01 3.744086182894056860e-07 7.301260821851502936e-01 4.724459670398540187e-09
8.127090301003345729e+00 1.065634348962770664e-123 8.938656869407755057e-01 1.274259753279715512e-06 7.341982839277951811e-01 3.773123949427402163e-08
8.428093645484949548e+00 8.049821581562142763e-121 9.010216966122570614e-01 3.835892133558880949e-06 7.382704856704400687e-01 2.405362555000459824e-07
8.729096989966555142e+00 5.600239544403918086e-118 9.081777062837385062e-01 1.023491291237591690e-05 7.423426874130850672e-01 1.224025785771014591e-06
9.030100334448160737e+00 3.588149778875505568e-115 9.153337159552199509e-01 2.426705692883943311e-05 7.464148891557299548e-01 4.972000175781661802e-06
9.331103678929766332e+00 2.117285972022550852e-112 9.224897256267015067e-01 5.128690817691491352e-05 7.504870908983749533e-01 1.612138134374441079e-05
9.632107023411371927e+00 1.150628027464490771e-109 9.296457352981829514e-01 9.698417944265637716e-05 7.545592926410198409e-01 4.172572719955622560e-05
9.933110367892977521e+00 5.758885121252412173e-107 9.368017449696643961e-01 1.648839783897382044e-04 7.586314943836647284e-01 8.620572822950956415e-05
1.023411371237458312e+01 2.654554124942526745e-104 9.439577546411459519e-01 2.536011915566858239e-04 7.627036961263096160e-01 1.421670274586898995e-04
1.053511705685618871e+01 1.126928143880478676e-101 9.511137643126273966e-01 3.558613606653337124e-04 7.667758978689546145e-01 1.871510156529233588e-04
1.083612040133779431e+01 4.406098619825390926e-99 9.582697739841088413e-01 4.608986530171506118e-04 7.708480996115995021e-01 1.966600028808183638e-04
1.113712374581939812e+01 1.586600341146267302e-96 9.654257836555903971e-01 5.597497678218890877e-04 7.749203013542443896e-01 1.649568834870370122e-04
1.143812709030100372e+01 5.261848380949078905e-94 9.725817933270718418e-01 6.506664969130463490e-04 7.789925030968893882e-01 1.104473833295581674e-04
1.173913043478260931e+01 1.607195906303901286e-91 9.797378029985532866e-01 7.414958276516719167e-04 7.830647048395342757e-01 5.902989180552314642e-05
1.204013377926421491e+01 4.521279831481370588e-89 9.868938126700348423e-01 8.477828312872338684e-04 7.871369065821791633e-01 2.518521766320958993e-05
1.234113712374582050e+01 1.171435991928017371e-86 9.940498223415162871e-01 9.876135806163317387e-04 7.912091083248240508e-01 8.591015370847155823e-06
1.264214046822742610e+01 2.795393956878330972e-84 1.001205832012997732e+00 1.175255669184978530e-03 7.952813100674690494e-01 2.436846389283326741e-06
1.294314381270903169e+01 6.143807479130566562e-82 1.008361841684479288e+00 1.416173424233445853e-03 7.993535118101139370e-01 1.106415948299596132e-06
1.324414715719063551e+01 1.243670393235562629e-79 1.015517851355960843e+00 1.706586078156979323e-03 8.034257135527589355e-01 2.827432123842620732e-06
1.354515050167224111e+01 2.318725263270105581e-77 1.022673861027442177e+00 2.039286851054234427e-03 8.074979152954038231e-01 1.006071072675251956e-05
1.384615384615384670e+01 3.981740549723010973e-75 1.029829870698923733e+00 2.412546514709607189e-03 8.115701170380487106e-01 2.976170271658904547e-05
1.414715719063545230e+01 6.297669249045537790e-73 1.036985880370405066e+00 2.834801523047315169e-03 8.156423187806935982e-01 7.168270363547365358e-05
1.444816053511705789e+01 9.174316691448859568e-71 1.044141890041886622e+00 3.320451258042222877e-03 8.197145205233384857e-01 1.419797515006953627e-04
1.474916387959866348e+01 1.231001479167528452e-68 1.051297899713368178e+00 3.879973151470109127e-03 8.237867222659834843e-01 2.350094700026010466e-04
1.505016722408026908e+01 1.521383111495617527e-66 1.058453909384849734e+00 4.512175165668068019e-03 8.278589240086283718e-01 3.320494570586948247e-04
1.535117056856187467e+01 1.731881653532348592e-64 1.065609919056331067e+00 5.203476141052584825e-03 8.319311257512733704e-01 4.098408454250041118e-04
1.565217391304348027e+01 1.815942598629598620e-62 1.072765928727812623e+00 5.933881910451041172e-03 8.360033274939182579e-01 4.498326247087622580e-04
1.595317725752508409e+01 1.753861279573290036e-60 1.079921938399293957e+00 6.688029302255395041e-03 8.400755292365631455e-01 4.411325492480634844e-04
1.625418060200669146e+01 1.560280865680581275e-58 1.087077948070775513e+00 7.470955033869923836e-03 8.441477309792080330e-01 3.826517183036140372e-04
1.655518394648829528e+01 1.278586810031962146e-56 1.094233957742257068e+00 8.326680944694844419e-03 8.482199327218530316e-01 2.880287089109958383e-04
1.685618729096989910e+01 9.651244437263905445e-55 1.101389967413738624e+00 9.352393837224663373e-03 8.522921344644979191e-01 1.842785145974810686e-04
1.715719063545150647e+01 6.710704710792010070e-53 1.108545977085219958e+00 1.069760361315742238e-02 8.563643362071428067e-01 9.845296615397042478e-05
1.745819397993311028e+01 4.298243659019831304e-51 1.115701986756701514e+00 1.254280341426135606e-02 8.604365379497878052e-01 4.333843386519580892e-05
1.775919732441471766e+01 2.536055245750913534e-49 1.122857996428183069e+00 1.506570509523964124e-02 8.645087396924326928e-01 1.560171906423536565e-05
1.806020066889632147e+01 1.378409268108278484e-47 1.130014006099664403e+00 1.841470247966961460e-02 8.685809414350775803e-01 4.788748359532136775e-06
1.836120401337792885e+01 6.901711705059664723e-46 1.137170015771145959e+00 2.270540711235579170e-02 8.726531431777224679e-01 2.378725312657287939e-06
1.866220735785953266e+01 3.183481348761805834e-44 1.144326025442627515e+00 2.803637235657841995e-02 8.767253449203674665e-01 5.490319344312590363e-06
1.896321070234114003e+01 1.352766201035546755e-42 1.151482035114108848e+00 3.450305276179272546e-02 8.807975466630123540e-01 1.699714989411242182e-05
1.926421404682274385e+01 5.295738857319645920e-41 1.158638044785590404e+00 4.219391768480708349e-02 8.848697484056573526e-01 4.344225247210722115e-05
1.956521739130434767e+01 1.909952597721207610e-39 1.165794054457071960e+00 5.117435340032049085e-02 8.889419501483022401e-01 8.877326393106137160e-05
1.986622073578595504e+01 6.346291952410758537e-38 1.172950064128553294e+00 6.147709843646366468e-02 8.930141518909471277e-01 1.448159508868458679e-04
2.016722408026755886e+01 1.942802084263786337e-36 1.180106073800034849e+00 7.310887434854461409e-02 8.970863536335920152e-01 1.885765042210668955e-04
2.046822742474916623e+01 5.479717476730166029e-35 1.187262083471516405e+00 8.606571602969689816e-02 9.011585553762369027e-01 1.960347863001248784e-04
2.076923076923077005e+01 1.424030638442313702e-33 1.194418093142997739e+00 1.003446992051541531e-01 9.052307571188819013e-01 1.628192174025898820e-04
2.107023411371237742e+01 3.409753324913671838e-32 1.201574102814479295e+00 1.159506158067355464e-01 9.093029588615268999e-01 1.088415485820582623e-04
2.137123745819398124e+01 7.522815461179069710e-31 1.208730112485960628e+00 1.329116957326322568e-01 9.133751606041717874e-01 6.239795707491510763e-05
2.167224080267558861e+01 1.529338065282505905e-29 1.215886122157442184e+00 1.513233837130833481e-01 9.174473623468166750e-01 4.514796791040742903e-05
2.197324414715719243e+01 2.864867500159078541e-28 1.223042131828923740e+00 1.714191075914719142e-01 9.215195640894615625e-01 7.377149772441843833e-05
2.227424749163879625e+01 4.945342237955279604e-27 1.230198141500405296e+00 1.936277077839739791e-01 9.255917658321064501e-01 1.664823684791369017e-04
2.257525083612040362e+01 7.866694403713694137e-26 1.237354151171886851e+00 2.185583996307664811e-01 9.296639675747514486e-01 3.317884845419635342e-04
2.287625418060200744e+01 1.153204245022364506e-24 1.244510160843368185e+00 2.468898454752012639e-01 9.337361693173963362e-01 5.403303879297274024e-04
2.317725752508361481e+01 1.557947137030143541e-23 1.251666170514849519e+00 2.792033493916973863e-01 9.378083710600413347e-01 7.169429074597342359e-04
2.347826086956521863e+01 1.939755021209215265e-22 1.258822180186331074e+00 3.158309254182881665e-01 9.418805728026862223e-01 7.871939914192713824e-04
2.377926421404682600e+01 2.225894532633495693e-21 1.265978189857812630e+00 3.567760225021760490e-01 9.459527745453311098e-01 7.499573810794566081e-04
2.408026755852842982e+01 2.354194968345130740e-20 1.273134199529294186e+00 4.017441797562964489e-01 9.500249762879759974e-01 6.978223311970344934e-04
2.438127090301003363e+01 2.294974614458904589e-19 1.280290209200775742e+00 4.502911779909335444e-01 9.540971780306208849e-01 7.494897729650681385e-04
2.468227424749164101e+01 2.062193366744787921e-18 1.287446218872257075e+00 5.020237614560065786e-01 9.581693797732658835e-01 9.491850098904741411e-04
2.498327759197324482e+01 1.708112386603954666e-17 1.294602228543738631e+00 5.567161153841350130e-01 9.622415815159108821e-01 1.222687451259070121e-03
2.528428093645485220e+01 1.304246939473030365e-16 1.301758238215219965e+00 6.142430266440749298e-01 9.663137832585557696e-01 1.429523744263492884e-03
2.558528428093645601e+01 9.180826289603356012e-16 1.308914247886701521e+00 6.743796995267185013e-01 9.703859850012006572e-01 1.468668020403341573e-03
2.588628762541806339e+01 5.958078576842740651e-15 1.316070257558183076e+00 7.366248545319822316e-01 9.744581867438455447e-01 1.349491030150382163e-03
2.618729096989966720e+01 3.564997241293951830e-14 1.323226267229664632e+00 8.001574665193859071e-01 9.785303884864904322e-01 1.170948140708395020e-03
2.648829431438127102e+01 1.966840569085858607e-13 1.330382276901145966e+00 8.639165174086498311e-01 9.826025902291354308e-01 1.037018514028880452e-03
2.678929765886287839e+01 1.000616333429342159e-12 1.337538286572627522e+00 9.267382622305506690e-01 9.866747919717803184e-01 9.937979304715780816e-04
2.709030100334448221e+01 4.694503655466780048e-12 1.344694296244108855e+00 9.875211451378828054e-01 9.907469937144253169e-01 1.041638324151220084e-03
2.739130434782608958e+01 2.031305586750973044e-11 1.351850305915590411e+00 1.045436368590698883e+00 9.948191954570702045e-01 1.194359744965245180e-03
2.769230769230769340e+01 8.107183577619386234e-11 1.359006315587071967e+00 1.100193705242629605e+00 9.988913971997150920e-01 1.517019588508786935e-03
2.799331103678930077e+01 2.984881413209874377e-10 1.366162325258553523e+00 1.152297673376040166e+00 1.002963598942359980e+00 2.095000614866403960e-03
2.829431438127090459e+01 1.013933284135168903e-09 1.373318334930034856e+00 1.203139654157166616e+00 1.007035800685004867e+00 2.944004055714966126e-03
2.859531772575251196e+01 3.178283298520840309e-09 1.380474344601516412e+00 1.254756964830409771e+00 1.011108002427649755e+00 3.944118367887336843e-03
2.889632107023411578e+01 9.195378231651821696e-09 1.387630354272997746e+00 1.309205023228880549e+00 1.015180204170294864e+00 4.898209412327621422e-03
2.919732441471571960e+01 2.456159044541128949e-08 1.394786363944479302e+00 1.367696808685394672e+00 1.019252405912939752e+00 5.694549376116633636e-03
2.949832775919732697e+01 6.059009298854624359e-08 1.401942373615960857e+00 1.429867987188552902e+00 1.023324607655584639e+00 6.398777130951205198e-03
2.979933110367893079e+01 1.381016201110312751e-07 1.409098383287442413e+00 1.493601688170692610e+00 1.027396809398229527e+00 7.145710288400409886e-03
3.010033444816053816e+01 2.910094584154008946e-07 1.416254392958923747e+00 1.555653904571765000e+00 1.031469011140874414e+00 7.955076621443211288e-03
3.040133779264214198e+01 5.673904393048282101e-07 1.423410402630405303e+00 1.612847943614001744e+00 1.035541212883519524e+00 8.719042635043109876e-03
3.070234113712374935e+01 1.024764278743847320e-06 1.430566412301886636e+00 1.663166969232371839e+00 1.039613414626164190e+00 9.385654954182419060e-03
3.100334448160535317e+01 1.717344166360899320e-06 1.437722421973368192e+00 1.706129282138953096e+00 1.043685616368809299e+00 1.009625965242321767e-02
3.130434782608696054e+01 2.677064531822402860e-06 1.444878431644849748e+00 1.742428563624372817e+00 1.047757818111454187e+00 1.111395416386715997e-02
3.160535117056856436e+01 3.896425294427167331e-06 1.452034441316331304e+00 1.773377746681505274e+00 1.051830019854099074e+00 1.264658430337510173e-02
3.190635451505016817e+01 5.326064583818373253e-06 1.459190450987812637e+00 1.800620585503497573e+00 1.055902221596743962e+00 1.472682909883062975e-02
3.220735785953177555e+01 6.898643362773155440e-06 1.466346460659294193e+00 1.826016915439896193e+00 1.059974423339388849e+00 1.719075903338883327e-02
3.250836120401338292e+01 8.580609995109780128e-06 1.473502470330775527e+00 1.851277648124408426e+00 1.064046625082033959e+00 1.976327206346912418e-02
3.280936454849498318e+01 1.043776496658686552e-05 1.480658480002257082e+00 1.877219402748054877e+00 1.068118826824678624e+00 2.225548302551010049e-02
3.311036789297659055e+01 1.268735595388091390e-05 1.487814489673738638e+00 1.903084608609470596e+00 1.072191028567323734e+00 2.471516080969107451e-02
3.341137123745819792e+01 1.570732871144229944e-05 1.494970499345220194e+00 1.926601272139039978e+00 1.076263230309968622e+00 2.730700584447120008e-02
3.371237458193979819e+01 1.998637406486431721e-05 1.502126509016701528e+00 1.945041138182615148e+00 1.080335432052613509e+00 3.004616084438995263e-02
3.401337792642140556e+01 2.602365079125515626e-05 1.509282518688183083e+00 1.956731494316116926e+00 1.084407633795258397e+00 3.277926160755683521e-02
3.431438127090301293e+01 3.421526548429834001e-05 1.516438528359664417e+00 1.961946516843752875e+00 1.088479835537903284e+00 3.544917013162464381e-02
3.461538461538462030e+01 4.478218719158385413e-05 1.523594538031145973e+00 1.962448660516305399e+00 1.092552037280548394e+00 3.827738431415712156e-02
3.491638795986622057e+01 5.778800441977491965e-05 1.530750547702627529e+00 1.960043279066946420e+00 1.096624239023193281e+00 4.170713500742378316e-02
3.521739130434782794e+01 7.326053008750543869e-05 1.537906557374109084e+00 1.955376971321918234e+00 1.100696440765838169e+00 4.623105370526568031e-02
3.551839464882943531e+01 9.138146918800777959e-05 1.545062567045590640e+00 1.947954221330224778e+00 1.104768642508483056e+00 5.215401284703587853e-02
3.581939799331104268e+01 1.126698433590032943e-04 1.552218576717071974e+00 1.937192542115950822e+00 1.108840844251127944e+00 5.939371115856721672e-02
3.612040133779264295e+01 1.380809585984022142e-04 1.559374586388553308e+00 1.923430625031301133e+00 1.112913045993772831e+00 6.756092711699628051e-02
3.642140468227425032e+01 1.689756733243035945e-04 1.566530596060034863e+00 1.907964982942730758e+00 1.116985247736417719e+00 7.625262909487492968e-02
3.672240802675585769e+01 2.069655398634178670e-04 1.573686605731516419e+00 1.892132905649334340e+00 1.121057449479062829e+00 8.517197885482280517e-02
3.702341137123745796e+01 2.536849469994825268e-04 1.580842615402997975e+00 1.876253481829514014e+00 1.125129651221707494e+00 9.405280954409124539e-02
3.732441471571906533e+01 3.105691433389079232e-04 1.587998625074479531e+00 1.859263416513166955e+00 1.129201852964352604e+00 1.028166548686169496e-01
3.762541806020067270e+01 3.787224178219365648e-04 1.595154634745960864e+00 1.839273768020356137e+00 1.133274054706997491e+00 1.120329179456265867e-01
3.792642140468228007e+01 4.589374487746390057e-04 1.602310644417442198e+00 1.814620900456103580e+00 1.137346256449642379e+00 1.231012879828684292e-01
3.822742474916388034e+01 5.518698874095546644e-04 1.609466654088923754e+00 1.784757595582500134e+00 1.141418458192287488e+00 1.377278354182460418e-01
3.852842809364548771e+01 6.582942748003133872e-04 1.616622663760405310e+00 1.750554602105282243e+00 1.145490659934932154e+00 1.570329185056523746e-01
3.882943143812709508e+01 7.793065229881333865e-04 1.623778673431886865e+00 1.713978473942172398e+00 1.149562861677577263e+00 1.809379017819308377e-01
3.913043478260869534e+01 9.163399439030835798e-04 1.630934683103368421e+00 1.677398131454493679e+00 1.153635063420222151e+00 2.081291901010160206e-01
3.943143812709030271e+01 1.070944770964494175e-03 1.638090692774849755e+00 1.642844461120353206e+00 1.157707265162867039e+00 2.365274813398853815e-01
3.973244147157191009e+01 1.244414287339892875e-03 1.645246702446331089e+00 1.611476140877801777e+00 1.161779466905511926e+00 2.640434879456945438e-01
4.003344481605351746e+01 1.437453005365916473e-03 1.652402712117812644e+00 1.583414585638480254e+00 1.165851668648156814e+00 2.893431728985351170e-01
4.033444816053511772e+01 1.650101025666156004e-03 1.659558721789294200e+00 1.558005148521388827e+00 1.169923870390801923e+00 3.123558572466934580e-01
4.063545150501672509e+01 1.882022940015005410e-03 1.666714731460775756e+00 1.534352736616696022e+00 1.173996072133446589e+00 3.342644223774088319e-01
4.093645484949833246e+01 2.133074697249130389e-03 1.673870741132257312e+00 1.511759151018819525e+00 1.178068273876091698e+00 3.568545411014112378e-01
4.123745819397993273e+01 2.403871915306208130e-03 1.681026750803738645e+00 1.489758581425601580e+00 1.182140475618736586e+00 3.817125546680241732e-01
4.153846153846154010e+01 2.696014893041622472e-03 1.688182760475219979e+00 1.467867328138648286e+00 1.186212677361381473e+00 4.101130518419872084e-01
4.183946488294314747e+01 3.011758878047479573e-03 1.695338770146701535e+00 1.445486599433325914e+00 1.190284879104026361e+00 4.434715897372961679e-01
4.214046822742475484e+01 3.353229243787748774e-03 1.702494779818183090e+00 1.422182643413228975e+00 1.194357080846671249e+00 4.832950675994452383e-01
4.244147157190635511e+01 3.721610963274908385e-03 1.709650789489664646e+00 1.398037914212070243e+00 1.198429282589316358e+00 5.304767249340162083e-01
4.274247491638796248e+01 4.116854328528987521e-03 1.716806799161145980e+00 1.373586778556108445e+00 1.202501484331961024e+00 5.848877961239377088e-01
4.304347826086956985e+01 4.538178740312034248e-03 1.723962808832627536e+00 1.349273842472947571e+00 1.206573686074606133e+00 6.455028234886486249e-01
4.334448160535117722e+01 4.985111457025983434e-03 1.731118818504109091e+00 1.324917586196632469e+00 1.210645887817251021e+00 7.105840971110669591e-01
4.364548494983277749e+01 5.458318174781625134e-03 1.738274828175590425e+00 1.299709882833690378e+00 1.214718089559895908e+00 7.781106048481933879e-01
4.394648829431438486e+01 5.959471815295605372e-03 1.745430837847071981e+00 1.272794079858836414e+00 1.218790291302540796e+00 8.466369271865280544e-01
4.424749163879599223e+01 6.489993531157616478e-03 1.752586847518553537e+00 1.243957062048042017e+00 1.222862493045185683e+00 9.157111455554881596e-01
4.454849498327759250e+01 7.049345488039616796e-03 1.759742857190034870e+00 1.213913987774318581e+00 1.226934694787830793e+00 9.852713069402017076e-01
4.484949832775919987e+01 7.634024606889401252e-03 1.766898866861516426e+00 1.184034475509040840e+00 1.231006896530475458e+00 1.054981435761795039e+00
4.515050167224080724e+01 8.238065177696769770e-03 1.774054876532997982e+00 1.155752905215285065e+00 1.235079098273120568e+00 1.124547825389388800e+00
4.545150501672241461e+01 8.854890956346131436e-03 1.781210886204479316e+00 1.129998371448032612e+00 1.239151300015765456e+00 1.194442042485398314e+00
4.575250836120401488e+01 9.479490069097137872e-03 1.788366895875960871e+00 1.106823386416004418e+00 1.243223501758410343e+00 1.265790175587021116e+00
4.605351170568562225e+01 1.010979286141928252e-02 1.795522905547442427e+00 1.085280573492361622e+00 1.247295703501055453e+00 1.339580654796882708e+00
4.635451505016722962e+01 1.074683881393816848e-02 1.802678915218923761e+00 1.063606513298884559e+00 1.251367905243700118e+00 1.416492935330444070e+00
4.665551839464882988e+01 1.139417704908510590e-02 1.809834924890405317e+00 1.039757467173598737e+00 1.255440106986345228e+00 1.497368088707144551e+00
4.695652173913043725e+01 1.205723167875358617e-02 1.816990934561886872e+00 1.012161982439528707e+00 1.259512308728990115e+00 1.582812172156041752e+00
4.725752508361204463e+01 1.274292288802059657e-02 1.824146944233368206e+00 9.803512805638844307e-01 1.263584510471635003e+00 1.671976664329657858e+00
4.755852842809365200e+01 1.345917320369533106e-02 1.831302953904849762e+00 9.451482921343743460e-01 1.267656712214279890e+00 1.762711364846164752e+00
4.785953177257525226e+01 1.421370709740157889e-02 1.838458963576331318e+00 9.083579551854686907e-01 1.271728913956924778e+00 1.853561977700730168e+00
4.816053511705685963e+01 1.501199477446669636e-02 1.845614973247812873e+00 8.721751244250223190e-01 1.275801115699569888e+00 1.945194941981503334e+00
4.846153846153846700e+01 1.585493448510559220e-02 1.852770982919294207e+00 8.386113617353910810e-01 1.279873317442214553e+00 2.039739303458427244e+00
4.876254180602006727e+01 1.673732054407481989e-02 1.859926992590775763e+00 8.091347750585956566e-01 1.283945519184859663e+00 2.138909310644146355e+00
4.906354515050167464e+01 1.764797406695645110e-02 1.867083002262257319e+00 7.845366350975714331e-01 1.288017720927504550e+00 2.242040952620782512e+00
4.936454849498328201e+01 1.857174404657217087e-02 1.874239011933738652e+00 7.649099606725334732e-01 1.292089922670149438e+00 2.345354041171928916e+00
4.966555183946488938e+01 1.949281448958854746e-02 1.881395021605220208e+00 7.496365078955713468e-01 1.296162124412794325e+00 2.444057133381400959e+00
4.996655518394648965e+01 2.039823377237663313e-02 1.888551031276701764e+00 7.374196185777520673e-01 1.300234326155439213e+00 2.536345947048541216e+00
5.026755852842809702e+01 2.128047128913057931e-02 1.895707040948183097e+00 7.265119885999443694e-01 1.304306527898084322e+00 2.625420978571256114e+00
5.056856187290970439e+01 2.213810732413431376e-02 1.902863050619664653e+00 7.151915299630812184e-01 1.308378729640728988e+00 2.717076825578547350e+00
5.086956521739130466e+01 2.297440053463977588e-02 1.910019060291146209e+00 7.022851779533126892e-01 1.312450931383374098e+00 2.814686310456264717e+00
5.117056856187291203e+01 2.379428095571713836e-02 1.917175069962627543e+00 6.874154832555650074e-01 1.316523133126018985e+00 2.916218030129720251e+00
5.147157190635451940e+01 2.460098251117420753e-02 1.924331079634109098e+00 6.708321283953034841e-01 1.320595334868663873e+00 3.016611805463084384e+00
5.177257525083612677e+01 2.539372470101664003e-02 1.931487089305590654e+00 6.530132735163890478e-01 1.324667536611308760e+00 3.113374089651181453e+00
5.207357859531772704e+01 2.616742186280609367e-02 1.938643098977071988e+00 6.343441883587819241e-01 1.328739738353953648e+00 3.209121665530503709e+00
5.237458193979933441e+01 2.691449484508960308e-02 1.945799108648553544e+00 6.150179788943848092e-01 1.332811940096598757e+00 3.308086915031703157e+00
5.267558528428094178e+01 2.762789005351197827e-02 1.952955118320035099e+00 5.950909699937647623e-01 1.336884141839243423e+00 3.410912465355663059e+00
5.297658862876254204e+01 2.830382729042826839e-02 1.960111127991516433e+00 5.745861037986421671e-01 1.340956343581888532e+00 3.513696746073889710e+00
5.327759197324414941e+01 2.894288724163329371e-02 1.967267137662997989e+00 5.536172602444979773e-01 1.345028545324533420e+00 3.611296541471615384e+00
5.357859531772575679e+01 2.954880632098201912e-02 1.974423147334479545e+00 5.325122837965128308e-01 1.349100747067178308e+00 3.700321844539627758e+00
5.387959866220736416e+01 3.012545929908305720e-02 1.981579157005960878e+00 5.118214198133954618e-01 1.353172948809823417e+00 3.779642246906464109e+00
5.418060200668896442e+01 3.067346011232369857e-02 1.988735166677442434e+00 4.920981143163750127e-01 1.357245150552468083e+00 3.849737514919198134e+00
5.448160535117057179e+01 3.118808589077995755e-02 1.995891176348923990e+00 4.735321959638973399e-01 1.361317352295113192e+00 3.911814039644189389e+00
5.478260869565217916e+01 3.165961346061511167e-02 2.003047186020405324e+00 4.557172981661242739e-01 1.365389554037757858e+00 3.966656923123011325e+00
5.508361204013378654e+01 3.207595349762731168e-02 2.010203195691886879e+00 4.377855328969315618e-01 1.369461755780402967e+00 4.013965003620719507e+00
5.538461538461538680e+01 3.242640034873363331e-02 2.017359205363368435e+00 4.188559840133619927e-01 1.373533957523047855e+00 4.052847398923878686e+00
5.568561872909699417e+01 3.270503940812068827e-02 2.024515215034849547e+00 3.985052739560656088e-01 1.377606159265692742e+00 4.082737977733260415e+00
5.598662207357860154e+01 3.291289383010676667e-02 2.031671224706331103e+00 3.769914433725338188e-01 1.381678361008337852e+00 4.103559961233544939e+00
5.628762541806020181e+01 3.305860274899295043e-02 2.038827234377812658e+00 3.551647744142751861e-01 1.385750562750982517e+00 4.115471377021529875e+00
5.658862876254180918e+01 3.315763796127478569e-02 2.045983244049294214e+00 3.341611142465569784e-01 1.389822764493627627e+00 4.119579488708159154e+00
5.688963210702341655e+01 3.322983052095082601e-02 2.053139253720775770e+00 3.150087679264464424e-01 1.393894966236272515e+00 4.118844777253604761e+00
5.719063545150502392e+01 3.329502146785873890e-02 2.060295263392257326e+00 2.982676226767054239e-01 1.397967167978917402e+00 4.116356946373772807e+00
5.749163879598662419e+01 3.336751856348206535e-02 2.067451273063738881e+00 2.838234674842511907e-01 1.402039369721562290e+00 4.111678180544319439e+00
5.779264214046823156e+01 3.345130478749998304e-02 2.074607282735220437e+00 2.709421613114210148e-01 1.406111571464207177e+00 4.100127079269467956e+00
5.809364548494983893e+01 3.353841916332019057e-02 2.081763292406701993e+00 2.585981086988538569e-01 1.410183773206852287e+00 4.076762198142507287e+00
5.839464882943143920e+01 3.361179677869315097e-02 2.088919302078183104e+00 2.459580786705591882e-01 1.414255974949496952e+00 4.041110114877962012e+00
5.869565217391304657e+01 3.365158063214203354e-02 2.096075311749664660e+00 2.327968608329865352e-01 1.418328176692142062e+00 3.998312947814159468e+00
5.899665551839465394e+01 3.364201965787039228e-02 2.103231321421146216e+00 2.196098513497274640e-01 1.422400378434786949e+00 3.955576682252504028e+00
5.929765886287626131e+01 3.357588431878016227e-02 2.110387331092627328e+00 2.073174473394762407e-01 1.426472580177431837e+00 3.916197213546350753e+00
5.959866220735786158e+01 3.345493705649450061e-02 2.117543340764108883e+00 1.967060866498510363e-01 1.430544781920076725e+00 3.876124349289324922e+00
5.989966555183946895e+01 3.328720476188248845e-02 2.124699350435590439e+00 1.879601992615115014e-01 1.434616983662721612e+00 3.826731474978263048e+00
6.020066889632107632e+01 3.308317826633301595e-02 2.131855360107071995e+00 1.806006878272811977e-01 1.438689185405366722e+00 3.761717168023023472e+00
6.050167224080267658e+01 3.285296875062688332e-02 2.139011369778553551e+00 1.738423551683229706e-01 1.442761387148011387e+00 3.682011533543116055e+00
6.080267558528428395e+01 3.260528738606311566e-02 2.146167379450035106e+00 1.670669466005698656e-01 1.446833588890656497e+00 3.594639012067911921e+00
6.110367892976589133e+01 3.234779941757384009e-02 2.153323389121516662e+00 1.600619390010584175e-01 1.450905790633301384e+00 3.507055731860826420e+00
6.140468227424749870e+01 3.208768608964996522e-02 2.160479398792998218e+00 1.529184285692176404e-01 1.454977992375946272e+00 3.422229633128852200e+00
6.170568561872909896e+01 3.183138368855556455e-02 2.167635408464479774e+00 1.457674862043893960e-01 1.459050194118591159e+00 3.338391806451068700e+00
6.200668896321070633e+01 3.158325425756391969e-02 2.174791418135960885e+00 1.386114609559197242e-01 1.463122395861236047e+00 3.252081065435003637e+00
6.230769230769231370e+01 3.134387592544268103e-02 2.181947427807442441e+00 1.313520365007285196e-01 1.467194597603881157e+00 3.160407831040201732e+00
6.260869565217392108e+01 3.110914451313956733e-02 2.189103437478923997e+00 1.239210042063387945e-01 1.471266799346525822e+00 3.061750730766851003e+00
6.290969899665552134e+01 3.087110378036711511e-02 2.196259447150405109e+00 1.163700062181513284e-01 1.475339001089170932e+00 2.956357680742941696e+00
6.321070234113712871e+01 3.062050899408997814e-02 2.203415456821886664e+00 1.088711961420532892e-01 1.479411202831815819e+00 2.845914086078936034e+00
6.351170568561873608e+01 3.035015201765962553e-02 2.210571466493368220e+00 1.016726240236646567e-01 1.483483404574460707e+00 2.731437072877047179e+00
6.381270903010033635e+01 3.005753365210956859e-02 2.217727476164849776e+00 9.504472631564958585e-02 1.487555606317105816e+00 2.612622515723669547e+00
6.411371237458195083e+01 2.974575123793249398e-02 2.224883485836331332e+00 8.920875538044496789e-02 1.491627808059750482e+00 2.490241208852285837e+00
6.441471571906355109e+01 2.942221111102567496e-02 2.232039495507812887e+00 8.425136158009442766e-02 1.495700009802395591e+00 2.367823332472005937e+00
6.471571906354515136e+01 2.909558143913573702e-02 2.239195505179294443e+00 8.008203326631838093e-02 1.499772211545040479e+00 2.249719411411188918e+00
6.501672240802676583e+01 2.877204135582728597e-02 2.246351514850775999e+00 7.648380757618639114e-02 1.503844413287685366e+00 2.138358435281824566e+00
6.531772575250836610e+01 2.845225566675707238e-02 2.253507524522257555e+00 7.322473094526442405e-02 1.507916615030330254e+00 2.034131258171770096e+00
6.561872909698996637e+01 2.813044752716587979e-02 2.260663534193738666e+00 7.013733436711767910e-02 1.511988816772975142e+00 1.936487661275531069e+00
6.591973244147158084e+01 2.779626788720333114e-02 2.267819543865220222e+00 6.711775597631264301e-02 1.516061018515620251e+00 1.843597617582642512e+00
6.622073578595318111e+01 2.743896032983474120e-02 2.274975553536701778e+00 6.409376175131277498e-02 1.520133220258264917e+00 1.752107910474584695e+00
6.652173913043478137e+01 2.705213100721533953e-02 2.282131563208182889e+00 6.103779600549240347e-02 1.524205422000910026e+00 1.659637763127346233e+00
6.682274247491639585e+01 2.663697617780391019e-02 2.289287572879664445e+00 5.802097591647744496e-02 1.528277623743554914e+00 1.567834271334267893e+00
6.712374581939799612e+01 2.620247366506281428e-02 2.296443582551146001e+00 5.522149076727463080e-02 1.532349825486199801e+00 1.481439877560327245e+00
6.742474916387959638e+01 2.576252397527741336e-02 2.303599592222627557e+00 5.283206327557452009e-02 1.536422027228844689e+00 1.403425488406560451e+00
6.772575250836121086e+01 2.533151946411544078e-02 2.310755601894109112e+00 5.092886263803237529e-02 1.540494228971489576e+00 1.331210972667785430e+00
6.802675585284281112e+01 2.492047302921261698e-02 2.317911611565590668e+00 4.942489840794082878e-02 1.544566430714134686e+00 1.257993620991301631e+00
6.832775919732442560e+01 2.453528364913972609e-02 2.325067621237072224e+00 4.815524848124645707e-02 1.548638632456779352e+00 1.177967101515962511e+00
6.862876254180602587e+01 2.417732770054283054e-02 2.332223630908553780e+00 4.701366014521353442e-02 1.552710834199424461e+00 1.090490471785512616e+00
6.892976588628762613e+01 2.384524847869832695e-02 2.339379640580035336e+00 4.601793598886021186e-02 1.556783035942069349e+00 9.997694962849927869e-01
6.923076923076924061e+01 2.353640997577164523e-02 2.346535650251516891e+00 4.525397115102010315e-02 1.560855237684714236e+00 9.114172424460706967e-01
6.953177257525084087e+01 2.324716167003339565e-02 2.353691659922998003e+00 4.474819475305944622e-02 1.564927439427359124e+00 8.296339292633427842e-01
6.983277591973244114e+01 2.297223245875764513e-02 2.360847669594479559e+00 4.436364245816117741e-02 1.568999641170004011e+00 7.565035937933806132e-01
7.013377926421405562e+01 2.270433936714716730e-02 2.368003679265961114e+00 4.379629143441005068e-02 1.573071842912649121e+00 6.920770841373280469e-01
7.043478260869565588e+01 2.243493909490573007e-02 2.375159688937442226e+00 4.268916644854804654e-02 1.577144044655293786e+00 6.342492646577900794e-01
7.073578595317725615e+01 2.215616169066787766e-02 2.382315698608923782e+00 4.080571625478023740e-02 1.581216246397938896e+00 5.793370233676794490e-01
7.103678929765887062e+01 2.186305152901507620e-02 2.389471708280405338e+00 3.815400715040861285e-02 1.585288448140583784e+00 5.242634712936999897e-01
7.133779264214047089e+01 2.155497165314780583e-02 2.396627717951886893e+00 3.497970467520900711e-02 1.589360649883228671e+00 4.691545997234310983e-01
7.163879598662208537e+01 2.123555110413390123e-02 2.403783727623368449e+00 3.164041926400638222e-02 1.593432851625873781e+00 4.177521113408139697e-01
7.193979933110368563e+01 2.091141200243781806e-02 2.410939737294850005e+00 2.845541782726344893e-02 1.597505053368518446e+00 3.746224133268293843e-01
7.224080267558528590e+01 2.059043056439911062e-02 2.418095746966331561e+00 2.562196250326817873e-02 1.601577255111163556e+00 3.415037504823243419e-01
7.254180602006690037e+01 2.028015094870208243e-02 2.425251756637813116e+00 2.321803810719186636e-02 1.605649456853808221e+00 3.162437824216894344e-01
7.284280936454850064e+01 1.998648763873635964e-02 2.432407766309294672e+00 2.124607404991687293e-02 1.609721658596453331e+00 2.949691837134352790e-01
7.314381270903010090e+01 1.971261731511766632e-02 2.439563775980775784e+00 1.966532239118009770e-02 1.613793860339098218e+00 2.748901257954639021e-01
7.344481605351171538e+01 1.945824045322291224e-02 2.446719785652257340e+00 1.839963264964960751e-02 1.617866062081743106e+00 2.552300544070658095e-01
7.374581939799331565e+01 1.921981920735493440e-02 2.453875795323738895e+00 1.734333463454738530e-02 1.621938263824388216e+00 2.362790196321274683e-01
7.404682274247491591e+01 1.899231619675279328e-02 2.461031804995220007e+00 1.638704480924976087e-02 1.626010465567032881e+00 2.181766763368267192e-01
7.434782608695653039e+01 1.877210430357521137e-02 2.468187814666701563e+00 1.545647401323288657e-02 1.630082667309677991e+00 2.005024141332159837e-01
7.464882943143813065e+01 1.855959233070554257e-02 2.475343824338183119e+00 1.453557956210417383e-02 1.634154869052322878e+00 1.825647790558909966e-01
7.494983277591973092e+01 1.835968534041381231e-02 2.482499834009664674e+00 1.365330537469477967e-02 1.638227070794967766e+00 1.639756274437463579e-01
7.525083612040134540e+01 1.817913257517528997e-02 2.489655843681146230e+00 1.284232358490164719e-02 1.642299272537612653e+00 1.452309266051088898e-01
7.555183946488294566e+01 1.802178951262477236e-02 2.496811853352627786e+00 1.210176146730674272e-02 1.646371474280257541e+00 1.277397513128683826e-01
7.585284280936456014e+01 1.788454358176819539e-02 2.503967863024109342e+00 1.139274992751092980e-02 1.650443676022902428e+00 1.128896471195195289e-01
7.615384615384616041e+01 1.775671759067416408e-02 2.511123872695590897e+00 1.066733379432873753e-02 1.654515877765547538e+00 1.009302463585218385e-01
7.645484949832776067e+01 1.762381263721953320e-02 2.518279882367072453e+00 9.902586283269176892e-03 1.658588079508192425e+00 9.096409276946375300e-02
7.675585284280937515e+01 1.747367780636236573e-02 2.525435892038553565e+00 9.109994901634606984e-03 1.662660281250837313e+00 8.197739535312584258e-02
7.705685618729097541e+01 1.730157239118507856e-02 2.532591901710035120e+00 8.316860288101040125e-03 1.666732482993482201e+00 7.356583995186734282e-02
7.735785953177257568e+01 1.711132099060714770e-02 2.539747911381516676e+00 7.543229807636177807e-03 1.670804684736127088e+00 6.568824089203091632e-02
7.765886287625419016e+01 1.691228568034071691e-02 2.546903921052997788e+00 6.797394938909077228e-03 1.674876886478771976e+00 5.819231191686139587e-02
7.795986622073579042e+01 1.671433442693230978e-02 2.554059930724479344e+00 6.089302207182710654e-03 1.678949088221416863e+00 5.092444958544830452e-02
7.826086956521739069e+01 1.652374138358239306e-02 2.561215940395960899e+00 5.442236566711891425e-03 1.683021289964061973e+00 4.413196404822270630e-02
7.856187290969900516e+01 1.634180476384948857e-02 2.568371950067442455e+00 4.887001684526875479e-03 1.687093491706706860e+00 3.837659707261580760e-02
7.886287625418060543e+01 1.616604437548883888e-02 2.575527959738924011e+00 4.441721638654260590e-03 1.691165693449351748e+00 3.394236818522129023e-02
7.916387959866221991e+01 1.599253792237488245e-02 2.582683969410405567e+00 4.094834031439081694e-03 1.695237895191996635e+00 3.047108744214069992e-02
7.946488294314382017e+01 1.581789307201530645e-02 2.589839979081887122e+00 3.807490155712496896e-03 1.699310096934641523e+00 2.722940533064430180e-02
7.976588628762542044e+01 1.564015603292634796e-02 2.596995988753368678e+00 3.536562017817664050e-03 1.703382298677286411e+00 2.364171935604463329e-02
8.006688963210703491e+01 1.545880850757595272e-02 2.604151998424850234e+00 3.262074136522136267e-03 1.707454500419931520e+00 1.958394124935763231e-02
8.036789297658863518e+01 1.527435962125314912e-02 2.611308008096331346e+00 2.997121713136487956e-03 1.711526702162576408e+00 1.534862152751470532e-02
8.066889632107023544e+01 1.508793077609660478e-02 2.618464017767812901e+00 2.771099536164032401e-03 1.715598903905221295e+00 1.144075943743514540e-02
8.096989966555184992e+01 1.490101911960131295e-02 2.625620027439294457e+00 2.599452138622472368e-03 1.719671105647866183e+00 8.315090105542394944e-03
8.127090301003345019e+01 1.471553651818505865e-02 2.632776037110775569e+00 2.465288625168940428e-03 1.723743307390511070e+00 6.162328516986651308e-03
8.157190635451505045e+01 1.453415888351939668e-02 2.639932046782257125e+00 2.327988089096942083e-03 1.727815509133155958e+00 4.875913141742601112e-03
8.187290969899666493e+01 1.436079868028162197e-02 2.647088056453738680e+00 2.150633755542585845e-03 1.731887710875800845e+00 4.183507506602323830e-03
8.217391304347826519e+01 1.420070077338291686e-02 2.654244066125220236e+00 1.923746979842131961e-03 1.735959912618445955e+00 3.790097764552897205e-03
8.247491638795986546e+01 1.405960752272506463e-02 2.661400075796701792e+00 1.669234156490574965e-03 1.740032114361090843e+00 3.452379588835564287e-03
8.277591973244147994e+01 1.394190627587512353e-02 2.668556085468183348e+00 1.426391195795645916e-03 1.744104316103735730e+00 3.018550095362430245e-03
8.307692307692308020e+01 1.384846988432649612e-02 2.675712095139664903e+00 1.233303992650530831e-03 1.748176517846380618e+00 2.457517447566697887e-03
8.337792642140469468e+01 1.377543519342373270e-02 2.682868104811146459e+00 1.114820350804226470e-03 1.752248719589025505e+00 1.851943151121710407e-03
8.367892976588629494e+01 1.371491689719924779e-02 2.690024114482628015e+00 1.079330502268956117e-03 1.756320921331670393e+00 1.338753360046577440e-03
8.397993311036789521e+01 1.365765626618918940e-02 2.697180124154109127e+00 1.120271208822925689e-03 1.760393123074315502e+00 1.020811613202380740e-03
8.428093645484950969e+01 1.359647327233632318e-02 2.704336133825590682e+00 1.217753632908728486e-03 1.764465324816960390e+00 8.980152429043479489e-04
8.458193979933110995e+01 1.352887979363450940e-02 2.711492143497072238e+00 1.339238143750192929e-03 1.768537526559605277e+00 8.671920869266806168e-04
8.488294314381271022e+01 1.345765035573545654e-02 2.718648153168553794e+00 1.442390423933325068e-03 1.772609728302250165e+00 8.013842132127166167e-04
8.518394648829432469e+01 1.338922250055820176e-02 2.725804162840035350e+00 1.484267900887978418e-03 1.776681930044895052e+00 6.461021835523436414e-04
8.548494983277592496e+01 1.333082530238632879e-02 2.732960172511516461e+00 1.436566361991653031e-03 1.780754131787539940e+00 4.463644242313003006e-04
8.578595317725752523e+01 1.328765540004703954e-02 2.740116182182998017e+00 1.299527219397808271e-03 1.784826333530184828e+00 2.932862960413496617e-04
8.608695652173913970e+01 1.326114063526750639e-02 2.747272191854479573e+00 1.104087263643949678e-03 1.788898535272829937e+00 2.575032446432865495e-04
8.638795986622073997e+01 1.324867079000261946e-02 2.754428201525961128e+00 8.976703215114824113e-04 1.792970737015474825e+00 3.590511219922071229e-04
8.668896321070235444e+01 1.324455771018557236e-02 2.761584211197442684e+00 7.206580454818344418e-04 1.797042938758119712e+00 5.636434146526902869e-04
8.698996655518395471e+01 1.324166529553040712e-02 2.768740220868924240e+00 5.885035693547397730e-04 1.801115140500764600e+00 7.908971068971027557e-04
8.729096989966555498e+01 1.323313459556132131e-02 2.775896230540405352e+00 4.908986247999357760e-04 1.805187342243409487e+00 9.463323681556198462e-04
8.759197324414716945e+01 1.321379479603171023e-02 2.783052240211886907e+00 4.064854943020594028e-04 1.809259543986054375e+00 9.706123092021353956e-04
8.789297658862876972e+01 1.318106155237684131e-02 2.790208249883368463e+00 3.204204902834818618e-04 1.813331745728699262e+00 8.648977966045120602e-04
8.819397993311036998e+01 1.313529293146090474e-02 2.797364259554850019e+00 2.322263484202991045e-04 1.817403947471344372e+00 6.742449472888259986e-04
8.849498327759198446e+01 1.307966440974831467e-02 2.804520269226331575e+00 1.513768636576046838e-04 1.821476149213989260e+00 4.572684077123693861e-04
8.879598662207358473e+01 1.301964481437217075e-02 2.811676278897813130e+00 8.767685684734433051e-05 1.825548350956634147e+00 2.654807367029070786e-04
8.909698996655518499e+01 1.296214485043326037e-02 2.818832288569294242e+00 4.483780995058337304e-05 1.829620552699279035e+00 1.293867732062569124e-04
8.939799331103679947e+01 1.291441822316607459e-02 2.825988298240775798e+00 2.018078738212575744e-05 1.833692754441923922e+00 5.203194076050820821e-05
8.969899665551839973e+01 1.288284570555233398e-02 2.833144307912257354e+00 7.980795348357826906e-06 1.837764956184568810e+00 1.704966649231336788e-05
9.000000000000000000e+01 1.287180248411917693e-02 2.840300317583738909e+00 2.770683877198001853e-06 1.841837157927213697e+00 4.514896040402723295e-06
