0.000000000000000000e+00 0.000000000000000000e+00 4.009654042811581220e-01 8.068019151610565484e-07 3.505483086811913562e-01 3.015328960992741859e-06
3.010033444816053727e-01 0.000000000000000000e+00 4.058950833217637721e-01 1.852926787840631020e-06 3.519908616353458752e-01 7.863460971459709510e-06
6.020066889632107454e-01 0.000000000000000000e+00 4.108247623623693667e-01 3.994801568794098504e-06 3.534334145895003942e-01 1.828645801264549745e-05
9.030100334448161181e-01 0.000000000000000000e+00 4.157544414029750168e-01 8.114979197840713283e-06 3.548759675436549132e-01 3.792427133892685014e-05
1.204013377926421491e+00 0.000000000000000000e+00 4.206841204435806669e-01 1.559812058587420431e-05 3.563185204978093767e-01 7.015451652905530606e-05
1.505016722408026864e+00 0.000000000000000000e+00 4.256137994841862615e-01 2.849836494177296198e-05 3.577610734519638958e-01 1.158037902126496713e-04
1.806020066889632236e+00 0.000000000000000000e+00 4.305434785247919116e-01 4.971490075186698704e-05 3.592036264061184148e-01 1.707336316520378916e-04
2.107023411371237387e+00 4.595337324272788828e-313 4.354731575653975617e-01 8.314761973452206424e-05 3.606461793602729338e-01 2.252892073915234872e-04
2.408026755852842982e+00 2.573332683317864227e-302 4.404028366060032118e-01 1.337792497571690963e-04 3.620887323144274528e-01 2.672800536567499982e-04
2.709030100334448576e+00 9.268211912470001697e-292 4.453325156466088064e-01 2.076219426786613507e-04 3.635312852685819718e-01 2.879091209558401086e-04
3.010033444816053727e+00 2.146927914975671600e-281 4.502621946872144565e-01 3.115225951234781160e-04 3.649738382227364353e-01 2.872323045974809765e-04
3.311036789297658878e+00 3.198603956162023020e-271 4.551918737278201066e-01 4.529640505545228435e-04 3.664163911768909543e-01 2.749808667955349522e-04
3.612040133779264472e+00 3.064961268476511313e-261 4.601215527684257012e-01 6.401603105947938858e-04 3.678589441310454733e-01 2.653202605985269572e-04
3.913043478260870067e+00 1.888909030412012487e-251 4.650512318090313513e-01 8.827638482714817618e-04 3.693014970851999923e-01 2.686497647056257355e-04
4.214046822742474774e+00 7.487186465913646145e-242 4.699809108496370014e-01 1.193254658000357472e-03 3.707440500393545113e-01 2.862405556953519811e-04
4.515050167224080369e+00 1.908744677486346200e-232 4.749105898902425960e-01 1.588637565547249171e-03 3.721866029935090303e-01 3.119752663419183896e-04
4.816053511705685963e+00 3.129670740235208547e-223 4.798402689308482461e-01 2.091731835305509542e-03 3.736291559476635493e-01 3.405835047082037123e-04
5.117056856187291558e+00 3.300434578888890083e-214 4.847699479714538962e-01 2.731375201429810627e-03 3.750717089018180128e-01 3.770258012160248575e-04
5.418060200668897153e+00 2.238542462619802784e-205 4.896996270120594907e-01 3.541240502221188000e-03 3.765142618559725318e-01 4.404702620425926919e-04
5.719063545150501859e+00 9.765204716597579394e-197 4.946293060526651408e-01 4.557305413389735847e-03 3.779568148101270508e-01 5.594962781041369800e-04
6.020066889632107454e+00 2.739802603573723719e-188 4.995589850932707909e-01 5.814041000008210273e-03 3.793993677642815698e-01 7.605944673525522363e-04
6.321070234113713049e+00 4.944008734845654163e-180 5.044886641338763855e-01 7.339333844580488847e-03 3.808419207184360888e-01 1.056455752895742043e-03
6.622073578595317755e+00 5.738011054799585344e-172 5.094183431744820911e-01 9.148650304413641354e-03 3.822844736725906079e-01 1.441863221689058863e-03
6.923076923076923350e+00 4.283176148259736514e-164 5.143480222150876857e-01 1.124020784967074034e-02 3.837270266267450713e-01 1.902571426449588786e-03
7.224080267558528945e+00 2.056331646108325319e-156 5.192777012556932803e-01 1.359409656805064641e-02 3.851695795808995904e-01 2.436349455859624768e-03
7.525083612040134540e+00 6.349556493552868465e-149 5.242073802962989859e-01 1.617787549723478241e-02 3.866121325350541094e-01 3.076831808122496362e-03
7.826086956521740134e+00 1.261005750278784968e-141 5.291370593369045805e-01 1.895835892767878950e-02 3.880546854892086284e-01 3.904619638297809371e-03
8.127090301003345729e+00 1.610700306877144777e-134 5.340667383775101751e-01 2.191525957970526586e-02 3.894972384433631474e-01 5.032052562249006433e-03
8.428093645484949548e+00 1.323235447977117939e-127 5.389964174181158807e-01 2.504986197570186271e-02 3.909397913975176664e-01 6.559498701619912754e-03
8.729096989966555142e+00 6.991737812914394371e-121 5.439260964587214753e-01 2.838343876866530890e-02 3.923823443516721854e-01 8.516414455582365164e-03
9.030100334448160737e+00 2.376073833214439489e-114 5.488557754993270699e-01 3.194568122365384205e-02 3.938248973058266489e-01 1.081256299567204607e-02
9.331103678929766332e+00 5.193534442929144213e-108 5.537854545399327755e-01 3.575992406871851548e-02 3.952674502599811679e-01 1.322866232123686044e-02
9.632107023411371927e+00 7.301234671527883481e-102 5.587151335805383701e-01 3.983501948573546503e-02 3.967100032141356869e-01 1.546595416747468220e-02
9.933110367892977521e+00 6.601798568126825163e-96 5.636448126211439646e-01 4.417063030900503229e-02 3.981525561682902059e-01 1.724626868860530335e-02
1.023411371237458312e+01 3.839406224897809356e-90 5.685744916617496703e-01 4.877459098033504886e-02 3.995951091224447249e-01 1.841810374993015434e-02
1.053511705685618871e+01 1.436169698480172043e-84 5.735041707023552648e-01 5.368259091934057814e-02 4.010376620765992439e-01 1.900990143300531829e-02
1.083612040133779431e+01 3.455354273051625846e-79 5.784338497429608594e-01 5.896742922463679704e-02 4.024802150307537074e-01 1.920210196144184894e-02
1.113712374581939812e+01 5.347259514108158536e-74 5.833635287835665650e-01 6.473023417461197526e-02 4.039227679849082264e-01 1.924559381158161622e-02
1.143812709030100372e+01 5.322681411040417314e-69 5.882932078241721596e-01 7.107680597317214688e-02 4.053653209390627454e-01 1.938442613516015711e-02
1.173913043478260931e+01 3.408014227230969053e-64 5.932228868647777542e-01 7.809180326508267933e-02 4.068078738932172644e-01 1.981750245494052348e-02
1.204013377926421491e+01 1.403648894500032815e-59 5.981525659053834598e-01 8.582507009723386315e-02 4.082504268473717834e-01 2.068765152897559731e-02
1.234113712374582050e+01 3.718950652756944610e-55 6.030822449459890544e-01 9.429624857250711034e-02 4.096929798015263025e-01 2.206981192577892395e-02
1.264214046822742610e+01 6.338862925736492481e-51 6.080119239865946490e-01 1.035111306928308134e-01 4.111355327556808215e-01 2.395682919648811637e-02
1.294314381270903169e+01 6.951246072296598909e-47 6.129416030272003546e-01 1.134749140413371243e-01 4.125780857098353405e-01 2.627305562596772212e-02
1.324414715719063551e+01 4.904728798231376876e-43 6.178712820678059492e-01 1.241899792454833756e-01 4.140206386639898040e-01 2.893860407170517970e-02
1.354515050167224111e+01 2.227005178642073913e-39 6.228009611084115438e-01 1.356378148170702125e-01 4.154631916181443230e-01 3.196085948990754627e-02
1.384615384615384670e+01 6.508038540382265639e-36 6.277306401490172494e-01 1.477579215950207414e-01 4.169057445722988420e-01 3.548916801042046459e-02
1.414715719063545230e+01 1.224309493373016876e-32 6.326603191896228440e-01 1.604411041562618656e-01 4.183482975264533610e-01 3.977769749771063040e-02
1.444816053511705789e+01 1.483068539506152875e-29 6.375899982302284386e-01 1.735463888022156231e-01 4.197908504806078800e-01 4.506060572677431791e-02
1.474916387959866348e+01 1.157210152338928235e-26 6.425196772708341442e-01 1.869350970290239722e-01 4.212334034347623435e-01 5.140750799171861507e-02
1.505016722408026908e+01 5.818921110995540783e-24 6.474493563114397388e-01 2.005038245150828069e-01 4.226759563889168625e-01 5.864549712816152088e-02
1.535117056856187467e+01 1.886731099396138442e-21 6.523790353520453333e-01 2.141996660715217993e-01 4.241185093430713815e-01 6.639535887256002578e-02
1.565217391304348027e+01 3.947756684271985948e-19 6.573087143926510389e-01 2.280154819355763030e-01 4.255610622972259005e-01 7.420742513096169335e-02
1.595317725752508409e+01 5.335792007727307762e-17 6.622383934332566335e-01 2.419790299312643556e-01 4.270036152513804195e-01 8.173965273052426206e-02
1.625418060200669146e+01 4.664651365244080199e-15 6.671680724738622281e-01 2.561536099750726381e-01 4.284461682055349385e-01 8.891300977250023163e-02
1.655518394648829528e+01 2.642048110489943697e-13 6.720977515144679337e-01 2.706548878199031560e-01 4.298887211596894575e-01 9.599385524876950793e-02
1.685618729096989910e+01 9.716547339222021115e-12 6.770274305550735283e-01 2.856684279360391931e-01 4.313312741138439765e-01 1.035733344066579881e-01
1.715719063545150647e+01 2.326954933439569088e-10 6.819571095956791229e-01 3.014420975567580485e-01 4.327738270679984400e-01 1.124378282971918580e-01
1.745819397993311028e+01 3.643375970290395323e-09 6.868867886362848285e-01 3.182373341783937826e-01 4.342163800221529590e-01 1.233544919521453731e-01
1.775919732441471766e+01 3.752131031732755474e-08 6.918164676768905341e-01 3.362484086136436900e-01 4.356589329763074780e-01 1.368246869848500080e-01
1.806020066889632147e+01 2.568132243847685048e-07 6.967461467174960177e-01 3.555226927053118935e-01 4.371014859304619971e-01 1.528758405612525295e-01
1.836120401337792885e+01 1.192386523827405432e-06 7.016758257581017233e-01 3.759217100733703298e-01 4.385440388846165161e-01 1.709670097939105238e-01
1.866220735785953266e+01 3.921228686623228121e-06 7.066055047987074289e-01 3.971478269467964561e-01 4.399865918387709796e-01 1.900711786980190943e-01
1.896321070234114003e+01 9.928264132713421333e-06 7.115351838393129125e-01 4.188328655255907362e-01 4.414291447929254986e-01 2.089533162487006435e-01
1.926421404682274385e+01 2.172390955299015398e-05 7.164648628799186181e-01 4.406569611296226596e-01 4.428716977470800176e-01 2.265849412405047392e-01
1.956521739130434767e+01 4.431763491560837927e-05 7.213945419205243237e-01 4.624512728425765329e-01 4.443142507012345366e-01 2.425587916407443700e-01
1.986622073578595504e+01 8.397425980870428745e-05 7.263242209611298073e-01 4.842427647199745167e-01 4.457568036553890556e-01 2.573432354368356823e-01
2.016722408026755886e+01 1.447823355554188568e-04 7.312539000017355129e-01 5.062212415738900351e-01 4.471993566095435746e-01 2.722637207051109010e-01
2.046822742474916623e+01 2.260919374948723831e-04 7.361835790423412185e-01 5.286393924821114476e-01 4.486419095636980936e-01 2.891896983356263551e-01
2.076923076923077005e+01 3.214840794938790634e-04 7.411132580829467020e-01 5.516836437057289766e-01 4.500844625178526126e-01 3.100017144252210088e-01
2.107023411371237742e+01 4.310840447639590679e-04 7.460429371235524076e-01 5.753662742865273128e-01 4.515270154720070761e-01 3.359942750833910252e-01
2.137123745819398124e+01 5.796207343214222285e-04 7.509726161641581132e-01 5.994818822295200356e-01 4.529695684261615951e-01 3.674179426207239141e-01
2.167224080267558861e+01 8.069970181068384556e-04 7.559022952047637078e-01 6.236458073578797778e-01 4.544121213803161141e-01 4.033457332736574141e-01
2.197324414715719243e+01 1.146349440903974637e-03 7.608319742453693024e-01 6.473982151588104639e-01 4.558546743344706331e-01 4.419432173682717457e-01
2.227424749163879625e+01 1.619142549793688721e-03 7.657616532859750080e-01 6.703301591246967339e-01 4.572972272886251521e-01 4.810670652309199657e-01
2.257525083612040362e+01 2.239194317959510624e-03 7.706913323265806026e-01 6.921807372829564819e-01 4.587397802427796156e-01 5.189983816038908904e-01
2.287625418060200744e+01 3.019267284210815430e-03 7.756210113671861972e-01 7.128713926803544876e-01 4.601823331969341346e-01 5.550836604195245050e-01
2.317725752508361481e+01 3.981778203132473569e-03 7.805506904077919028e-01 7.324746148838539028e-01 4.616248861510886536e-01 5.900739400035703852e-01
2.347826086956521863e+01 5.167631524454400702e-03 7.854803694483974974e-01 7.511416850233149090e-01 4.630674391052431726e-01 6.259871482435057644e-01
2.377926421404682600e+01 6.642453640482880693e-03 7.904100484890030920e-01 7.690238881013760075e-01 4.645099920593976917e-01 6.654320648206161204e-01
2.408026755852842982e+01 8.497504752769743583e-03 7.953397275296087976e-01 7.862136359171000288e-01 4.659525450135522107e-01 7.105987537044344826e-01
2.438127090301003363e+01 1.079100112271052722e-02 8.002694065702143922e-01 8.027174516389342651e-01 4.673950979677067297e-01 7.624147087768237130e-01
2.468227424749164101e+01 1.348797569580910578e-02 8.051990856108199868e-01 8.184628848959969449e-01 4.688376509218612487e-01 8.203732456310549592e-01
2.498327759197324482e+01 1.649966562096323933e-02 8.101287646514256924e-01 8.333373924240622399e-01 4.702802038760157122e-01 8.831124934204603871e-01
2.528428093645485220e+01 1.975172515161137052e-02 8.150584436920312870e-01 8.472517805546211367e-01 4.717227568301702312e-01 9.492677388914740888e-01
2.558528428093645601e+01 2.325522277182411057e-02 8.199881227326368816e-01 8.602091084030707435e-01 4.731653097843247502e-01 1.017960401831764949e+00
2.588628762541806339e+01 2.712623972753162513e-02 8.249178017732425872e-01 8.723483225687731490e-01 4.746078627384792692e-01 1.088690036115244952e+00
2.618729096989966720e+01 3.144221253630371388e-02 8.298474808138481817e-01 8.839341081664433553e-01 4.760504156926337327e-01 1.160959972043680954e+00
2.648829431438127102e+01 3.610734404369828066e-02 8.347771598544537763e-01 8.952875111778215711e-01 4.774929686467882517e-01 1.234152004194800645e+00
2.678929765886287839e+01 4.091729433061421645e-02 8.397068388950594819e-01 9.066854755550732836e-01 4.789355216009427707e-01 1.307846206834492708e+00
2.709030100334448221e+01 4.572818310923811025e-02 8.446365179356650765e-01 9.182791725342048794e-01 4.803780745550972897e-01 1.382309667109935525e+00
2.739130434782608958e+01 5.051329412126121660e-02 8.495661969762706711e-01 9.300743987896386011e-01 4.818206275092518087e-01 1.458675151238091106e+00
2.769230769230769340e+01 5.524978891515960194e-02 8.544958760168763767e-01 9.419855722963162981e-01 4.832631804634063277e-01 1.538534168831386051e+00
2.799331103678930077e+01 5.983386735797418393e-02 8.594255550574819713e-01 9.539375971747890981e-01 4.847057334175608467e-01 1.623105679112409439e+00
2.829431438127090459e+01 6.412937407149553459e-02 8.643552340980875659e-01 9.659674222621320583e-01 4.861482863717153657e-01 1.712496299199622873e+00
2.859531772575251196e+01 6.808069505827835100e-02 8.692849131386932715e-01 9.782778413578179233e-01 4.875908393258698847e-01 1.805565424540628516e+00
2.889632107023411578e+01 7.175648924845448584e-02 8.742145921792988661e-01 9.912160540545786880e-01 4.890333922800244038e-01 1.900504465216937389e+00
2.919732441471571960e+01 7.528267357066599497e-02 8.791442712199044607e-01 1.005179417435029254e+00 4.904759452341788672e-01 1.995724121509944160e+00
2.949832775919732697e+01 7.863830869083655861e-02 8.840739502605101663e-01 1.020480387735081651e+00 4.919184981883333863e-01 2.090451628693115627e+00
2.979933110367893079e+01 8.147751969030092578e-02 8.890036293011157609e-01 1.037221012083440197e+00 4.933610511424879053e-01 2.184731637080674638e+00
3.010033444816053816e+01 8.346549505328614005e-02 8.939333083417213555e-01 1.055225346990308122e+00 4.948036040966424243e-01 2.279005591995378222e+00
3.040133779264214198e+01 8.463501454027069770e-02 8.988629873823270611e-01 1.074054869010693247e+00 4.962461570507968878e-01 2.373684576897062026e+00
3.070234113712374935e+01 8.502506825345398922e-02 9.037926664229326557e-01 1.093098425949905916e+00 4.976887100049514068e-01 2.469001655865760814e+00
3.100334448160535317e+01 8.452594223985640531e-02 9.087223454635382502e-01 1.111702180145696106e+00 4.991312629591059258e-01 2.565144666880203594e+00
3.130434782608696054e+01 8.332155383661916936e-02 9.136520245041439559e-01 1.129298097049969085e+00 5.005738159132604448e-01 2.662477380375324110e+00
3.160535117056856436e+01 8.180731756615661210e-02 9.185817035447495504e-01 1.145499859628897887e+00 5.020163688674149638e-01 2.761642180301472571e+00
3.190635451505016817e+01 8.013161600916508809e-02 9.235113825853551450e-01 1.160151020743769967e+00 5.034589218215694828e-01 2.863467962057641536e+00
3.220735785953177555e+01 7.820544933189740866e-02 9.284410616259608506e-01 1.173322083089098467e+00 5.049014747757240018e-01 2.968782411315883163e+00
3.250836120401338292e+01 7.595245873522485369e-02 9.333707406665664452e-01 1.185260625578682836e+00 5.063440277298785208e-01 3.078288823398287022e+00
3.280936454849498318e+01 7.349520607819154394e-02 9.383004197071720398e-01 1.196306775188198168e+00 5.077865806840330398e-01 3.192526290434155811e+00
3.311036789297659055e+01 7.113736107286193489e-02 9.432300987477777454e-01 1.206796678279127066e+00 5.092291336381875588e-01 3.311739496886665357e+00
3.341137123745819792e+01 6.898382140303348231e-02 9.481597777883833400e-01 1.216982986228077657e+00 5.106716865923419668e-01 3.435521536153832045e+00
3.371237458193979819e+01 6.679342244469901879e-02 9.530894568289889346e-01 1.226996402379765261e+00 5.121142395464965968e-01 3.562411293710085580e+00
3.401337792642140556e+01 6.442845338528919996e-02 9.580191358695946402e-01 1.236856772632814572e+00 5.135567925006510048e-01 3.689895402846557815e+00
3.431438127090301293e+01 6.199822149826022394e-02 9.629488149102002348e-01 1.246525506373137304e+00 5.149993454548055238e-01 3.815095959740702813e+00
3.461538461538462030e+01 5.954863232045733840e-02 9.678784939508059404e-01 1.255981970682539917e+00 5.164418984089600428e-01 3.935848276795084644e+00
3.491638795986622057e+01 5.704480578517275718e-02 9.728081729914115350e-01 1.265304193379372277e+00 5.178844513631145619e-01 4.051406615174784953e+00
3.521739130434782794e+01 5.451305327595269007e-02 9.777378520320171296e-01 1.274731833269376002e+00 5.193270043172690809e-01 4.162194429936723949e+00
3.551839464882943531e+01 5.201179762104742726e-02 9.826675310726228352e-01 1.284685393078453863e+00 5.207695572714235999e-01 4.268800996753894239e+00
3.581939799331104268e+01 4.964094651964975208e-02 9.875972101132284298e-01 1.295718841714455394e+00 5.222121102255781189e-01 4.371127385988618386e+00
3.612040133779264295e+01 4.759355922003628836e-02 9.925268891538340243e-01 1.308402511618934394e+00 5.236546631797326379e-01 4.468482652193685567e+00
3.642140468227425032e+01 4.598861699977434964e-02 9.974565681944397300e-01 1.323165059587304793e+00 5.250972161338871569e-01 4.560554997410244837e+00
3.672240802675585769e+01 4.468206215842542711e-02 1.002386247235045325e+00 1.340148473099803228e+00 5.265397690880416759e-01 4.648372030791555254e+00
3.702341137123745796e+01 4.332600460543886700e-02 1.007315926275651030e+00 1.359130407067310031e+00 5.279823220421961949e-01 4.734418422591374132e+00
3.732441471571906533e+01 4.161662146496276915e-02 1.012245605316256736e+00 1.379542333352872907e+00 5.294248749963506029e-01 4.821877400168700589e+00
3.762541806020067270e+01 3.953832896757099313e-02 1.017175284356862219e+00 1.400575894321548720e+00 5.308674279505052329e-01 4.913613514481470546e+00
3.792642140468228007e+01 3.731862740040464005e-02 1.022104963397467703e+00 1.421341830928811500e+00 5.323099809046596409e-01 5.011420556521856362e+00
3.822742474916388034e+01 3.523420839052743281e-02 1.027034642438073408e+00 1.441034292864009636e+00 5.337525338588141599e-01 5.115584124827839752e+00
3.852842809364548771e+01 3.350294214928017933e-02 1.031964321478679114e+00 1.459057148832961781e+00 5.351950868129686789e-01 5.224680612066705976e+00
3.882943143812709508e+01 3.209535318555975514e-02 1.036894000519284820e+00 1.475085018284089333e+00 5.366376397671231979e-01 5.335808482425818511e+00
3.913043478260869534e+01 3.071383370037095856e-02 1.041823679559890525e+00 1.489057125835628881e+00 5.380801927212777169e-01 5.445490898402482571e+00
3.943143812709030271e+01 2.915757931379326859e-02 1.046753358600496009e+00 1.501128904807133235e+00 5.395227456754322359e-01 5.550984385043177483e+00
3.973244147157191009e+01 2.751925675134730964e-02 1.051683037641101492e+00 1.511620391272603836e+00 5.409652986295867549e-01 5.651209689807581427e+00
4.003344481605351746e+01 2.600779607684684108e-02 1.056612716681707198e+00 1.520990189517301250e+00 5.424078515837412739e-01 5.746667371577825811e+00
4.033444816053511772e+01 2.480298692884622125e-02 1.061542395722312904e+00 1.529832169072005366e+00 5.438504045378957930e-01 5.838444027666974456e+00
4.063545150501672509e+01 2.397588772094552678e-02 1.066472074762918609e+00 1.538858972500565914e+00 5.452929574920503120e-01 5.927065541540639693e+00
4.093645484949833246e+01 2.336821471164236483e-02 1.071401753803524315e+00 1.548826444352517928e+00 5.467355104462048310e-01 6.012000404787290364e+00
4.123745819397993273e+01 2.269054093646933473e-02 1.076331432844129798e+00 1.560378162270970259e+00 5.481780634003592390e-01 6.092110401123071561e+00
4.153846153846154010e+01 2.178545787057244512e-02 1.081261111884735282e+00 1.573839576728775613e+00 5.496206163545138690e-01 6.166671485825562904e+00
4.183946488294314747e+01 2.067517043197605181e-02 1.086190790925340988e+00 1.589040082702934953e+00 5.510631693086682770e-01 6.236181885570659666e+00
4.214046822742475484e+01 1.949864759148174295e-02 1.091120469965946693e+00 1.605258932964427565e+00 5.525057222628227960e-01 6.302353721831684297e+00
4.244147157190635511e+01 1.847538470665576957e-02 1.096050149006552399e+00 1.621359784455661313e+00 5.539482752169773150e-01 6.367364793984245708e+00
4.274247491638796248e+01 1.772525029838181373e-02 1.100979828047158104e+00 1.636104167845065627e+00 5.553908281711318340e-01 6.433035599039439667e+00
4.304347826086956985e+01 1.711759602610825326e-02 1.105909507087763588e+00 1.648546488696391421e+00 5.568333811252863530e-01 6.500508256055977263e+00
4.334448160535117722e+01 1.642512468571720799e-02 1.110839186128369294e+00 1.658357241476604571e+00 5.582759340794408720e-01 6.570376430773049670e+00
4.364548494983277749e+01 1.558538664749679198e-02 1.115768865168974777e+00 1.665933872354653955e+00 5.597184870335953910e-01 6.642813336709351368e+00
4.394648829431438486e+01 1.475247626258551978e-02 1.120698544209580483e+00 1.672243708858400790e+00 5.611610399877499100e-01 6.717510511160710074e+00
4.424749163879599223e+01 1.408048279227812338e-02 1.125628223250186188e+00 1.678461618658546595e+00 5.626035929419044290e-01 6.793722285024057506e+00
4.454849498327759250e+01 1.351314269036579807e-02 1.130557902290791894e+00 1.685554654128181618e+00 5.640461458960589480e-01 6.870693121835504513e+00
4.484949832775919987e+01 1.289988668536948963e-02 1.135487581331397378e+00 1.693980386977604224e+00 5.654886988502134670e-01 6.948225035360567681e+00
4.515050167224080724e+01 1.222948501589967915e-02 1.140417260372003083e+00 1.703602790001745637e+00 5.669312518043678750e-01 7.026816591375748544e+00
4.545150501672241461e+01 1.157203547148224348e-02 1.145346939412608567e+00 1.713829052112879614e+00 5.683738047585225051e-01 7.107120554026751691e+00
4.575250836120401488e+01 1.088496570620539443e-02 1.150276618453214272e+00 1.723884678666375292e+00 5.698163577126769130e-01 7.189061467365201352e+00
4.605351170568562225e+01 1.007649091799032830e-02 1.155206297493819978e+00 1.733106104367175160e+00 5.712589106668314320e-01 7.271174697443734125e+00
4.635451505016722962e+01 9.206694156478768820e-03 1.160135976534425684e+00 1.741143468586793253e+00 5.727014636209859511e-01 7.350447556910433278e+00
4.665551839464882988e+01 8.453465834202675971e-03 1.165065655575031167e+00 1.748013925271014291e+00 5.741440165751404701e-01 7.422607464360021723e+00
4.695652173913043725e+01 7.890838611147749440e-03 1.169995334615636873e+00 1.754004726341381826e+00 5.755865695292949891e-01 7.482759759821989043e+00
4.725752508361204463e+01 7.435098353384936125e-03 1.174925013656242356e+00 1.759475635217952583e+00 5.770291224834495081e-01 7.526355987297844941e+00
4.755852842809365200e+01 7.001923092286539696e-03 1.179854692696848062e+00 1.764638649304023144e+00 5.784716754376040271e-01 7.550345536016715542e+00
4.785953177257525226e+01 6.595729330728439255e-03 1.184784371737453768e+00 1.769393530804965087e+00 5.799142283917585461e-01 7.554110849275161854e+00
4.816053511705685963e+01 6.234330529485077044e-03 1.189714050778059473e+00 1.773272805484851444e+00 5.813567813459130651e-01 7.539796040087559881e+00
4.846153846153846700e+01 5.891740292617843495e-03 1.194643729818664957e+00 1.775510418811970803e+00 5.827993343000675841e-01 7.511984467281279443e+00
4.876254180602006727e+01 5.540172880942518911e-03 1.199573408859270662e+00 1.775209198665328225e+00 5.842418872542221031e-01 7.476949073967081638e+00
4.906354515050167464e+01 5.175655748199077706e-03 1.204503087899876146e+00 1.771556585366514724e+00 5.856844402083765111e-01 7.441582059024492324e+00
4.936454849498328201e+01 4.801595243785450676e-03 1.209432766940481851e+00 1.764030975324709205e+00 5.871269931625311411e-01 7.411903565435652652e+00
4.966555183946488938e+01 4.432819708573414522e-03 1.214362445981087557e+00 1.752549098388217930e+00 5.885695461166855491e-01 7.391265078458865823e+00
4.996655518394648965e+01 4.105114079484536126e-03 1.219292125021693263e+00 1.737520713316096810e+00 5.900120990708400681e-01 7.378943392992559858e+00
5.026755852842809702e+01 3.861525871361686998e-03 1.224221804062298746e+00 1.719795563183877718e+00 5.914546520249945871e-01 7.370064767254921101e+00
5.056856187290970439e+01 3.709534093572298789e-03 1.229151483102904452e+00 1.700508823094794009e+00 5.928972049791491061e-01 7.357197897389532670e+00
5.086956521739130466e+01 3.590174760433997251e-03 1.234081162143509935e+00 1.680855992607584559e+00 5.943397579333036251e-01 7.332899559891299823e+00
5.117056856187291203e+01 3.432353124601225571e-03 1.239010841184115641e+00 1.661852028526014102e+00 5.957823108874581441e-01 7.291941839057047403e+00
5.147157190635451940e+01 3.225083403083655546e-03 1.243940520224721347e+00 1.644141784303925213e+00 5.972248638416126632e-01 7.232382900460882169e+00
5.177257525083612677e+01 3.016429233894071370e-03 1.248870199265327052e+00 1.627918608045704651e+00 5.986674167957671822e-01 7.155553449160962032e+00
5.207357859531772704e+01 2.856379528044541722e-03 1.253799878305932536e+00 1.612973257982287523e+00 6.001099697499217012e-01 7.065496547081362877e+00
5.237458193979933441e+01 2.734999653342340842e-03 1.258729557346538241e+00 1.598847592918585914e+00 6.015525227040761092e-01 6.968131566013130218e+00
5.267558528428094178e+01 2.607332838829557430e-03 1.263659236387143725e+00 1.585027645581541966e+00 6.029950756582307392e-01 6.870029426389095306e+00
5.297658862876254204e+01 2.459524540659237691e-03 1.268588915427749431e+00 1.571098462808760088e+00 6.044376286123851472e-01 6.776850270041130386e+00
5.327759197324414941e+01 2.300372424365653042e-03 1.273518594468355136e+00 1.556806317879830592e+00 6.058801815665397772e-01 6.692012933388467033e+00
5.357859531772575679e+01 2.139697818912064762e-03 1.278448273508960842e+00 1.542022883762655727e+00 6.073227345206941852e-01 6.616251173853828327e+00
5.387959866220736416e+01 1.991824665126517343e-03 1.283377952549566547e+00 1.526656444639253207e+00 6.087652874748488152e-01 6.548101880323582868e+00
5.418060200668896442e+01 1.867431362911014950e-03 1.288307631590172031e+00 1.510579753487182764e+00 6.102078404290032232e-01 6.484745942433917776e+00
5.448160535117057179e+01 1.764749519289970968e-03 1.293237310630777515e+00 1.493627652981465603e+00 6.116503933831577422e-01 6.422699532561979119e+00
5.478260869565217916e+01 1.672814516608828097e-03 1.298166989671383220e+00 1.475668580587260914e+00 6.130929463373122612e-01 6.358407568366569507e+00
5.508361204013378654e+01 1.577529960069394901e-03 1.303096668711988926e+00 1.456702212407658514e+00 6.145354992914667802e-01 6.288985502531902583e+00
5.538461538461538680e+01 1.467805360693460104e-03 1.308026347752594631e+00 1.436913764291102957e+00 6.159780522456212992e-01 6.212912951837416209e+00
5.568561872909699417e+01 1.353335117364519143e-03 1.312956026793200337e+00 1.416637873372314838e+00 6.174206051997758182e-01 6.130071845399140962e+00
5.598662207357860154e+01 1.258815401714743652e-03 1.317885705833805821e+00 1.396236520995131070e+00 6.188631581539303372e-01 6.040847638120479424e+00
5.628762541806020181e+01 1.190078846410342218e-03 1.322815384874411304e+00 1.375943175356820758e+00 6.203057111080848562e-01 5.944851454503542243e+00
5.658862876254180918e+01 1.138175022166776178e-03 1.327745063915017010e+00 1.355741998311309704e+00 6.217482640622393752e-01 5.840265402693750829e+00
5.688963210702341655e+01 1.096588173649438698e-03 1.332674742955622715e+00 1.335332193011218527e+00 6.231908170163937832e-01 5.724364751633014059e+00
5.719063545150502392e+01 1.054075682746794234e-03 1.337604421996228421e+00 1.314189886592661782e+00 6.246333699705484133e-01 5.594889978314486534e+00
5.749163879598662419e+01 9.980106732555122338e-04 1.342534101036834127e+00 1.291704661327057968e+00 6.260759229247028212e-01 5.451444714894379651e+00
5.779264214046823156e+01 9.159680148189720816e-04 1.347463780077439610e+00 1.267346784198504439e+00 6.275184758788574513e-01 5.296251834920100876e+00
5.809364548494983893e+01 7.971947131786795079e-04 1.352393459118045094e+00 1.240814947507794752e+00 6.289610288330118593e-01 5.134022859749634016e+00
5.839464882943143920e+01 6.599889058087527903e-04 1.357323138158650799e+00 1.212119940110387484e+00 6.304035817871663783e-01 4.970983701581841885e+00
5.869565217391304657e+01 5.473200594413078985e-04 1.362252817199256505e+00 1.181576438526279915e+00 6.318461347413208973e-01 4.813281697568428719e+00
5.899665551839465394e+01 4.784224132651497974e-04 1.367182496239862211e+00 1.149702641553264959e+00 6.332886876954754163e-01 4.665271140068155020e+00
5.929765886287626131e+01 4.369352730650267569e-04 1.372112175280467916e+00 1.117059787455670694e+00 6.347312406496299353e-01 4.528428105959629413e+00
5.959866220735786158e+01 4.029150287751240484e-04 1.377041854321073400e+00 1.084087893735040886e+00 6.361737936037844543e-01 4.401506321270728606e+00
5.989966555183946895e+01 3.688323973232969120e-04 1.381971533361678883e+00 1.050997567568558333e+00 6.376163465579389733e-01 4.281885672564592404e+00
6.020066889632107632e+01 3.309429408022728685e-04 1.386901212402284589e+00 1.017757141987364111e+00 6.390588995120934923e-01 4.167293071190129261e+00
6.050167224080267658e+01 2.868641806600348478e-04 1.391830891442890294e+00 9.841789501699108600e-01 6.405014524662480113e-01 4.056810195814202658e+00
6.080267558528428395e+01 2.421815417605851009e-04 1.396760570483496000e+00 9.500735289187455246e-01 6.419440054204024193e-01 3.950570136418710465e+00
6.110367892976589133e+01 2.079014991407822550e-04 1.401690249524101484e+00 9.154174058775205181e-01 6.433865583745570493e-01 3.848444952754101589e+00
6.140468227424749870e+01 1.873840457892791815e-04 1.406619928564707189e+00 8.804728481910608640e-01 6.448291113287114573e-01 3.748714171059905897e+00
6.170568561872909896e+01 1.707446642172718860e-04 1.411549607605312895e+00 8.458073015047030685e-01 6.462716642828660873e-01 3.647731413483907836e+00
6.200668896321070633e+01 1.457436627688580416e-04 1.416479286645918378e+00 8.121879089511706562e-01 6.477142172370204953e-01 3.540961841034852231e+00
6.230769230769231370e+01 1.114777090180446372e-04 1.421408965686524084e+00 7.803711333414796725e-01 6.491567701911750143e-01 3.424858479828816638e+00
6.260869565217392108e+01 7.774547943448617928e-05 1.426338644727129790e+00 7.508563222138397997e-01 6.505993231453295333e-01 3.298474932603419507e+00
6.290969899665552134e+01 5.383912110864487921e-05 1.431268323767735273e+00 7.237004546956696815e-01 6.520418760994840524e-01 3.163870979397910510e+00
6.321070234113712871e+01 4.259646410737096640e-05 1.436198002808340979e+00 6.984771772507266663e-01 6.534844290536385714e-01 3.025142492312607789e+00
6.351170568561873608e+01 4.090486183871835186e-05 1.441127681848946684e+00 6.744060914937686224e-01 6.549269820077930904e-01 2.886729677677935868e+00
6.381270903010033635e+01 4.100907107964864333e-05 1.446057360889552168e+00 6.506049374844061761e-01 6.563695349619476094e-01 2.751960458558668776e+00
6.411371237458195083e+01 3.709016931324340358e-05 1.450987039930157874e+00 6.263662738586901479e-01 6.578120879161021284e-01 2.622457176902616371e+00
6.441471571906355109e+01 3.127664799364333214e-05 1.455916718970763579e+00 6.013562590540346697e-01 6.592546408702566474e-01 2.498428213058818237e+00
6.471571906354515136e+01 2.798777672150203186e-05 1.460846398011369063e+00 5.756729260944681847e-01 6.606971938244110554e-01 2.379414291863766628e+00
6.501672240802676583e+01 2.796196972659490405e-05 1.465776077051974768e+00 5.497600797893789082e-01 6.621397467785656854e-01 2.264953570330447974e+00
6.531772575250836610e+01 2.976921303715505796e-05 1.470705756092580474e+00 5.242228877182455449e-01 6.635822997327200934e-01 2.154823490628128280e+00
6.561872909698996637e+01 3.040438160870687610e-05 1.475635435133185958e+00 4.996163838884301045e-01 6.650248526868747234e-01 2.048866965537289975e+00
6.591973244147158084e+01 2.748873228142406156e-05 1.480565114173791663e+00 4.762765785277768282e-01 6.664674056410291314e-01 1.946725816721767810e+00
6.622073578595318111e+01 2.365256907291060358e-05 1.485494793214397369e+00 4.542421490086974156e-01 6.679099585951836504e-01 1.847873997224563913e+00
6.652173913043478137e+01 2.275797152728661413e-05 1.490424472255002852e+00 4.332819067554538051e-01 6.693525115493381694e-01 1.752072208144008547e+00
6.682274247491639585e+01 2.368826697557851335e-05 1.495354151295608558e+00 4.130089698840183621e-01 6.707950645034926884e-01 1.659931023598826050e+00
6.712374581939799612e+01 2.279312513708983839e-05 1.500283830336214264e+00 3.930362374972812822e-01 6.722376174576472074e-01 1.573046943515445495e+00
6.742474916387959638e+01 1.860637129750588854e-05 1.505213509376819747e+00 3.731171383357387850e-01 6.736801704118017264e-01 1.493406437299453993e+00
6.772575250836121086e+01 1.231918018144378739e-05 1.510143188417425453e+00 3.532243244122683645e-01 6.751227233659562454e-01 1.422276599233853744e+00
6.802675585284281112e+01 6.560955414141951494e-06 1.515072867458031158e+00 3.335442172020063878e-01 6.765652763201107645e-01 1.359188224584320759e+00
6.832775919732442560e+01 3.444149933071129547e-06 1.520002546498636864e+00 3.143976351644076073e-01 6.780078292742652835e-01 1.301590166127967185e+00
6.862876254180602587e+01 2.760195163622268715e-06 1.524932225539242348e+00 2.961229954037142287e-01 6.794503822284196914e-01 1.245407163906661285e+00
6.892976588628762613e+01 2.672249889368967589e-06 1.529861904579848053e+00 2.789679870080770674e-01 6.808929351825743215e-01 1.186330697040724580e+00
6.923076923076924061e+01 2.153174584976791733e-06 1.534791583620453759e+00 2.630256703939348739e-01 6.823354881367287295e-01 1.121362995279849617e+00
6.953177257525084087e+01 1.953388311591778150e-06 1.539721262661059242e+00 2.482288717443751902e-01 6.837780410908833595e-01 1.049966054435743867e+00
6.983277591973244114e+01 3.070728352780918240e-06 1.544650941701664948e+00 2.343944441073730067e-01 6.852205940450377675e-01 9.742474652244997868e-01
7.013377926421405562e+01 5.000401209209669514e-06 1.549580620742270654e+00 2.212953837914299615e-01 6.866631469991923975e-01 8.980369291201917292e-01
7.043478260869565588e+01 6.098482128522513981e-06 1.554510299782876137e+00 2.087355339055416148e-01 6.881056999533468055e-01 8.253037692112941137e-01
7.073578595317725615e+01 5.612780910815005218e-06 1.559439978823481843e+00 1.966050275198230335e-01 6.895482529075013245e-01 7.587213232078277025e-01
7.103678929765887062e+01 4.148310278707465598e-06 1.564369657864087548e+00 1.849012306093324176e-01 6.909908058616558435e-01 6.990211084277792031e-01
7.133779264214047089e+01 2.469115469492445790e-06 1.569299336904693032e+00 1.737093981472343507e-01 6.924333588158103625e-01 6.452576586009599602e-01
7.163879598662208537e+01 1.191065403121559695e-06 1.574229015945298737e+00 1.631501551214053769e-01 6.938759117699648815e-01 5.956450931637329305e-01
7.193979933110368563e+01 7.997052957817156803e-07 1.579158694985904443e+00 1.533143895428607795e-01 6.953184647241194005e-01 5.484871900910038844e-01
7.224080267558528590e+01 1.346821323253350646e-06 1.584088374026509927e+00 1.442130089665744075e-01 6.967610176782739195e-01 5.028381705099708165e-01
7.254180602006690037e+01 2.249340534878965323e-06 1.589018053067115632e+00 1.357628719917839122e-01 6.982035706324283275e-01 4.587189132823880633e-01
7.284280936454850064e+01 2.522866332946059854e-06 1.593947732107721338e+00 1.278123116054038499e-01 6.996461235865829575e-01 4.168929286168416293e-01
7.314381270903010090e+01 1.826026283375755373e-06 1.598877411148326821e+00 1.201902011817240212e-01 7.010886765407373655e-01 3.783729902859968020e-01
7.344481605351171538e+01 8.502593677933339419e-07 1.603807090188932527e+00 1.127536362758857907e-01 7.025312294948919956e-01 3.439278259652032155e-01
7.374581939799331565e+01 2.546394188585947507e-07 1.608736769229538233e+00 1.054155786585714988e-01 7.039737824490464035e-01 3.138088295414382944e-01
7.404682274247491591e+01 4.904807045462856223e-08 1.613666448270143716e+00 9.814884073339447124e-02 7.054163354032010336e-01 2.877454363448775920e-01
7.434782608695653039e+01 6.076307118145337891e-09 1.618596127310749422e+00 9.097513366862934603e-02 7.068588883573554416e-01 2.651049949679704643e-01
7.464882943143813065e+01 4.841489102340394137e-10 1.623525806351355127e+00 8.395044580822404179e-02 7.083014413115099606e-01 2.450841285442901252e-01
7.494983277591973092e+01 2.481073613018429991e-11 1.628455485391960611e+00 7.715239102751861311e-02 7.097439942656644796e-01 2.268633239005460600e-01
7.525083612040134540e+01 8.177523297007289384e-13 1.633385164432566317e+00 7.066838509855630224e-02 7.111865472198189986e-01 2.097197715771410564e-01
7.555183946488294566e+01 1.733506119455479401e-14 1.638314843473172022e+00 6.458128942284718788e-02 7.126291001739735176e-01 1.931122773414201688e-01
7.585284280936456014e+01 2.363471757380490930e-16 1.643244522513777506e+00 5.895211076645902326e-02 7.140716531281280366e-01 1.767445205559966259e-01
7.615384615384616041e+01 2.072511284032708845e-18 1.648174201554383211e+00 5.380405352886093173e-02 7.155142060822825556e-01 1.605980551249372168e-01
7.645484949832776067e+01 1.168866305227482877e-20 1.653103880594988917e+00 4.911472930989967123e-02 7.169567590364369636e-01 1.449100679396947977e-01
7.675585284280937515e+01 4.239886432909392969e-23 1.658033559635594401e+00 4.482166076941287991e-02 7.183993119905915936e-01 1.300724228655859849e-01
7.705685618729097541e+01 9.891566097907139422e-26 1.662963238676200106e+00 4.084095486684011234e-02 7.198418649447460016e-01 1.164677906690289727e-01
7.735785953177257568e+01 1.484216788334627661e-28 1.667892917716805812e+00 3.709273432271791016e-02 7.212844178989006316e-01 1.043126573273238378e-01
7.765886287625419016e+01 1.432356327285503212e-31 1.672822596757411295e+00 3.352305792773933868e-02 7.227269708530550396e-01 9.358958757253542371e-02
7.795986622073579042e+01 8.890501322287720507e-35 1.677752275798017001e+00 3.011324872973957650e-02 7.241695238072096696e-01 8.409946826055483826e-02
7.826086956521739069e+01 3.549137947607746900e-38 1.682681954838622707e+00 2.687370479264166931e-02 7.256120767613640776e-01 7.558948789520932021e-02
7.856187290969900516e+01 9.112571681264880411e-42 1.687611633879228190e+00 2.382710047587693891e-02 7.270546297155185966e-01 6.787243127161741996e-02
7.886287625418060543e+01 1.504805896294434489e-45 1.692541312919833896e+00 2.099076932427401329e-02 7.284971826696731156e-01 6.086834484309006088e-02
7.916387959866221991e+01 1.598238027464334820e-49 1.697470991960439601e+00 1.836720025753442453e-02 7.299397356238276346e-01 5.455402013704023501e-02
7.946488294314382017e+01 1.091751718465541855e-53 1.702400671001045085e+00 1.594593097172586696e-02 7.313822885779821537e-01 4.886903541020570785e-02
7.976588628762542044e+01 4.796536542277686559e-58 1.707330350041650791e+00 1.371348173742443534e-02 7.328248415321366727e-01 4.366194244458042328e-02
8.006688963210703491e+01 1.355355054247928976e-62 1.712260029082256496e+00 1.166419405725443656e-02 7.342673944862911917e-01 3.873213000390161170e-02
8.036789297658863518e+01 2.463200991308970880e-67 1.717189708122861980e+00 9.805494539288178019e-03 7.357099474404455997e-01 3.394024435741545276e-02
8.066889632107023544e+01 2.879175052528597866e-72 1.722119387163467685e+00 8.155053641444609883e-03 7.371525003946002297e-01 2.929253246786617249e-02
8.096989966555184992e+01 2.164500743723266442e-77 1.727049066204073391e+00 6.731902913350978727e-03 7.385950533487546377e-01 2.492340837481512791e-02
8.127090301003345019e+01 1.046571386929400730e-82 1.731978745244678874e+00 5.546336743758381940e-03 7.400376063029092677e-01 2.099316248677995586e-02
8.157190635451505045e+01 3.254628503283100172e-88 1.736908424285284580e+00 4.593267695065494580e-03 7.414801592570636757e-01 1.759049664573398772e-02
8.187290969899666493e+01 6.509617027327146859e-94 1.741838103325890286e+00 3.851265685711368746e-03 7.429227122112183057e-01 1.471107297644782749e-02
8.217391304347826519e+01 8.373960408912058095e-100 1.746767782366495769e+00 3.286553871188491356e-03 7.443652651653727137e-01 1.230271177926149477e-02
8.247491638795986546e+01 6.928318055185743976e-106 1.751697461407101475e+00 2.859448234316224954e-03 7.458078181195272327e-01 1.031413151370323689e-02
8.277591973244147994e+01 3.686771133933453893e-112 1.756627140447707180e+00 2.530697230149720617e-03 7.472503710736817517e-01 8.703024640188503080e-03
8.307692307692308020e+01 1.261786827865275157e-118 1.761556819488312664e+00 2.266249089128412678e-03 7.486929240278362707e-01 7.414114211848440127e-03
8.337792642140469468e+01 2.777456393414515580e-125 1.766486498528918370e+00 2.040052849204846731e-03 7.501354769819907897e-01 6.365548646500047460e-03
8.367892976588629494e+01 3.932148925141845286e-132 1.771416177569524075e+00 1.834993781355524593e-03 7.515780299361453087e-01 5.463563169915864638e-03
8.397993311036789521e+01 3.580421162061268919e-139 1.776345856610129559e+00 1.642155239345941898e-03 7.530205828902998277e-01 4.632443088599392557e-03
8.428093645484950969e+01 2.096813102584115598e-146 1.781275535650735264e+00 1.458747283355093551e-03 7.544631358444542357e-01 3.835125318928627857e-03
8.458193979933110995e+01 7.897811736408774076e-154 1.786205214691340970e+00 1.285378446729432090e-03 7.559056887986088658e-01 3.072914053112661779e-03
8.488294314381271022e+01 1.913265679909915209e-161 1.791134893731946454e+00 1.123574236530664209e-03 7.573482417527632737e-01 2.370382998489895671e-03
8.518394648829432469e+01 2.981022364533034124e-169 1.796064572772552159e+00 9.742498887170546488e-04 7.587907947069179038e-01 1.757655390226095255e-03
8.548494983277592496e+01 2.987284848667330644e-177 1.800994251813157865e+00 8.372881042153375829e-04 7.602333476610723118e-01 1.257831100531213398e-03
8.578595317725752523e+01 1.925349102931014360e-185 1.805923930853763348e+00 7.118506577308880744e-04 7.616759006152269418e-01 8.809879702202589105e-04
8.608695652173913970e+01 7.981119006289756805e-194 1.810853609894369054e+00 5.969027150763136580e-04 7.631184535693813498e-01 6.228821950491935430e-04
8.638795986622073997e+01 2.127842775457790324e-202 1.815783288934974760e+00 4.916299200075696305e-04 7.645610065235358688e-01 4.662160983113123073e-04
8.668896321070235444e+01 3.648688035372425355e-211 1.820712967975580465e+00 3.956891654226440199e-04 7.660035594776903878e-01 3.836669443464387299e-04
8.698996655518395471e+01 4.023975972491990922e-220 1.825642647016185949e+00 3.093207996738413863e-04 7.674461124318449068e-01 3.431051482644081993e-04
8.729096989966555498e+01 2.854272767874502876e-229 1.830572326056791654e+00 2.332893403748333215e-04 7.688886653859994258e-01 3.149471671835604443e-04
8.759197324414716945e+01 1.302138015104735501e-238 1.835502005097397360e+00 1.685936846400018670e-04 7.703312183401539448e-01 2.794463181447944520e-04
8.789297658862876972e+01 3.820674246103082222e-248 1.840431684138002844e+00 1.159923215088789648e-04 7.717737712943084638e-01 2.303178178121662511e-04
8.819397993311036998e+01 7.210152537823878870e-258 1.845361363178608549e+00 7.553573358306628241e-05 7.732163242484628718e-01 1.726234603549670413e-04
8.849498327759198446e+01 8.751255092873941241e-268 1.850291042219214255e+00 4.633415877741051115e-05 7.746588772026175018e-01 1.164446791330793886e-04
8.879598662207358473e+01 6.831525329724480007e-278 1.855220721259819738e+00 2.666707113753880596e-05 7.761014301567719098e-01 7.034961458462693756e-05
8.909698996655518499e+01 3.429939592171210766e-288 1.860150400300425444e+00 1.435650205480130475e-05 7.775439831109265398e-01 3.797740196462902774e-05
8.939799331103679947e+01 1.107584089956009818e-298 1.865080079341031150e+00 7.212939540474525512e-06 7.789865360650809478e-01 1.829937396650929156e-05
8.969899665551839973e+01 2.300320738369241431e-309 1.870009758381636633e+00 3.376073010171062845e-06 7.804290890192355779e-01 7.866260192348854740e-06
9.000000000000000000e+01 6.146176634265107010e-320 1.874939437422242339e+00 1.470245355522317584e-06 7.818716419733899858e-01 3.015869412919446009e-06
