0.000000000000000000e+00 0.000000000000000000e+00 1.009180503566224019e+00 3.725146184435441292e-05 9.683949752725939941e-01 1.682324216046446604e-05
3.010033444816053727e-01 0.000000000000000000e+00 1.011388762611114878e+00 1.046717157952978050e-04 9.691975430163763949e-01 3.905346487373243159e-05
6.020066889632107454e-01 0.000000000000000000e+00 1.013597021656005959e+00 2.653565631486493070e-04 9.700001107601587957e-01 8.350393878945172458e-05
9.030100334448161181e-01 0.000000000000000000e+00 1.015805280700896818e+00 6.083447035361106911e-04 9.708026785039411966e-01 1.647645656226975474e-04
1.204013377926421491e+00 0.000000000000000000e+00 1.018013539745787899e+00 1.264982402647555704e-03 9.716052462477235974e-01 3.008416132516168479e-04
1.505016722408026864e+00 0.000000000000000000e+00 1.020221798790678758e+00 2.395108658969284047e-03 9.724078139915059982e-01 5.103626799249223441e-04
1.806020066889632236e+00 0.000000000000000000e+00 1.022430057835569839e+00 4.150441558181614150e-03 9.732103817352883990e-01 8.089452264599431789e-04
2.107023411371237387e+00 0.000000000000000000e+00 1.024638316880460698e+00 6.626857865193282356e-03 9.740129494790707998e-01 1.206791922185365207e-03
2.408026755852842982e+00 0.000000000000000000e+00 1.026846575925351779e+00 9.834320645923584278e-03 9.748155172228532006e-01 1.709153863811000958e-03
2.709030100334448576e+00 0.000000000000000000e+00 1.029054834970242638e+00 1.371428105894313687e-02 9.756180849666356014e-01 2.318560994458143329e-03
3.010033444816053727e+00 0.000000000000000000e+00 1.031263094015133719e+00 1.821112212600263167e-02 9.764206527104180022e-01 3.034310674522062035e-03
3.311036789297658878e+00 0.000000000000000000e+00 1.033471353060024578e+00 2.336976036328412137e-02 9.772232204542002920e-01 3.844557572549718322e-03
3.612040133779264472e+00 0.000000000000000000e+00 1.035679612104915437e+00 2.941230373039810386e-02 9.780257881979826928e-01 4.712307194567185060e-03
3.913043478260870067e+00 0.000000000000000000e+00 1.037887871149806518e+00 3.675864186251426302e-02 9.788283559417650936e-01 5.566097480296031998e-03
4.214046822742474774e+00 0.000000000000000000e+00 1.040096130194697377e+00 4.599136781142364183e-02 9.796309236855474945e-01 6.310853711334098344e-03
4.515050167224080369e+00 0.000000000000000000e+00 1.042304389239588458e+00 5.780151452481460672e-02 9.804334914293298953e-01 6.866635041633721917e-03
4.816053511705685963e+00 0.000000000000000000e+00 1.044512648284479317e+00 7.296363404850715606e-02 9.812360591731122961e-01 7.224084856013381246e-03
5.117056856187291558e+00 0.000000000000000000e+00 1.046720907329370398e+00 9.236018868888039302e-02 9.820386269168946969e-01 7.487406736182682793e-03
5.418060200668897153e+00 0.000000000000000000e+00 1.048929166374261257e+00 1.170127507319960042e-01 9.828411946606770977e-01 7.872934049473196208e-03
5.719063545150501859e+00 0.000000000000000000e+00 1.051137425419152338e+00 1.480248638024872498e-01 9.836437624044594985e-01 8.648824847936130433e-03
6.020066889632107454e+00 0.000000000000000000e+00 1.053345684464043197e+00 1.863608661332928074e-01 9.844463301482418993e-01 1.003078345437998127e-02
6.321070234113713049e+00 0.000000000000000000e+00 1.055553943508934278e+00 2.325027404813525267e-01 9.852488978920243001e-01 1.207479498878387923e-02
6.622073578595317755e+00 0.000000000000000000e+00 1.057762202553825137e+00 2.861857012295159763e-01 9.860514656358067009e-01 1.461773756227377138e-02
6.923076923076923350e+00 0.000000000000000000e+00 1.059970461598715996e+00 3.464786443436743690e-01 9.868540333795891017e-01 1.730411028057559156e-02
7.224080267558528945e+00 0.000000000000000000e+00 1.062178720643607077e+00 4.123242104345783976e-01 9.876566011233715026e-01 1.970322674885684883e-02
7.525083612040134540e+00 0.000000000000000000e+00 1.064386979688497936e+00 4.833165243004020617e-01 9.884591688671539034e-01 2.147719081081866932e-02
7.826086956521740134e+00 0.000000000000000000e+00 1.066595238733389017e+00 5.602267839485375323e-01 9.892617366109363042e-01 2.252762315548433730e-02
8.127090301003345729e+00 0.000000000000000000e+00 1.068803497778279876e+00 6.448860389023494122e-01 9.900643043547187050e-01 2.305148534670135863e-02
8.428093645484949548e+00 0.000000000000000000e+00 1.071011756823170957e+00 7.395008100080031621e-01 9.908668720985011058e-01 2.347872736054667023e-02
8.729096989966555142e+00 0.000000000000000000e+00 1.073220015868061816e+00 8.459077261234004830e-01 9.916694398422835066e-01 2.432334656093083219e-02
9.030100334448160737e+00 0.000000000000000000e+00 1.075428274912952897e+00 9.652389606797874277e-01 9.924720075860659074e-01 2.601626637891444466e-02
9.331103678929766332e+00 0.000000000000000000e+00 1.077636533957843756e+00 1.098009915789202040e+00 9.932745753298483082e-01 2.878118272492575722e-02
9.632107023411371927e+00 0.000000000000000000e+00 1.079844793002734837e+00 1.244253189703976581e+00 9.940771430736305980e-01 3.257730287423349358e-02
9.933110367892977521e+00 0.000000000000000000e+00 1.082053052047625696e+00 1.403405343080257772e+00 9.948797108174129988e-01 3.710200576392953115e-02
1.023411371237458312e+01 0.000000000000000000e+00 1.084261311092516777e+00 1.574051261057767048e+00 9.956822785611953996e-01 4.184445390534004272e-02
1.053511705685618871e+01 0.000000000000000000e+00 1.086469570137407636e+00 1.753856298421530013e+00 9.964848463049778005e-01 4.619513641917347840e-02
1.083612040133779431e+01 0.000000000000000000e+00 1.088677829182298495e+00 1.939840294811089327e+00 9.972874140487602013e-01 4.961333143654485245e-02
1.113712374581939812e+01 0.000000000000000000e+00 1.090886088227189576e+00 2.128826817980841390e+00 9.980899817925426021e-01 5.181960156414595203e-02
1.143812709030100372e+01 0.000000000000000000e+00 1.093094347272080435e+00 2.317804482209878003e+00 9.988925495363250029e-01 5.293760695179774295e-02
1.173913043478260931e+01 0.000000000000000000e+00 1.095302606316971517e+00 2.504106443877355481e+00 9.996951172801074037e-01 5.350247670005958689e-02
1.204013377926421491e+01 0.000000000000000000e+00 1.097510865361862376e+00 2.685494083757977268e+00 1.000497685023889805e+00 5.430369880622809564e-02
1.234113712374582050e+01 0.000000000000000000e+00 1.099719124406753457e+00 2.860243457030987368e+00 1.001300252767672205e+00 5.611518776082587839e-02
1.264214046822742610e+01 0.000000000000000000e+00 1.101927383451644316e+00 3.027265970043228727e+00 1.002102820511454606e+00 5.943024338576145815e-02
1.294314381270903169e+01 0.000000000000000000e+00 1.104135642496535397e+00 3.186292981588591200e+00 1.002905388255237007e+00 6.432160420802182643e-02
1.324414715719063551e+01 0.000000000000000000e+00 1.106343901541426256e+00 3.338159779067245481e+00 1.003707955999019408e+00 7.048477475694212013e-02
1.354515050167224111e+01 0.000000000000000000e+00 1.108552160586317115e+00 3.485076899673403616e+00 1.004510523742801809e+00 7.743333670234332777e-02
1.384615384615384670e+01 0.000000000000000000e+00 1.110760419631208196e+00 3.630552592093366115e+00 1.005313091486584209e+00 8.474609511080759272e-02
1.414715719063545230e+01 0.000000000000000000e+00 1.112968678676099055e+00 3.778674653233739189e+00 1.006115659230366610e+00 9.224708571069109575e-02
1.444816053511705789e+01 0.000000000000000000e+00 1.115176937720990136e+00 3.932931767133831080e+00 1.006918226974149011e+00 1.000316881193589191e-01
1.474916387959866348e+01 0.000000000000000000e+00 1.117385196765880995e+00 4.095267837396718846e+00 1.007720794717931412e+00 1.083192053915297548e-01
1.505016722408026908e+01 0.000000000000000000e+00 1.119593455810772076e+00 4.266018040600698669e+00 1.008523362461713813e+00 1.171942870105658202e-01
1.535117056856187467e+01 0.000000000000000000e+00 1.121801714855662935e+00 4.444673553823714762e+00 1.009325930205496213e+00 1.263710085597974653e-01
1.565217391304348027e+01 0.000000000000000000e+00 1.124009973900554016e+00 4.630678115721783783e+00 1.010128497949278614e+00 1.351359240055585997e-01
1.595317725752508409e+01 0.000000000000000000e+00 1.126218232945444875e+00 4.823405214493560855e+00 1.010931065693061015e+00 1.425629480158683571e-01
1.625418060200669146e+01 0.000000000000000000e+00 1.128426491990335956e+00 5.021197601302784363e+00 1.011733633436843416e+00 1.479480162627708761e-01
1.655518394648829528e+01 0.000000000000000000e+00 1.130634751035226815e+00 5.220238532786907193e+00 1.012536201180625817e+00 1.512573982517202709e-01
1.685618729096989910e+01 9.387247270983684339e-323 1.132843010080117896e+00 5.414309438600840352e+00 1.013338768924408217e+00 1.533274639327717737e-01
1.715719063545150647e+01 1.262007284139133378e-315 1.135051269125008755e+00 5.595944148712659327e+00 1.014141336668190618e+00 1.556565360254296981e-01
1.745819397993311028e+01 1.395907396298675761e-308 1.137259528169899614e+00 5.758545019843539947e+00 1.014943904411973019e+00 1.598463448845917068e-01
1.775919732441471766e+01 1.281200803531078770e-301 1.139467787214790695e+00 5.898373865666365568e+00 1.015746472155755420e+00 1.669528278021104317e-01
1.806020066889632147e+01 9.757614197131287720e-295 1.141676046259681554e+00 6.015400116904059402e+00 1.016549039899537821e+00 1.770702616914378857e-01
1.836120401337792885e+01 6.166460151663077256e-288 1.143884305304572635e+00 6.112666199025303726e+00 1.017351607643320222e+00 1.893636077781786220e-01
1.866220735785953266e+01 3.233657825285432802e-281 1.146092564349463494e+00 6.194609071719803239e+00 1.018154175387102622e+00 2.025475870443172732e-01
1.896321070234114003e+01 1.407077575694006312e-274 1.148300823394354575e+00 6.265202995868745184e+00 1.018956743130885023e+00 2.156013151221960467e-01
1.926421404682274385e+01 5.080516516710264641e-268 1.150509082439245434e+00 6.326751097768307908e+00 1.019759310874667424e+00 2.283976452351577924e-01
1.956521739130434767e+01 1.522171336766880643e-261 1.152717341484136515e+00 6.379760924323007565e+00 1.020561878618449603e+00 2.419546372271957624e-01
1.986622073578595504e+01 3.784295646910690523e-255 1.154925600529027374e+00 6.423718321660436992e+00 1.021364446362232004e+00 2.581688113680343788e-01
2.016722408026755886e+01 7.806788667193272239e-249 1.157133859573918233e+00 6.457976120318820179e+00 1.022167014106014404e+00 2.791136743593112812e-01
2.046822742474916623e+01 1.336366666064448072e-242 1.159342118618809314e+00 6.481884157662071821e+00 1.022969581849796805e+00 3.061971058103375443e-01
2.076923076923077005e+01 1.898211900185714337e-236 1.161550377663700173e+00 6.494014208943138300e+00 1.023772149593579206e+00 3.395636404720056012e-01
2.107023411371237742e+01 2.237327679539209863e-230 1.163758636708591254e+00 6.491421450498718215e+00 1.024574717337361607e+00 3.780288344447658155e-01
2.137123745819398124e+01 2.188166404358300291e-224 1.165966895753482113e+00 6.470272957019410853e+00 1.025377285081144008e+00 4.195675063836492580e-01
2.167224080267558861e+01 1.775811820488106782e-218 1.168175154798373194e+00 6.428235093471830197e+00 1.026179852824926408e+00 4.620908238902808329e-01
2.197324414715719243e+01 1.195857372909336900e-212 1.170383413843264053e+00 6.367373960968641278e+00 1.026982420568708809e+00 5.041261216353195573e-01
2.227424749163879625e+01 6.682326242094475858e-207 1.172591672888155134e+00 6.295451353748243051e+00 1.027784988312491210e+00 5.451422667448572179e-01
2.257525083612040362e+01 3.098430866760721932e-201 1.174799931933045993e+00 6.224317533915747269e+00 1.028587556056273611e+00 5.855345249363402838e-01
2.287625418060200744e+01 1.192124991391834239e-195 1.177008190977937074e+00 6.166030311048863233e+00 1.029390123800056012e+00 6.264683980673392272e-01
2.317725752508361481e+01 3.805989807468774717e-190 1.179216450022827933e+00 6.128763068011207515e+00 1.030192691543838412e+00 6.697327964231027941e-01
2.347826086956521863e+01 1.008275688564671201e-184 1.181424709067719014e+00 6.114395610776139023e+00 1.030995259287620813e+00 7.175474119790111738e-01
2.377926421404682600e+01 2.216444274266251282e-179 1.183632968112609873e+00 6.118328092216632541e+00 1.031797827031403214e+00 7.721494303952937122e-01
2.408026755852842982e+01 4.042966885780295472e-174 1.185841227157500732e+00 6.130913076073692736e+00 1.032600394775185615e+00 8.351180787381681236e-01
2.438127090301003363e+01 6.119407832614437876e-169 1.188049486202391813e+00 6.139817126776903500e+00 1.033402962518968016e+00 9.066904275460515583e-01
2.468227424749164101e+01 7.685718224638435858e-164 1.190257745247282672e+00 6.133109214102865359e+00 1.034205530262750417e+00 9.854966135597373889e-01
2.498327759197324482e+01 8.009868104218002431e-159 1.192466004292173753e+00 6.102852999853812577e+00 1.035008098006532817e+00 1.068991587545180089e+00
2.528428093645485220e+01 6.926791536839949023e-154 1.194674263337064613e+00 6.048180681240552303e+00 1.035810665750315218e+00 1.154455839761358460e+00
2.558528428093645601e+01 4.970553091009243316e-149 1.196882522381955694e+00 5.976172605464364906e+00 1.036613233494097619e+00 1.240073058225318103e+00
2.588628762541806339e+01 2.959669128482997031e-144 1.199090781426846553e+00 5.899443400627905731e+00 1.037415801237880020e+00 1.325536772700571131e+00
2.618729096989966720e+01 1.462336952302267197e-139 1.201299040471737634e+00 5.831090645150497132e+00 1.038218368981662421e+00 1.411927895742617345e+00
2.648829431438127102e+01 5.995392120290006714e-135 1.203507299516628493e+00 5.779304286021246462e+00 1.039020936725444821e+00 1.501036873275187311e+00
2.678929765886287839e+01 2.039640267728172172e-130 1.205715558561519352e+00 5.744142188757934697e+00 1.039823504469227222e+00 1.594592063014135030e+00
2.709030100334448221e+01 5.757784529813401973e-126 1.207923817606410433e+00 5.717641541636221625e+00 1.040626072213009623e+00 1.693827898410651844e+00
2.739130434782608958e+01 1.348724000682350285e-121 1.210132076651301292e+00 5.686675716959471494e+00 1.041428639956792024e+00 1.799531880575259146e+00
2.769230769230769340e+01 2.621540730265687540e-117 1.212340335696192373e+00 5.636999172023474891e+00 1.042231207700574425e+00 1.912374694877162051e+00
2.799331103678930077e+01 4.228204457589469679e-113 1.214548594741083232e+00 5.557044529110759079e+00 1.043033775444356825e+00 2.033184750742861535e+00
2.829431438127090459e+01 5.658758973502178033e-109 1.216756853785974313e+00 5.440654775476154725e+00 1.043836343188139226e+00 2.162943478377751472e+00
2.859531772575251196e+01 6.284232711237901431e-105 1.218965112830865172e+00 5.288379185272306771e+00 1.044638910931921627e+00 2.302520951528713944e+00
2.889632107023411578e+01 5.790941372861572960e-101 1.221173371875756253e+00 5.107109562680382631e+00 1.045441478675704028e+00 2.452347623165001878e+00
2.919732441471571960e+01 4.428043959687550011e-97 1.223381630920647112e+00 4.908032238529546731e+00 1.046244046419486429e+00 2.612227262165918162e+00
2.949832775919732697e+01 2.809574325716354003e-93 1.225589889965538193e+00 4.703407420148449702e+00 1.047046614163268830e+00 2.781380417749023781e+00
2.979933110367893079e+01 1.479227505932870941e-89 1.227798149010429052e+00 4.503346465106638163e+00 1.047849181907051230e+00 2.958673256589053668e+00
3.010033444816053816e+01 6.462421317699145861e-86 1.230006408055320133e+00 4.313928855179115729e+00 1.048651749650833631e+00 3.142910269329497908e+00
3.040133779264214198e+01 2.342725525000629484e-82 1.232214667100210992e+00 4.137315740374602591e+00 1.049454317394616032e+00 3.333069875637216573e+00
3.070234113712374935e+01 7.047148070188917813e-79 1.234422926145101851e+00 3.973375493717802076e+00 1.050256885138398433e+00 3.528419788137600932e+00
3.100334448160535317e+01 1.759021834712671845e-75 1.236631185189992932e+00 3.821615464789301253e+00 1.051059452882180834e+00 3.728523925913808768e+00
3.130434782608696054e+01 3.643299803812720721e-72 1.238839444234883791e+00 3.682383384318304920e+00 1.051862020625963234e+00 3.933197153429271342e+00
3.160535117056856436e+01 6.261587254329697542e-69 1.241047703279774872e+00 3.557001576215365723e+00 1.052664588369745635e+00 4.142454319641636573e+00
3.190635451505016817e+01 8.929760468148286314e-66 1.243255962324665731e+00 3.447072135742563326e+00 1.053467156113527814e+00 4.356460912629693816e+00
3.220735785953177555e+01 1.056722680055670029e-62 1.245464221369556812e+00 3.353417306859963087e+00 1.054269723857310215e+00 4.575467754490665229e+00
3.250836120401338292e+01 1.037643318819545513e-59 1.247672480414447671e+00 3.275185223805623380e+00 1.055072291601092616e+00 4.799702137766977295e+00
3.280936454849498318e+01 8.454754584637939847e-57 1.249880739459338752e+00 3.209614426418289757e+00 1.055874859344875016e+00 5.029155276117205808e+00
3.311036789297659055e+01 5.716362533163444484e-54 1.252088998504229611e+00 3.152614578131064604e+00 1.056677427088657417e+00 5.263170765426679942e+00
3.341137123745819792e+01 3.207039939859869611e-51 1.254297257549120470e+00 3.099729041700107768e+00 1.057479994832439818e+00 5.499822556818993569e+00
3.371237458193979819e+01 1.492982851651219029e-48 1.256505516594011551e+00 3.046731806204798332e+00 1.058282562576222219e+00 5.735355922864989076e+00
3.401337792642140556e+01 5.767281060889667093e-46 1.258713775638902410e+00 2.989532564421504279e+00 1.059085130320004620e+00 5.964284010885014808e+00
3.431438127090301293e+01 1.848643892421262465e-43 1.260922034683793491e+00 2.923890829642483702e+00 1.059887698063787020e+00 6.180696657257046311e+00
3.461538461538462030e+01 4.917011796814017086e-41 1.263130293728684350e+00 2.845773314799350473e+00 1.060690265807569421e+00 6.380703934591812398e+00
3.491638795986622057e+01 1.085213247188261272e-38 1.265338552773575431e+00 2.752579635828568794e+00 1.061492833551351822e+00 6.564987055002694305e+00
3.521739130434782794e+01 1.987443399519564837e-36 1.267546811818466290e+00 2.644494385508705747e+00 1.062295401295134223e+00 6.739899706917849009e+00
3.551839464882943531e+01 3.020231955073330296e-34 1.269755070863357371e+00 2.524897745737277432e+00 1.063097969038916624e+00 6.916059255814148266e+00
3.581939799331104268e+01 3.808479950438943552e-32 1.271963329908248230e+00 2.399399516368903473e+00 1.063900536782699024e+00 7.104764119837783554e+00
3.612040133779264295e+01 3.985005226680841733e-30 1.274171588953139089e+00 2.273999310718275435e+00 1.064703104526481425e+00 7.313983477288226176e+00
3.642140468227425032e+01 3.459967054031860134e-28 1.276379847998030170e+00 2.153276226882294697e+00 1.065505672270263826e+00 7.546067248237855907e+00
3.672240802675585769e+01 2.492762357552495390e-26 1.278588107042921251e+00 2.039217423568714604e+00 1.066308240014046227e+00 7.798349537848192625e+00
3.702341137123745796e+01 1.490238018226201742e-24 1.280796366087812110e+00 1.930838175571870208e+00 1.067110807757828628e+00 8.066062887758702615e+00
3.732441471571906533e+01 7.392583624067951250e-23 1.283004625132702969e+00 1.824609184715238142e+00 1.067913375501611029e+00 8.345607651712665387e+00
3.762541806020067270e+01 3.043005235441189974e-21 1.285212884177594050e+00 1.715775456720631587e+00 1.068715943245393429e+00 8.636156541517774343e+00
3.792642140468228007e+01 1.039381541280774944e-19 1.287421143222484909e+00 1.600456347714447336e+00 1.069518510989175830e+00 8.938849480377966117e+00
3.822742474916388034e+01 2.945867078494006033e-18 1.289629402267375990e+00 1.477832643796000767e+00 1.070321078732958231e+00 9.254533968682105538e+00
3.852842809364548771e+01 6.928147773923217076e-17 1.291837661312266849e+00 1.351268193280798835e+00 1.071123646476740632e+00 9.581909450719715338e+00
3.882943143812709508e+01 1.352032058206167009e-15 1.294045920357157931e+00 1.227528557624900651e+00 1.071926214220523033e+00 9.917424130677314764e+00
3.913043478260869534e+01 2.189387818801647811e-14 1.296254179402048790e+00 1.114343989527709189e+00 1.072728781964305433e+00 1.025682262363827135e+01
3.943143812709030271e+01 2.941875531709637899e-13 1.298462438446939871e+00 1.017613530471205507e+00 1.073531349708087834e+00 1.059702455895774875e+01
3.973244147157191009e+01 3.280136052972948855e-12 1.300670697491830730e+00 9.396907448667306539e-01 1.074333917451870235e+00 1.093691881012930622e+01
4.003344481605351746e+01 3.034768807473648603e-11 1.302878956536721589e+00 8.793565515774603991e-01 1.075136485195652636e+00 1.127658920156186895e+01
4.033444816053511772e+01 2.329840521493343727e-10 1.305087215581612670e+00 8.330363812589762773e-01 1.075939052939435037e+00 1.161556391804331412e+01
4.063545150501672509e+01 1.484210269297190696e-09 1.307295474626503751e+00 7.963560092531987156e-01 1.076741620683217437e+00 1.195110800061428158e+01
4.093645484949833246e+01 7.845823778175232939e-09 1.309503733671394610e+00 7.653635332277723968e-01 1.077544188426999838e+00 1.227731033770291091e+01
4.123745819397993273e+01 3.441680158692729652e-08 1.311711992716285469e+00 7.372069102991657408e-01 1.078346756170782239e+00 1.258528965558801715e+01
4.153846153846154010e+01 1.252951321358026090e-07 1.313920251761176550e+00 7.103322192009282610e-01 1.079149323914564640e+00 1.286465387489672807e+01
4.183946488294314747e+01 3.786628460842752564e-07 1.316128510806067409e+00 6.843225122621672263e-01 1.079951891658347041e+00 1.310621184774273296e+01
4.214046822742475484e+01 9.507785536240291699e-07 1.318336769850958490e+00 6.594811921337270233e-01 1.080754459402129442e+00 1.330543453865617209e+01
4.244147157190635511e+01 1.988050976469918749e-06 1.320545028895849349e+00 6.362608694549436450e-01 1.081557027145911842e+00 1.346534030100796819e+01
4.274247491638796248e+01 3.484808675519309010e-06 1.322753287940740208e+00 6.146652929798825937e-01 1.082359594889694243e+00 1.359705461110003633e+01
4.304347826086956985e+01 5.215488077310131085e-06 1.324961546985631289e+00 5.938186136263583492e-01 1.083162162633476644e+00 1.371701029599635824e+01
4.334448160535117722e+01 6.980934054293632036e-06 1.327169806030522370e+00 5.719487891554378978e-01 1.083964730377259045e+00 1.384149850423792039e+01
4.364548494983277749e+01 9.167371424895699427e-06 1.329378065075413229e+00 5.469339543357381039e-01 1.084767298121041446e+00 1.398095548260886467e+01
4.394648829431438486e+01 1.311541764033451562e-05 1.331586324120304088e+00 5.172580478192772002e-01 1.085569865864823846e+00 1.413673853747635256e+01
4.424749163879599223e+01 2.065118822089106489e-05 1.333794583165195169e+00 4.828952542378141533e-01 1.086372433608606247e+00 1.430186943247584530e+01
4.454849498327759250e+01 3.283904403784972369e-05 1.336002842210086028e+00 4.455896647832056079e-01 1.087175001352388648e+00 1.446512816133894397e+01
4.484949832775919987e+01 4.904814260442441230e-05 1.338211101254977109e+00 4.083293065322318727e-01 1.087977569096171049e+00 1.461626905493314155e+01
4.515050167224080724e+01 6.745052040102726991e-05 1.340419360299867968e+00 3.743087559897974592e-01 1.088780136839953450e+00 1.474986337025915262e+01
4.545150501672241461e+01 8.661737107520584207e-05 1.342627619344759049e+00 3.459526107111736692e-01 1.089582704583735628e+00 1.486631834801141849e+01
4.575250836120401488e+01 1.065144834206398531e-04 1.344835878389649908e+00 3.244340320125306265e-01 1.090385272327518029e+00 1.497025016416509935e+01
4.605351170568562225e+01 1.278220455210197441e-04 1.347044137434540989e+00 3.097183626621660135e-01 1.091187840071300430e+00 1.506765894784616577e+01
4.635451505016722962e+01 1.505383687777382196e-04 1.349252396479431848e+00 3.008427383261321197e-01 1.091990407815082831e+00 1.516361011878267995e+01
4.665551839464882988e+01 1.737089792243625504e-04 1.351460655524322707e+00 2.961450250491976521e-01 1.092792975558865232e+00 1.526131627847555627e+01
4.695652173913043725e+01 1.967333261857459636e-04 1.353668914569213788e+00 2.934098231409283941e-01 1.093595543302647632e+00 1.536224520832476337e+01
4.725752508361204463e+01 2.208199956988034923e-04 1.355877173614104869e+00 2.901250617980242197e-01 1.094398111046430033e+00 1.546608466869425946e+01
4.755852842809365200e+01 2.492127267125314178e-04 1.358085432658995728e+00 2.840144738927636858e-01 1.095200678790212434e+00 1.556970022770356366e+01
4.785953177257525226e+01 2.866433382382069196e-04 1.360293691703886587e+00 2.737462407542650689e-01 1.096003246533994835e+00 1.566543196174575847e+01
4.816053511705685963e+01 3.391093059214173575e-04 1.362501950748777668e+00 2.594489199178364736e-01 1.096805814277777236e+00 1.574023484582113497e+01
4.846153846153846700e+01 4.129998449272348341e-04 1.364710209793668527e+00 2.426521584046384405e-01 1.097608382021559636e+00 1.577725938906967507e+01
4.876254180602006727e+01 5.112732506176111049e-04 1.366918468838559608e+00 2.255845567710413335e-01 1.098410949765342037e+00 1.576022697155974406e+01
4.906354515050167464e+01 6.277815304251541020e-04 1.369126727883450467e+00 2.101937725861139916e-01 1.099213517509124438e+00 1.567912256066379051e+01
4.936454849498328201e+01 7.456172698211693817e-04 1.371334986928341548e+00 1.974481913927125243e-01 1.100016085252906839e+00 1.553454941267140832e+01
4.966555183946488938e+01 8.438696955528961164e-04 1.373543245973232407e+00 1.872526518690818265e-01 1.100818652996689240e+00 1.533842769513625726e+01
4.996655518394648965e+01 9.093669306141530066e-04 1.375751505018123488e+00 1.788571184629825783e-01 1.101621220740471641e+00 1.511045778816137464e+01
5.026755852842809702e+01 9.447391168303581003e-04 1.377959764063014347e+00 1.713564080917264199e-01 1.102423788484254041e+00 1.487190312734710140e+01
5.056856187290970439e+01 9.670884656934551063e-04 1.380168023107905206e+00 1.639782418923024787e-01 1.103226356228036442e+00 1.463953165303568760e+01
5.086956521739130466e+01 9.987871884930747766e-04 1.382376282152796287e+00 1.561627276007050980e-01 1.104028923971818843e+00 1.442227388311133573e+01
5.117056856187291203e+01 1.056516622135700561e-03 1.384584541197687146e+00 1.476152592108111727e-01 1.104831491715601244e+00 1.422153687345216078e+01
5.147157190635451940e+01 1.143997803643920621e-03 1.386792800242578227e+00 1.384298799655708234e-01 1.105634059459383645e+00 1.403416179710776746e+01
5.177257525083612677e+01 1.250683659942747415e-03 1.389001059287469086e+00 1.291905091256470572e-01 1.106436627203166045e+00 1.385587881898512386e+01
5.207357859531772704e+01 1.356704746854751464e-03 1.391209318332360168e+00 1.208949938010511760e-01 1.107239194946948446e+00 1.368337138308160306e+01
5.237458193979933441e+01 1.442849943659857458e-03 1.393417577377251027e+00 1.146634466424939075e-01 1.108041762690730847e+00 1.351436299341258973e+01
5.267558528428094178e+01 1.500472033363259511e-03 1.395625836422142108e+00 1.113500600415753827e-01 1.108844330434513248e+00 1.334649062465622293e+01
5.297658862876254204e+01 1.533624047950782159e-03 1.397834095467032967e+00 1.112355909520952174e-01 1.109646898178295649e+00 1.317623531070551834e+01
5.327759197324414941e+01 1.551764138308308781e-03 1.400042354511923826e+00 1.139219991679378263e-01 1.110449465922078049e+00 1.299868913549607896e+01
5.357859531772575679e+01 1.561608714114363266e-03 1.402250613556814907e+00 1.184527585019400364e-01 1.111252033665860450e+00 1.280807161226736923e+01
5.387959866220736416e+01 1.567082601014610499e-03 1.404458872601705988e+00 1.236000686791818570e-01 1.112054601409642851e+00 1.259847085350606122e+01
5.418060200668896442e+01 1.576013392257819565e-03 1.406667131646596847e+00 1.282097993104225897e-01 1.112857169153425252e+00 1.236455436931909979e+01
5.448160535117057179e+01 1.605540491797180372e-03 1.408875390691487706e+00 1.314805828329338178e-01 1.113659736897207653e+00 1.210252311715682616e+01
5.478260869565217916e+01 1.680628727841304787e-03 1.411083649736378787e+00 1.330841407501834606e-01 1.114462304640990054e+00 1.181166887460022075e+01
5.508361204013378654e+01 1.824906586248631942e-03 1.413291908781269646e+00 1.331097510626678415e-01 1.115264872384772454e+00 1.149628734298965860e+01
5.538461538461538680e+01 2.047975127084136239e-03 1.415500167826160727e+00 1.319041126936781327e-01 1.116067440128554855e+00 1.116687407211744798e+01
5.568561872909699417e+01 2.338283246960549695e-03 1.417708426871051586e+00 1.299145800618834168e-01 1.116870007872337256e+00 1.083928350510541883e+01
5.598662207357860154e+01 2.669166045096628415e-03 1.419916685915942667e+00 1.275890224210511070e-01 1.117672575616119657e+00 1.053126814028841451e+01
5.628762541806020181e+01 3.015136056107766728e-03 1.422124944960833526e+00 1.252918934384805172e-01 1.118475143359902058e+00 1.025718484293886412e+01
5.658862876254180918e+01 3.365827979422183602e-03 1.424333204005724607e+00 1.231777000681663764e-01 1.119277711103684458e+00 1.002282520924980247e+01
5.688963210702341655e+01 3.727207213574621706e-03 1.426541463050615466e+00 1.210583426973094318e-01 1.120080278847466859e+00 9.822590154323137313e+00
5.719063545150502392e+01 4.111726503961929922e-03 1.428749722095506325e+00 1.183992385013163673e-01 1.120882846591249038e+00 9.640432325225447130e+00
5.749163879598662419e+01 4.527444314688900198e-03 1.430957981140397406e+00 1.145400564616050054e-01 1.121685414335031439e+00 9.454524396822792554e+00
5.779264214046823156e+01 4.973569909000399858e-03 1.433166240185288487e+00 1.090658600054870697e-01 1.122487982078813840e+00 9.244117101395767477e+00
5.809364548494983893e+01 5.444449436703810777e-03 1.435374499230179346e+00 1.021116349065171736e-01 1.123290549822596240e+00 8.996120526364304482e+00
5.839464882943143920e+01 5.941650985030044220e-03 1.437582758275070205e+00 9.440199549803769685e-02 1.124093117566378641e+00 8.708947401918827325e+00
5.869565217391304657e+01 6.489083608028982722e-03 1.439791017319961286e+00 8.698634498289144201e-02 1.124895685310161042e+00 8.392150813659029041e+00
5.899665551839465394e+01 7.138373817324150140e-03 1.441999276364852145e+00 8.080193975700449005e-02 1.125698253053943443e+00 8.062043435267922220e+00
5.929765886287626131e+01 7.951253347055885906e-03 1.444207535409743226e+00 7.628532444262596524e-02 1.126500820797725844e+00 7.735141088826336997e+00
5.959866220735786158e+01 8.959905491452263213e-03 1.446415794454634085e+00 7.323156124376251075e-02 1.127303388541508244e+00 7.422180662217392033e+00
5.989966555183946895e+01 1.013054102648658361e-02 1.448624053499524944e+00 7.098063391732449545e-02 1.128105956285290645e+00 7.125153211719768009e+00
6.020066889632107632e+01 1.136877187900907013e-02 1.450832312544416025e+00 6.883057469054240651e-02 1.128908524029073046e+00 6.838368729906131982e+00
6.050167224080267658e+01 1.258032654060733425e-02 1.453040571589307106e+00 6.643492862186742287e-02 1.129711091772855447e+00 6.552705387040025364e+00
6.080267558528428395e+01 1.374559425647683096e-02 1.455248830634197965e+00 6.395048147763443547e-02 1.130513659516637848e+00 6.260822681540663126e+00
6.110367892976589133e+01 1.494049183350957752e-02 1.457457089679088824e+00 6.187020487222734400e-02 1.131316227260420249e+00 5.960914385876066923e+00
6.140468227424749870e+01 1.628173279473429588e-02 1.459665348723979905e+00 6.067822521652294770e-02 1.132118795004202649e+00 5.657567978440679823e+00
6.170568561872909896e+01 1.784875041164340689e-02 1.461873607768870764e+00 6.054836572316860815e-02 1.132921362747985050e+00 5.359832818725002390e+00
6.200668896321070633e+01 1.965169057520694748e-02 1.464081866813761845e+00 6.123947871248694441e-02 1.133723930491767451e+00 5.077788027886690259e+00
6.230769230769231370e+01 2.165503925263619067e-02 1.466290125858652704e+00 6.220205844006715390e-02 1.134526498235549852e+00 4.819201199256834656e+00
6.260869565217392108e+01 2.380439441366175024e-02 1.468498384903543785e+00 6.280348064236056238e-02 1.135329065979332253e+00 4.587382241469861732e+00
6.290969899665552134e+01 2.601935378722266407e-02 1.470706643948434644e+00 6.255010979814736027e-02 1.136131633723114653e+00 4.380591158876818270e+00
6.321070234113712871e+01 2.818853539866366179e-02 1.472914902993325725e+00 6.122247862754662956e-02 1.136934201466897054e+00 4.192824922319980274e+00
6.351170568561873608e+01 3.022519165685621720e-02 1.475123162038216584e+00 5.890360936578560580e-02 1.137736769210679455e+00 4.015591117714696345e+00
6.381270903010033635e+01 3.215873403613774689e-02 1.477331421083107443e+00 5.592558383792862325e-02 1.138539336954461856e+00 3.840195892710934089e+00
6.411371237458195083e+01 3.414982813739983469e-02 1.479539680127998524e+00 5.276712187838020901e-02 1.139341904698244257e+00 3.659972516060707726e+00
6.441471571906355109e+01 3.636581435646912830e-02 1.481747939172889605e+00 4.992570991830475036e-02 1.140144472442026657e+00 3.471810224455428973e+00
6.471571906354515136e+01 3.880790857120826332e-02 1.483956198217780464e+00 4.779081056578130676e-02 1.140947040185809058e+00 3.276495525584817603e+00
6.501672240802676583e+01 4.125491851875433269e-02 1.486164457262671323e+00 4.655609183207384816e-02 1.141749607929591459e+00 3.077817093621893374e+00
6.531772575250836610e+01 4.338657516232207606e-02 1.488372716307562404e+00 4.619909126053280135e-02 1.142552175673373860e+00 2.880917105475495177e+00
6.561872909698996637e+01 4.498906177339252743e-02 1.490580975352453263e+00 4.651917120165200564e-02 1.143354743417156261e+00 2.690659184378454860e+00
6.591973244147158084e+01 4.608681745987812384e-02 1.492789234397344345e+00 4.719300667839498864e-02 1.144157311160938661e+00 2.510628734341246115e+00
6.622073578595318111e+01 4.691643736219847788e-02 1.494997493442235204e+00 4.781682602107920066e-02 1.144959878904721062e+00 2.342910514779748432e+00
6.652173913043478137e+01 4.777673473360482398e-02 1.497205752487126063e+00 4.794599733933629926e-02 1.145762446648503463e+00 2.188349754843751604e+00
6.682274247491639585e+01 4.886711722818293246e-02 1.499414011532017144e+00 4.716554208709389934e-02 1.146565014392285864e+00 2.046877556954395772e+00
6.712374581939799612e+01 5.021892169076037915e-02 1.501622270576908225e+00 4.519775090048427230e-02 1.147367582136068265e+00 1.917668626087110528e+00
6.742474916387959638e+01 5.173579851179676420e-02 1.503830529621799084e+00 4.200234142461507780e-02 1.148170149879850666e+00 1.799170909477766811e+00
6.772575250836121086e+01 5.326807465333434355e-02 1.506038788666689943e+00 3.780793632755451161e-02 1.148972717623633066e+00 1.689180822878684873e+00
6.802675585284281112e+01 5.465223797850842641e-02 1.508247047711581024e+00 3.305165196487153123e-02 1.149775285367415467e+00 1.585091955354011928e+00
6.832775919732442560e+01 5.573214139048105614e-02 1.510455306756472105e+00 2.825816285874428388e-02 1.150577853111197868e+00 1.484323065772239270e+00
6.862876254180602587e+01 5.641042216192444780e-02 1.512663565801362964e+00 2.391207396388336792e-02 1.151380420854980269e+00 1.384834040014484513e+00
6.892976588628762613e+01 5.671320484316125926e-02 1.514871824846253823e+00 2.036090348502494346e-02 1.152182988598762670e+00 1.285586394913102559e+00
6.923076923076924061e+01 5.680160529735204383e-02 1.517080083891144682e+00 1.776027816289286673e-02 1.152985556342545070e+00 1.186784308412534461e+00
6.953177257525084087e+01 5.690601397031737341e-02 1.519288342936035763e+00 1.606223664149309185e-02 1.153788124086327471e+00 1.089762414417540182e+00
6.983277591973244114e+01 5.722502251465695633e-02 1.521496601980926844e+00 1.504852722161238027e-02 1.154590691830109872e+00 9.965011109240924370e-01
7.013377926421405562e+01 5.784316481141875410e-02 1.523704861025817703e+00 1.440734592117443556e-02 1.155393259573892273e+00 9.089227142443794261e-01
7.043478260869565588e+01 5.869788406316210627e-02 1.525913120070708562e+00 1.383707553517068284e-02 1.156195827317674674e+00 8.282495048017403105e-01
7.073578595317725615e+01 5.960802596894546057e-02 1.528121379115599643e+00 1.314217554099067660e-02 1.156998395061457074e+00 7.546874833040211339e-01
7.103678929765887062e+01 6.035861951991122049e-02 1.530329638160490724e+00 1.227997780396145565e-02 1.157800962805239475e+00 6.875361907902312053e-01
7.133779264214047089e+01 6.080141788275593429e-02 1.532537897205381583e+00 1.133470296130010581e-02 1.158603530549021876e+00 6.256207118014072144e-01
7.163879598662208537e+01 6.090365495287922842e-02 1.534746156250272442e+00 1.043307852421289719e-02 1.159406098292804055e+00 5.678203574048298341e-01
7.193979933110368563e+01 6.071082216933939429e-02 1.536954415295163523e+00 9.651447143639683979e-03 1.160208666036586456e+00 5.134759979815276543e-01
7.224080267558528590e+01 6.027148446608864008e-02 1.539162674340054382e+00 8.969254928273084557e-03 1.161011233780368856e+00 4.625505421824640528e-01
7.254180602006690037e+01 5.960645492336541507e-02 1.541370933384945463e+00 8.291547771576838685e-03 1.161813801524151257e+00 4.155228137103562092e-01
7.284280936454850064e+01 5.873973123817403247e-02 1.543579192429836322e+00 7.517495102172160396e-03 1.162616369267933658e+00 3.730768559503964132e-01
7.314381270903010090e+01 5.773393717385705975e-02 1.545787451474727181e+00 6.606929050589008777e-03 1.163418937011716059e+00 3.357079208301634865e-01
7.344481605351171538e+01 5.668729019019300153e-02 1.547995710519618262e+00 5.606943296743041247e-03 1.164221504755498460e+00 3.034035978101314868e-01
7.374581939799331565e+01 5.570438357486338921e-02 1.550203969564509343e+00 4.632262048593463293e-03 1.165024072499280861e+00 2.755482510939696872e-01
7.404682274247491591e+01 5.485647851398817165e-02 1.552412228609400202e+00 3.820690202433312151e-03 1.165826640243063261e+00 2.511131953467790612e-01
7.434782608695653039e+01 5.413098810509150288e-02 1.554620487654291061e+00 3.291506603270178202e-03 1.166629207986845662e+00 2.290513979700478930e-01
7.464882943143813065e+01 5.340188089086261858e-02 1.556828746699182142e+00 3.121339625948075375e-03 1.167431775730628063e+00 2.086923276099783287e-01
7.494983277591973092e+01 5.247367109557673354e-02 1.559037005744073223e+00 3.333806966236429765e-03 1.168234343474410464e+00 1.899206037141552283e-01
7.525083612040134540e+01 5.118741524676161808e-02 1.561245264788964082e+00 3.892220869352387008e-03 1.169036911218192865e+00 1.730461259602723567e-01
7.555183946488294566e+01 4.950641682250396525e-02 1.563453523833854941e+00 4.693759482800742566e-03 1.169839478961975265e+00 1.584581352816754607e-01
7.585284280936456014e+01 4.752567386320308285e-02 1.565661782878745800e+00 5.577552607283998640e-03 1.170642046705757666e+00 1.462767648798610209e-01
7.615384615384616041e+01 4.542182767628680923e-02 1.567870041923636881e+00 6.360053135156522319e-03 1.171444614449540067e+00 1.361958206340219135e-01
7.645484949832776067e+01 4.338386872050193493e-02 1.570078300968527962e+00 6.892001915285213103e-03 1.172247182193322468e+00 1.275767100169482582e-01
7.675585284280937515e+01 4.155277141112106304e-02 1.572286560013418821e+00 7.107613620524183724e-03 1.173049749937104869e+00 1.197068929582059127e-01
7.705685618729097541e+01 3.999300147572241310e-02 1.574494819058309680e+00 7.034248447151005348e-03 1.173852317680887269e+00 1.120685663865935294e-01
7.735785953177257568e+01 3.869975027533507916e-02 1.576703078103200761e+00 6.758404819138317046e-03 1.174654885424669670e+00 1.044938880449940155e-01
7.765886287625419016e+01 3.761048151690328523e-02 1.578911337148091842e+00 6.378482548272174611e-03 1.175457453168452071e+00 9.716404085002915136e-02
7.795986622073579042e+01 3.659659659294522277e-02 1.581119596192982701e+00 5.982281799544565855e-03 1.176260020912234472e+00 9.047988716579348500e-02
7.826086956521739069e+01 3.546825878208395566e-02 1.583327855237873560e+00 5.658312109788853767e-03 1.177062588656016873e+00 8.486542928300798427e-02
7.856187290969900516e+01 3.404232640080482458e-02 1.585536114282764641e+00 5.512072977488368698e-03 1.177865156399799274e+00 8.057292458060263951e-02
7.886287625418060543e+01 3.225094718185349957e-02 1.587744373327655500e+00 5.649342186708590334e-03 1.178667724143581674e+00 7.755716974609441761e-02
7.916387959866221991e+01 3.019738200013722187e-02 1.589952632372546582e+00 6.119483911195594886e-03 1.179470291887364075e+00 7.547256479219338621e-02
7.946488294314382017e+01 2.809957056088907557e-02 1.592160891417437441e+00 6.856211581785070716e-03 1.180272859631146476e+00 7.380427433829664374e-02
7.976588628762542044e+01 2.616440348228876722e-02 1.594369150462328300e+00 7.669675907588284838e-03 1.181075427374928877e+00 7.207759787615253266e-02
8.006688963210703491e+01 2.448955623840124926e-02 1.596577409507219381e+00 8.312845051955645645e-03 1.181877995118711278e+00 7.003603588112841671e-02
8.036789297658863518e+01 2.304975692596095832e-02 1.598785668552110462e+00 8.588987307073608912e-03 1.182680562862493678e+00 6.768653139282576614e-02
8.066889632107023544e+01 2.174790519133936589e-02 1.600993927597001321e+00 8.432838053014778124e-03 1.183483130606276079e+00 6.518983041008823143e-02
8.096989966555184992e+01 2.047664588489418042e-02 1.603202186641892180e+00 7.916630458774725695e-03 1.184285698350058480e+00 6.267531019820690719e-02
8.127090301003345019e+01 1.916017936807741170e-02 1.605410445686783261e+00 7.188092054763035345e-03 1.185088266093840881e+00 6.010792065818918589e-02
8.157190635451505045e+01 1.777983914738168539e-02 1.607618704731674342e+00 6.391780523797318571e-03 1.185890833837623282e+00 5.729243518867645213e-02
8.187290969899666493e+01 1.638640712872335009e-02 1.609826963776565201e+00 5.622374735200244729e-03 1.186693401581405682e+00 5.400037071620223533e-02
8.217391304347826519e+01 1.508501493241781385e-02 1.612035222821456060e+00 4.920307156496194975e-03 1.187495969325188083e+00 5.012388668792931712e-02
8.247491638795986546e+01 1.398644143974062289e-02 1.614243481866346919e+00 4.288250008812065188e-03 1.188298537068970484e+00 4.575429840947368987e-02
8.277591973244147994e+01 1.314953951106455354e-02 1.616451740911238000e+00 3.706952879922276005e-03 1.189101104812752663e+00 4.114470637973009770e-02
8.307692307692308020e+01 1.255308326597124810e-02 1.618659999956129081e+00 3.147571764838735797e-03 1.189903672556535064e+00 3.659323636573939137e-02
8.337792642140469468e+01 1.211343951607019888e-02 1.620868259001019940e+00 2.586776537103141309e-03 1.190706240300317464e+00 3.232284466492826858e-02
8.367892976588629494e+01 1.173099737901099615e-02 1.623076518045910799e+00 2.022714649500076661e-03 1.191508808044099865e+00 2.842039664653227271e-02
8.397993311036789521e+01 1.133275740026691743e-02 1.625284777090801880e+00 1.480656089335843743e-03 1.192311375787882266e+00 2.485334066115197152e-02
8.428093645484950969e+01 1.088833614782613521e-02 1.627493036135692961e+00 1.001832170520841831e-03 1.193113943531664667e+00 2.153914708675954900e-02
8.458193979933110995e+01 1.039985427665441643e-02 1.629701295180583820e+00 6.228276457318837134e-04 1.193916511275447068e+00 1.842149662220933168e-02
8.488294314381271022e+01 9.881898985750573253e-03 1.631909554225474679e+00 3.602273412302834147e-04 1.194719079019229468e+00 1.551214489220834047e-02
8.518394648829432469e+01 9.344916740556430401e-03 1.634117813270365760e+00 2.091923472797258899e-04 1.195521646763011869e+00 1.288146477237033481e-02
8.548494983277592496e+01 8.786803256897754086e-03 1.636326072315256619e+00 1.527407775025688423e-04 1.196324214506794270e+00 1.061058728935718697e-02
8.578595317725752523e+01 8.197060258376241346e-03 1.638534331360147700e+00 1.718138755768935304e-04 1.197126782250576671e+00 8.738109946988623783e-03
8.608695652173913970e+01 7.574486155767415525e-03 1.640742590405038559e+00 2.485294952826740773e-04 1.197929349994359072e+00 7.233605090906577995e-03
8.638795986622073997e+01 6.943619441160303433e-03 1.642950849449929418e+00 3.623982472427287813e-04 1.198731917738141473e+00 6.010372306989458964e-03
8.668896321070235444e+01 6.349950272737461127e-03 1.645159108494820499e+00 4.855582211381908502e-04 1.199534485481923873e+00 4.965223380165819343e-03
8.698996655518395471e+01 5.836324247846151961e-03 1.647367367539711580e+00 5.840917358147292579e-04 1.200337053225706274e+00 4.019734591518238538e-03
8.729096989966555498e+01 5.424376886739260863e-03 1.649575626584602439e+00 6.275631452664867009e-04 1.201139620969488675e+00 3.141641564254612790e-03
8.759197324414716945e+01 5.114469915116832965e-03 1.651783885629493298e+00 6.015614690455391936e-04 1.201942188713271076e+00 2.340483159166204061e-03
8.789297658862876972e+01 4.894573503978079908e-03 1.653992144674384379e+00 5.143303578050733476e-04 1.202744756457053477e+00 1.646301334782725818e-03
8.819397993311036998e+01 4.746642281830383385e-03 1.656200403719275460e+00 3.922118060497585719e-04 1.203547324200835877e+00 1.086031010559564396e-03
8.849498327759198446e+01 4.651563939378077980e-03 1.658408662764166319e+00 2.667537060720656140e-04 1.204349891944618278e+00 6.687453460884486929e-04
8.879598662207358473e+01 4.594948874202932874e-03 1.660616921809057178e+00 1.618118983835145663e-04 1.205152459688400679e+00 3.830976054548161061e-04
8.909698996655518499e+01 4.568544616316774429e-03 1.662825180853948037e+00 8.754279220680277176e-05 1.205955027432183080e+00 2.036622575149041651e-04
8.939799331103679947e+01 4.564728547378293401e-03 1.665033439898839118e+00 4.224158769526203440e-05 1.206757595175965481e+00 1.002838410455692366e-04
8.969899665551839973e+01 4.571523171298904828e-03 1.667241698943730199e+00 1.817899867031369990e-05 1.207560162919747881e+00 4.566699676948598053e-05
9.000000000000000000e+01 4.575748415178739620e-03 1.669449957988621058e+00 6.977656176325929357e-06 1.208362730663530282e+00 1.920770294947648772e-05
