0.000000000000000000e+00 0.000000000000000000e+00 8.013549758974171100e-01 7.580676561072473941e-06 7.641720244536042150e-01 8.516740912919344456e-06
3.010033444816053727e-01 0.000000000000000000e+00 8.042882166181456460e-01 3.298500393824789077e-05 7.653963898859140746e-01 2.687225778817828515e-05
6.020066889632107454e-01 0.000000000000000000e+00 8.072214573388741821e-01 1.138631527667485283e-04 7.666207553182239343e-01 7.383747254660121895e-05
9.030100334448161181e-01 0.000000000000000000e+00 8.101546980596027181e-01 3.127143544421355417e-04 7.678451207505337939e-01 1.768664559366576474e-04
1.204013377926421491e+00 0.000000000000000000e+00 8.130879387803311431e-01 6.869892899728870022e-04 7.690694861828436535e-01 3.698991366483425744e-04
1.505016722408026864e+00 0.000000000000000000e+00 8.160211795010596791e-01 1.219336144184085795e-03 7.702938516151535131e-01 6.771072793165290333e-04
1.806020066889632236e+00 0.000000000000000000e+00 8.189544202217882152e-01 1.780306051713601879e-03 7.715182170474632617e-01 1.089272081986819964e-03
2.107023411371237387e+00 0.000000000000000000e+00 8.218876609425167512e-01 2.206197320995207864e-03 7.727425824797731213e-01 1.550611815925765236e-03
2.408026755852842982e+00 0.000000000000000000e+00 8.248209016632452872e-01 2.441173779744330342e-03 7.739669479120829809e-01 1.975705336935597387e-03
2.709030100334448576e+00 0.000000000000000000e+00 8.277541423839738233e-01 2.593669446152479380e-03 7.751913133443928405e-01 2.294094279474643075e-03
3.010033444816053727e+00 0.000000000000000000e+00 8.306873831047023593e-01 2.869726109684560007e-03 7.764156787767027001e-01 2.489528694848841192e-03
3.311036789297658878e+00 0.000000000000000000e+00 8.336206238254308953e-01 3.484247950178234916e-03 7.776400442090125598e-01 2.597839781052070900e-03
3.612040133779264472e+00 0.000000000000000000e+00 8.365538645461593203e-01 4.621411557968697036e-03 7.788644096413224194e-01 2.664511829820369587e-03
3.913043478260870067e+00 0.000000000000000000e+00 8.394871052668878564e-01 6.434377635575693442e-03 7.800887750736322790e-01 2.703349011813218662e-03
4.214046822742474774e+00 0.000000000000000000e+00 8.424203459876163924e-01 9.047845406077769173e-03 7.813131405059421386e-01 2.695394728123652345e-03
4.515050167224080369e+00 0.000000000000000000e+00 8.453535867083449284e-01 1.254415784719318389e-02 7.825375059382519982e-01 2.626014551276195132e-03
4.816053511705685963e+00 0.000000000000000000e+00 8.482868274290734645e-01 1.694448286374315368e-02 7.837618713705617468e-01 2.524717664351711771e-03
5.117056856187291558e+00 0.000000000000000000e+00 8.512200681498020005e-01 2.215551273583922856e-02 7.849862368028716064e-01 2.476334511266423035e-03
5.418060200668897153e+00 0.000000000000000000e+00 8.541533088705305365e-01 2.787331357271050081e-02 7.862106022351814660e-01 2.597058716811064243e-03
5.719063545150501859e+00 0.000000000000000000e+00 8.570865495912590726e-01 3.367937118510654082e-02 7.874349676674913256e-01 2.986867839006472625e-03
6.020066889632107454e+00 0.000000000000000000e+00 8.600197903119874976e-01 3.949928826758104111e-02 7.886593330998011853e-01 3.677817949753187446e-03
6.321070234113713049e+00 0.000000000000000000e+00 8.629530310327160336e-01 4.592247100969071294e-02 7.898836985321110449e-01 4.604556852957409664e-03
6.622073578595317755e+00 0.000000000000000000e+00 8.658862717534445697e-01 5.373847221680771308e-02 7.911080639644209045e-01 5.622612119163939055e-03
6.923076923076923350e+00 0.000000000000000000e+00 8.688195124741731057e-01 6.309368964760589393e-02 7.923324293967307641e-01 6.577507863277412027e-03
7.224080267558528945e+00 0.000000000000000000e+00 8.717527531949016417e-01 7.333457667774723188e-02 7.935567948290406237e-01 7.390967795112639814e-03
7.525083612040134540e+00 0.000000000000000000e+00 8.746859939156301778e-01 8.371336430539232099e-02 7.947811602613504833e-01 8.109134191674773756e-03
7.826086956521740134e+00 0.000000000000000000e+00 8.776192346363587138e-01 9.412419504099284184e-02 7.960055256936602319e-01 8.873080996735165094e-03
8.127090301003345729e+00 0.000000000000000000e+00 8.805524753570872498e-01 1.051993913517566825e-01 7.972298911259700915e-01 9.817562885347358090e-03
8.428093645484949548e+00 0.000000000000000000e+00 8.834857160778156748e-01 1.177193997950500698e-01 7.984542565582799512e-01 1.095499162995378604e-02
8.729096989966555142e+00 0.000000000000000000e+00 8.864189567985442109e-01 1.318480451980441615e-01 7.996786219905898108e-01 1.212529284857259172e-02
9.030100334448160737e+00 0.000000000000000000e+00 8.893521975192727469e-01 1.470423213918571614e-01 8.009029874228996704e-01 1.305918750843766511e-02
9.331103678929766332e+00 0.000000000000000000e+00 8.922854382400012829e-01 1.627998896499913972e-01 8.021273528552095300e-01 1.352096681274415554e-02
9.632107023411371927e+00 0.000000000000000000e+00 8.952186789607298190e-01 1.793847070080850370e-01 8.033517182875193896e-01 1.343312693158244496e-02
9.933110367892977521e+00 0.000000000000000000e+00 8.981519196814583550e-01 1.980575963975943488e-01 8.045760837198292492e-01 1.290489298552745245e-02
1.023411371237458312e+01 0.000000000000000000e+00 9.010851604021868910e-01 2.211624714909841138e-01 8.058004491521391088e-01 1.217002473302595048e-02
1.053511705685618871e+01 0.000000000000000000e+00 9.040184011229153160e-01 2.518268839785847701e-01 8.070248145844489684e-01 1.149814524888868872e-02
1.083612040133779431e+01 0.000000000000000000e+00 9.069516418436438521e-01 2.925770137334270382e-01 8.082491800167588281e-01 1.113055925662951619e-02
1.113712374581939812e+01 0.000000000000000000e+00 9.098848825643723881e-01 3.436208517914205451e-01 8.094735454490685767e-01 1.124631124628989141e-02
1.143812709030100372e+01 0.000000000000000000e+00 9.128181232851009241e-01 4.026269966617253560e-01 8.106979108813784363e-01 1.194288261146600645e-02
1.173913043478260931e+01 0.000000000000000000e+00 9.157513640058294602e-01 4.663188430194039058e-01 8.119222763136882959e-01 1.322176429262652587e-02
1.204013377926421491e+01 0.000000000000000000e+00 9.186846047265579962e-01 5.322021399694906174e-01 8.131466417459981555e-01 1.498055281085510990e-02
1.234113712374582050e+01 0.000000000000000000e+00 9.216178454472865322e-01 5.988238829500661664e-01 8.143710071783080151e-01 1.702787754899129716e-02
1.264214046822742610e+01 0.000000000000000000e+00 9.245510861680150683e-01 6.647268440536872047e-01 8.155953726106178747e-01 1.914781961488410539e-02
1.294314381270903169e+01 0.000000000000000000e+00 9.274843268887436043e-01 7.279582455368395211e-01 8.168197380429277343e-01 2.121277229756907134e-02
1.324414715719063551e+01 0.000000000000000000e+00 9.304175676094720293e-01 7.877271653845510091e-01 8.180441034752375939e-01 2.328006577064413440e-02
1.354515050167224111e+01 0.000000000000000000e+00 9.333508083302005653e-01 8.469013341316349308e-01 8.192684689075474536e-01 2.558453180840917704e-02
1.384615384615384670e+01 0.000000000000000000e+00 9.362840490509291014e-01 9.116616069123129051e-01 8.204928343398572022e-01 2.841015670451115319e-02
1.414715719063545230e+01 0.000000000000000000e+00 9.392172897716576374e-01 9.870372755962238953e-01 8.217171997721670618e-01 3.192597772458361655e-02
1.444816053511705789e+01 0.000000000000000000e+00 9.421505304923861734e-01 1.072407781950579064e+00 8.229415652044769214e-01 3.610254624056588590e-02
1.474916387959866348e+01 0.000000000000000000e+00 9.450837712131147095e-01 1.162055192049173513e+00 8.241659306367867810e-01 4.076963166797850646e-02
1.505016722408026908e+01 0.000000000000000000e+00 9.480170119338431345e-01 1.250121175593574829e+00 8.253902960690966406e-01 4.578403676946551926e-02
1.535117056856187467e+01 0.000000000000000000e+00 9.509502526545716705e-01 1.334578814164666616e+00 8.266146615014065002e-01 5.119096677651000654e-02
1.565217391304348027e+01 0.000000000000000000e+00 9.538834933753002066e-01 1.417498950442560135e+00 8.278390269337163598e-01 5.723340141538215547e-02
1.595317725752508409e+01 0.000000000000000000e+00 9.568167340960287426e-01 1.503543367107343931e+00 8.290633923660262194e-01 6.415747766161127019e-02
1.625418060200669146e+01 0.000000000000000000e+00 9.597499748167572786e-01 1.598239263132301913e+00 8.302877577983360791e-01 7.195442684006111977e-02
1.655518394648829528e+01 0.000000000000000000e+00 9.626832155374858147e-01 1.705673058738738090e+00 8.315121232306459387e-01 8.029209043343167596e-02
1.685618729096989910e+01 0.000000000000000000e+00 9.656164562582143507e-01 1.826763272553753259e+00 8.327364886629557983e-01 8.874757755232016987e-02
1.715719063545150647e+01 0.000000000000000000e+00 9.685496969789428867e-01 1.960115253884408659e+00 8.339608540952655469e-01 9.714483745698483663e-02
1.745819397993311028e+01 0.000000000000000000e+00 9.714829376996714227e-01 2.103977493454129544e+00 8.351852195275754065e-01 1.056608850964227964e-01
1.775919732441471766e+01 0.000000000000000000e+00 9.744161784203999588e-01 2.256046403052487381e+00 8.364095849598852661e-01 1.145877647900177126e-01
1.806020066889632147e+01 0.000000000000000000e+00 9.773494191411283838e-01 2.411785984297005747e+00 8.376339503921951257e-01 1.239896045041943284e-01
1.836120401337792885e+01 0.000000000000000000e+00 9.802826598618569198e-01 2.564646420538249760e+00 8.388583158245049853e-01 1.335746638790646090e-01
1.866220735785953266e+01 0.000000000000000000e+00 9.832159005825854559e-01 2.708458216498097038e+00 8.400826812568148450e-01 1.428538186881404271e-01
1.896321070234114003e+01 0.000000000000000000e+00 9.861491413033139919e-01 2.839330207014771457e+00 8.413070466891247046e-01 1.514082246179646596e-01
1.926421404682274385e+01 0.000000000000000000e+00 9.890823820240425279e-01 2.956137091909561310e+00 8.425314121214345642e-01 1.590960369076148684e-01
1.956521739130434767e+01 0.000000000000000000e+00 9.920156227447709529e-01 3.060932607647863346e+00 8.437557775537444238e-01 1.661791545117928537e-01
1.986622073578595504e+01 0.000000000000000000e+00 9.949488634654994890e-01 3.159208126564840846e+00 8.449801429860541724e-01 1.733861182846729576e-01
2.016722408026755886e+01 0.000000000000000000e+00 9.978821041862280250e-01 3.257901832053919922e+00 8.462045084183640320e-01 1.818157319504661307e-01
2.046822742474916623e+01 0.000000000000000000e+00 1.000815344906956561e+00 3.361530058121553033e+00 8.474288738506738916e-01 1.925684240414425874e-01
2.076923076923077005e+01 0.000000000000000000e+00 1.003748585627685097e+00 3.470525162005824615e+00 8.486532392829837512e-01 2.062263537425215731e-01
2.107023411371237742e+01 0.000000000000000000e+00 1.006681826348413633e+00 3.583159013417024141e+00 8.498776047152936108e-01 2.225558628148061324e-01
2.137123745819398124e+01 6.582206859017611528e-317 1.009615067069142169e+00 3.697630692871014979e+00 8.511019701476034705e-01 2.406924708582050543e-01
2.167224080267558861e+01 1.020810028367483236e-307 1.012548307789870705e+00 3.813194229945742197e+00 8.523263355799133301e-01 2.596285579425472445e-01
2.197324414715719243e+01 1.152014525387914597e-298 1.015481548510599241e+00 3.931963258101750736e+00 8.535507010122231897e-01 2.785759711869357780e-01
2.227424749163879625e+01 9.460424435637961394e-290 1.018414789231327777e+00 4.058658832239715686e+00 8.547750664445330493e-01 2.970249042489586655e-01
2.257525083612040362e+01 5.653311635893230272e-281 1.021348029952056313e+00 4.194792386173603838e+00 8.559994318768429089e-01 3.146984126215550681e-01
2.287625418060200744e+01 2.458299940434709414e-272 1.024281270672784849e+00 4.332617014742416117e+00 8.572237973091527685e-01 3.316053073458112288e-01
2.317725752508361481e+01 7.778689817164046425e-264 1.027214511393513163e+00 4.458232241062092704e+00 8.584481627414626281e-01 3.481237249934615030e-01
2.347826086956521863e+01 1.791091101579123549e-255 1.030147752114241921e+00 4.562938504030470632e+00 8.596725281737723767e-01 3.649709182083671899e-01
2.377926421404682600e+01 3.001017566772835552e-247 1.033080992834970235e+00 4.650319390196157698e+00 8.608968936060822363e-01 3.830715067896081627e-01
2.408026755852842982e+01 3.658971595077592747e-239 1.036014233555698771e+00 4.730638226158154325e+00 8.621212590383920960e-01 4.033583819829466566e-01
2.438127090301003363e+01 3.246303929759063142e-231 1.038947474276427307e+00 4.809623799154753243e+00 8.633456244707019556e-01 4.264086475799564457e-01
2.468227424749164101e+01 2.095844011173332285e-223 1.041880714997155843e+00 4.884620380115298310e+00 8.645699899030118152e-01 4.519333421503760606e-01
2.498327759197324482e+01 9.846193661504477713e-216 1.044813955717884379e+00 4.950002514567945155e+00 8.657943553353216748e-01 4.785345514241178266e-01
2.528428093645485220e+01 3.366025719748825012e-208 1.047747196438612916e+00 5.002759073842067750e+00 8.670187207676315344e-01 5.042494236334148505e-01
2.558528428093645601e+01 8.373482667632425964e-201 1.050680437159341452e+00 5.043044231051213799e+00 8.682430861999413940e-01 5.278621239184593250e-01
2.588628762541806339e+01 1.515774024437848242e-193 1.053613677880069988e+00 5.073841677567267006e+00 8.694674516322512536e-01 5.502088044187819493e-01
2.618729096989966720e+01 1.996652259966258257e-186 1.056546918600798524e+00 5.103161875639765199e+00 8.706918170645610022e-01 5.744653029296596936e-01
2.648829431438127102e+01 1.913859476012663939e-179 1.059480159321527060e+00 5.144361802195572153e+00 8.719161824968708618e-01 6.049758784717101934e-01
2.678929765886287839e+01 1.334926328270572895e-172 1.062413400042255596e+00 5.208866744769415469e+00 8.731405479291807215e-01 6.451715834175958397e-01
2.709030100334448221e+01 6.775544304040044073e-166 1.065346640762984132e+00 5.294956938189159246e+00 8.743649133614905811e-01 6.958209002271000809e-01
2.739130434782608958e+01 2.502480599303884026e-159 1.068279881483712668e+00 5.385003146424277354e+00 8.755892787938004407e-01 7.547142511190512160e-01
2.769230769230769340e+01 6.725690653366218838e-153 1.071213122204440982e+00 5.457056981994692357e+00 8.768136442261103003e-01 8.179455845455633201e-01
2.799331103678930077e+01 1.315354140156763224e-146 1.074146362925169740e+00 5.500400266950955519e+00 8.780380096584201599e-01 8.818685133318945324e-01
2.829431438127090459e+01 1.871923701107470162e-140 1.077079603645898054e+00 5.520199247029855982e+00 8.792623750907300195e-01 9.444249368643069520e-01
2.859531772575251196e+01 1.938533136721745621e-134 1.080012844366626812e+00 5.528396427152134862e+00 8.804867405230398791e-01 1.005207930799406846e+00
2.889632107023411578e+01 1.460824198004780527e-128 1.082946085087355126e+00 5.530673873307293320e+00 8.817111059553497387e-01 1.064692026810923231e+00
2.919732441471571960e+01 8.010549681822991384e-123 1.085879325808083662e+00 5.521952941696131489e+00 8.829354713876595984e-01 1.123514084336348473e+00
2.949832775919732697e+01 3.196438267962477540e-117 1.088812566528812198e+00 5.493791206852392861e+00 8.841598368199693470e-01 1.182275116706361651e+00
2.979933110367893079e+01 9.281324640547290804e-112 1.091745807249540734e+00 5.443551847331873361e+00 8.853842022522792066e-01 1.241739651905837016e+00
3.010033444816053816e+01 1.961070672105164095e-106 1.094679047970269270e+00 5.374600060725891026e+00 8.866085676845890662e-01 1.303066855719176687e+00
3.040133779264214198e+01 3.015200282354123946e-101 1.097612288690997806e+00 5.290101536143287042e+00 8.878329331168989258e-01 1.367734623286332107e+00
3.070234113712374935e+01 3.373484541616844473e-96 1.100545529411726342e+00 5.189653174781361678e+00 8.890572985492087854e-01 1.437039081673684215e+00
3.100334448160535317e+01 2.746508344044679239e-91 1.103478770132454878e+00 5.072096420467358868e+00 8.902816639815186450e-01 1.511522127915831071e+00
3.130434782608696054e+01 1.627131902380108053e-86 1.106412010853183414e+00 4.941414838985933144e+00 8.915060294138285046e-01 1.590986639791619695e+00
3.160535117056856436e+01 7.014621412309683995e-82 1.109345251573911950e+00 4.809271859511870417e+00 8.927303948461383643e-01 1.675311326376335508e+00
3.190635451505016817e+01 2.200520161886464900e-77 1.112278492294640486e+00 4.689014395653329892e+00 8.939547602784482239e-01 1.765382162559010482e+00
3.220735785953177555e+01 5.023265194459615418e-73 1.115211733015368800e+00 4.585115091939266918e+00 8.951791257107579725e-01 1.863191697713502126e+00
3.250836120401338292e+01 8.344234489668588208e-69 1.118144973736097558e+00 4.489141065417732612e+00 8.964034911430678321e-01 1.970898476229488994e+00
3.280936454849498318e+01 1.008617578081700265e-64 1.121078214456825872e+00 4.387781372038637606e+00 8.976278565753776917e-01 2.089523719515199218e+00
3.311036789297659055e+01 8.871686861059831360e-61 1.124011455177554630e+00 4.275945134344047105e+00 8.988522220076875513e-01 2.218126253603005527e+00
3.341137123745819792e+01 5.678393894457609476e-57 1.126944695898282944e+00 4.161479578176863647e+00 9.000765874399974109e-01 2.353910927806634135e+00
3.371237458193979819e+01 2.644749019268166828e-53 1.129877936619011480e+00 4.056049090816810754e+00 9.013009528723072705e-01 2.493353069586443205e+00
3.401337792642140556e+01 8.963612086053508428e-50 1.132811177339740016e+00 3.962443818539695517e+00 9.025253183046171301e-01 2.634023178022648626e+00
3.431438127090301293e+01 2.210656580321045388e-46 1.135744418060468552e+00 3.872131870461358538e+00 9.037496837369269898e-01 2.776154406329065516e+00
3.461538461538462030e+01 3.967337507582568582e-43 1.138677658781197088e+00 3.773240494824205093e+00 9.049740491692368494e-01 2.922703019956045090e+00
3.491638795986622057e+01 5.181036525833779554e-40 1.141610899501925624e+00 3.658052415498094234e+00 9.061984146015467090e-01 3.077566215526630344e+00
3.521739130434782794e+01 4.923498375440200297e-37 1.144544140222654161e+00 3.524270812582683821e+00 9.074227800338565686e-01 3.243200335254352584e+00
3.551839464882943531e+01 3.404635184163048961e-34 1.147477380943382697e+00 3.374083698116324914e+00 9.086471454661664282e-01 3.419300364412597215e+00
3.581939799331104268e+01 1.713195819301165260e-31 1.150410621664111233e+00 3.214445102150837119e+00 9.098715108984762878e-01 3.602851806225445319e+00
3.612040133779264295e+01 6.273112382390816526e-29 1.153343862384839769e+00 3.055962661963405047e+00 9.110958763307860364e-01 3.788567820740434300e+00
3.642140468227425032e+01 1.671470703872031593e-26 1.156277103105568305e+00 2.908389842573309902e+00 9.123202417630958960e-01 3.969244007041179856e+00
3.672240802675585769e+01 3.240814021520342578e-24 1.159210343826296841e+00 2.775856448524615772e+00 9.135446071954057556e-01 4.136945316110767656e+00
3.702341137123745796e+01 4.572451297100019248e-22 1.162143584547025377e+00 2.655626419369659708e+00 9.147689726277156153e-01 4.285837090211798817e+00
3.732441471571906533e+01 4.694439068947183482e-20 1.165076825267753691e+00 2.540744508967751170e+00 9.159933380600254749e-01 4.415543576583183416e+00
3.762541806020067270e+01 3.507179256401407324e-18 1.168010065988482449e+00 2.424759572183731393e+00 9.172177034923353345e-01 4.532411087404603300e+00
3.792642140468228007e+01 1.906653873521052126e-16 1.170943306709210763e+00 2.305788158970105250e+00 9.184420689246451941e-01 4.647031641681095948e+00
3.822742474916388034e+01 7.542675004207296394e-15 1.173876547429939299e+00 2.186704879857541695e+00 9.196664343569549427e-01 4.769297697347187004e+00
3.852842809364548771e+01 2.171293687590165603e-13 1.176809788150667835e+00 2.071053183375542339e+00 9.208907997892648023e-01 4.904462961140661825e+00
3.882943143812709508e+01 4.548323885767108692e-12 1.179743028871396371e+00 1.958986488167650197e+00 9.221151652215746619e-01 5.053015741603814170e+00
3.913043478260869534e+01 6.933042071889829349e-11 1.182676269592124907e+00 1.847567081079301898e+00 9.233395306538845215e-01 5.214047366354527924e+00
3.943143812709030271e+01 7.690169763742886903e-10 1.185609510312853443e+00 1.734586501441916839e+00 9.245638960861943811e-01 5.388920694268325207e+00
3.973244147157191009e+01 6.207084500764006576e-09 1.188542751033581979e+00 1.621441932310095924e+00 9.257882615185042408e-01 5.581918212346294261e+00
4.003344481605351746e+01 3.645684047895709821e-08 1.191475991754310515e+00 1.512231890855849414e+00 9.270126269508141004e-01 5.797166096734390983e+00
4.033444816053511772e+01 1.558152795131356057e-07 1.194409232475039051e+00 1.410433972871905972e+00 9.282369923831239600e-01 6.034118028829513314e+00
4.063545150501672509e+01 4.845970402645231428e-07 1.197342473195767587e+00 1.316624480500135919e+00 9.294613578154338196e-01 6.284877884113326374e+00
4.093645484949833246e+01 1.096709800394638785e-06 1.200275713916496123e+00 1.229087775839208474e+00 9.306857232477436792e-01 6.535325310885679251e+00
4.123745819397993273e+01 1.806128401663911369e-06 1.203208954637224659e+00 1.146234916234828871e+00 9.319100886800535388e-01 6.769810005287722809e+00
4.153846153846154010e+01 2.164760720973462601e-06 1.206142195357953195e+00 1.068197371390961159e+00 9.331344541123633984e-01 6.977441176391490529e+00
4.183946488294314747e+01 1.890954396460155877e-06 1.209075436078681509e+00 9.958604665218473428e-01 9.343588195446732581e-01 7.157096320295035063e+00
4.214046822742475484e+01 1.221373714582666986e-06 1.212008676799410267e+00 9.285363036368483591e-01 9.355831849769830066e-01 7.318396457073315986e+00
4.244147157190635511e+01 6.700057005968846044e-07 1.214941917520138581e+00 8.633976522129447329e-01 9.368075504092928663e-01 7.477500607924215892e+00
4.274247491638796248e+01 6.213919166871957088e-07 1.217875158240867117e+00 7.977855167451813889e-01 9.380319158416027259e-01 7.649387742994945505e+00
4.304347826086956985e+01 1.308323752708539894e-06 1.220808398961595653e+00 7.318767037546816123e-01 9.392562812739125855e-01 7.840633162219757146e+00
4.334448160535117722e+01 3.003425966903019998e-06 1.223741639682324189e+00 6.687030759657137668e-01 9.404806467062224451e-01 8.046676359122281852e+00
4.364548494983277749e+01 6.161753934624432688e-06 1.226674880403052725e+00 6.114239284607452252e-01 9.417050121385323047e-01 8.254968764091486833e+00
4.394648829431438486e+01 1.139778078653369167e-05 1.229608121123781261e+00 5.605293526244399249e-01 9.429293775708421643e-01 8.451841090891976549e+00
4.424749163879599223e+01 1.889827692046388956e-05 1.232541361844509797e+00 5.137563145199135484e-01 9.441537430031520239e-01 8.628784209485418799e+00
4.454849498327759250e+01 2.763259206421327818e-05 1.235474602565238333e+00 4.686712933744353604e-01 9.453781084354617725e-01 8.784637004019582918e+00
4.484949832775919987e+01 3.596157078146194078e-05 1.238407843285966869e+00 4.248560551031090315e-01 9.466024738677716321e-01 8.923483405718009465e+00
4.515050167224080724e+01 4.331951178836724979e-05 1.241341084006695406e+00 3.835233409735558929e-01 9.478268393000814918e-01 9.051193242809308259e+00
4.545150501672241461e+01 5.025857244385860374e-05 1.244274324727423942e+00 3.459851315195004440e-01 9.490512047323913514e-01 9.173553756152642791e+00
4.575250836120401488e+01 5.694958527664602921e-05 1.247207565448152478e+00 3.131004630724729121e-01 9.502755701647012110e-01 9.296007236979182409e+00
4.605351170568562225e+01 6.289974727642754090e-05 1.250140806168881014e+00 2.853745445993831065e-01 9.514999355970110706e-01 9.422782389275374371e+00
4.635451505016722962e+01 6.773890270599995070e-05 1.253074046889609328e+00 2.625887827603395897e-01 9.527243010293209302e-01 9.554432525543749222e+00
4.665551839464882988e+01 7.123417212778659544e-05 1.256007287610338086e+00 2.433934006526420613e-01 9.539486664616307898e-01 9.685728104495773039e+00
4.695652173913043725e+01 7.356482537796573784e-05 1.258940528331066400e+00 2.258039213329730843e-01 9.551730318939406494e-01 9.806587361377715695e+00
4.725752508361204463e+01 7.646825298683696480e-05 1.261873769051795158e+00 2.083469415186075535e-01 9.563973973262505091e-01 9.906221418724205918e+00
4.755852842809365200e+01 8.202522042355062939e-05 1.264807009772523472e+00 1.907655968854661821e-01 9.576217627585603687e-01 9.977812931838426991e+00
4.785953177257525226e+01 8.947119382756840017e-05 1.267740250493252008e+00 1.736554810688002437e-01 9.588461281908702283e-01 1.002092319047418023e+01
4.816053511705685963e+01 9.640668640765030794e-05 1.270673491213980544e+00 1.575144131745813414e-01 9.600704936231800879e-01 1.004109802208034630e+01
4.846153846153846700e+01 1.042857517979327677e-04 1.273606731934709080e+00 1.422439534032620689e-01 9.612948590554898365e-01 1.004792640348791366e+01
4.876254180602006727e+01 1.191394835381424678e-04 1.276539972655437616e+00 1.275028498139421651e-01 9.625192244877996961e-01 1.005262860342920561e+01
4.906354515050167464e+01 1.453743033510998355e-04 1.279473213376166152e+00 1.133616340839040809e-01 9.637435899201095557e-01 1.006556075775404757e+01
4.936454849498328201e+01 1.827172304710839956e-04 1.282406454096894688e+00 1.004975305702704852e-01 9.649679553524194153e-01 1.009416918640457972e+01
4.966555183946488938e+01 2.318153652320691321e-04 1.285339694817623224e+00 8.970544524747306459e-02 9.661923207847292749e-01 1.014189549578194693e+01
4.996655518394648965e+01 2.989475618176996581e-04 1.288272935538351760e+00 8.123096495451981314e-02 9.674166862170391346e-01 1.020743717709717124e+01
5.026755852842809702e+01 3.911122791469749498e-04 1.291206176259080296e+00 7.459819745409485003e-02 9.686410516493489942e-01 1.028339786472546713e+01
5.056856187290970439e+01 5.082787035862810620e-04 1.294139416979808832e+00 6.899520116681451265e-02 9.698654170816587428e-01 1.035535741987079206e+01
5.086956521739130466e+01 6.418254939186366238e-04 1.297072657700537146e+00 6.372440007664118000e-02 9.710897825139686024e-01 1.040434939135162296e+01
5.117056856187291203e+01 7.775188587236846541e-04 1.300005898421265904e+00 5.835282590455227042e-02 9.723141479462784620e-01 1.041376373986268788e+01
5.147157190635451940e+01 9.033760313616133984e-04 1.302939139141994218e+00 5.265307755922273708e-02 9.735385133785883216e-01 1.037672996787294188e+01
5.177257525083612677e+01 1.024032516560984983e-03 1.305872379862722976e+00 4.663538070442564687e-02 9.747628788108981812e-01 1.029795503718747796e+01
5.207357859531772704e+01 1.166165489519320518e-03 1.308805620583451290e+00 4.071101398680180422e-02 9.759872442432080408e-01 1.018819946388303954e+01
5.237458193979933441e+01 1.361823240274975767e-03 1.311738861304180048e+00 3.561854727949566313e-02 9.772116096755179004e-01 1.005617459994930485e+01
5.267558528428094178e+01 1.626165841593696154e-03 1.314672102024908362e+00 3.190420318569704011e-02 9.784359751078277601e-01 9.904809113117654107e+00
5.297658862876254204e+01 1.954260100316949390e-03 1.317605342745636898e+00 2.943882369136012478e-02 9.796603405401376197e-01 9.734484239643252934e+00
5.327759197324414941e+01 2.336511616592545134e-03 1.320538583466365434e+00 2.757101786512149849e-02 9.808847059724474793e-01 9.549396205365745516e+00
5.357859531772575679e+01 2.769098248170042461e-03 1.323471824187093970e+00 2.573675377376592049e-02 9.821090714047573389e-01 9.360659188734125280e+00
5.387959866220736416e+01 3.246282881667338603e-03 1.326405064907822506e+00 2.382193327910679323e-02 9.833334368370671985e-01 9.183123839278403366e+00
5.418060200668896442e+01 3.755190907120752476e-03 1.329338305628551042e+00 2.199606460908286668e-02 9.845578022693770581e-01 9.028727085957855891e+00
5.448160535117057179e+01 4.295027553287865917e-03 1.332271546349279578e+00 2.038417196473075316e-02 9.857821677016868067e-01 8.901854322796715735e+00
5.478260869565217916e+01 4.894144176709544145e-03 1.335204787070008114e+00 1.898457110475790244e-02 9.870065331339966663e-01 8.799297411153148119e+00
5.508361204013378654e+01 5.582903020070687471e-03 1.338138027790736651e+00 1.778933546902997792e-02 9.882308985663065259e-01 8.712595985516427888e+00
5.538461538461538680e+01 6.355058821931221236e-03 1.341071268511464964e+00 1.681666200622397925e-02 9.894552639986163856e-01 8.629572282281829487e+00
5.568561872909699417e+01 7.187972999164114231e-03 1.344004509232193723e+00 1.598650238414273117e-02 9.906796294309262452e-01 8.535305463647164359e+00
5.598662207357860154e+01 8.094350531443930685e-03 1.346937749952922037e+00 1.505386594192032086e-02 9.919039948632361048e-01 8.415234956080041684e+00
5.628762541806020181e+01 9.122890379396408206e-03 1.349870990673650795e+00 1.376279419648025748e-02 9.931283602955459644e-01 8.260665131643756709e+00
5.658862876254180918e+01 1.031360328739056378e-02 1.352804231394379109e+00 1.209181356784760387e-02 9.943527257278558240e-01 8.072905758487207706e+00
5.688963210702341655e+01 1.166743711755880916e-02 1.355737472115107867e+00 1.031861897016839169e-02 9.955770911601655726e-01 7.862341218005095556e+00
5.719063545150502392e+01 1.314984631765344324e-02 1.358670712835836181e+00 8.839133978184541066e-03 9.968014565924754322e-01 7.643055445752856336e+00
5.749163879598662419e+01 1.471959782357732185e-02 1.361603953556564717e+00 7.945881571983259492e-03 9.980258220247852918e-01 7.427034496288119847e+00
5.779264214046823156e+01 1.636622108655721997e-02 1.364537194277293253e+00 7.717160484993762851e-03 9.992501874570951514e-01 7.221104503248403361e+00
5.809364548494983893e+01 1.811703361299136367e-02 1.367470434998021789e+00 7.956801986865942589e-03 1.000474552889405011e+00 7.026815183025360234e+00
5.839464882943143920e+01 1.999912917222706338e-02 1.370403675718750325e+00 8.187041760404318441e-03 1.001698918321714871e+00 6.841986832959761067e+00
5.869565217391304657e+01 2.201681827753240034e-02 1.373336916439478861e+00 7.872158321525119656e-03 1.002923283754024730e+00 6.662890993683503460e+00
5.899665551839465394e+01 2.417139774431466617e-02 1.376270157160207397e+00 6.835081937540686374e-03 1.004147649186334590e+00 6.486279615734773074e+00
5.929765886287626131e+01 2.646247230787805022e-02 1.379203397880935933e+00 5.442497390920370860e-03 1.005372014618644450e+00 6.310436457737464977e+00
5.959866220735786158e+01 2.886547654311976199e-02 1.382136638601664469e+00 4.285394246437349355e-03 1.006596380050954309e+00 6.135036293102017702e+00
5.989966555183946895e+01 3.133634137767555422e-02 1.385069879322392783e+00 3.678932552886091719e-03 1.007820745483264169e+00 5.960469014552167266e+00
6.020066889632107632e+01 3.383300239544987514e-02 1.388003120043121541e+00 3.495483301324629928e-03 1.009045110915574028e+00 5.787140606552838129e+00
6.050167224080267658e+01 3.633408965036424854e-02 1.390936360763849855e+00 3.398081979656563181e-03 1.010269476347883888e+00 5.614541037846834115e+00
6.080267558528428395e+01 3.886802312293174272e-02 1.393869601484578613e+00 3.139840389448457503e-03 1.011493841780193748e+00 5.440220200574805709e+00
6.110367892976589133e+01 4.151874735243363951e-02 1.396802842205306927e+00 2.681203348456087827e-03 1.012718207212503607e+00 5.259902533676565461e+00
6.140468227424749870e+01 4.435848781233837218e-02 1.399736082926035685e+00 2.141559959112506774e-03 1.013942572644813467e+00 5.069570383661369029e+00
6.170568561872909896e+01 4.734373466209047115e-02 1.402669323646763999e+00 1.686045962405613267e-03 1.015166938077123326e+00 4.868238097089483851e+00
6.200668896321070633e+01 5.026216283365878695e-02 1.405602564367492535e+00 1.416963535192110931e-03 1.016391303509433186e+00 4.659059563686443362e+00
6.230769230769231370e+01 5.278637195417679867e-02 1.408535805088221071e+00 1.328756001316205772e-03 1.017615668941743046e+00 4.447942491048562097e+00
6.260869565217392108e+01 5.465498050908040167e-02 1.411469045808949607e+00 1.344881171470703116e-03 1.018840034374052683e+00 4.241017606056693090e+00
6.290969899665552134e+01 5.588669763556478043e-02 1.414402286529678143e+00 1.376939531821803810e-03 1.020064399806362543e+00 4.042702329747823953e+00
6.321070234113712871e+01 5.677889804324341705e-02 1.417335527250406679e+00 1.350121742096467093e-03 1.021288765238672402e+00 3.854997124495655125e+00
6.351170568561873608e+01 5.764546820776070973e-02 1.420268767971135215e+00 1.217602923142413127e-03 1.022513130670982262e+00 3.677776996740029780e+00
6.381270903010033635e+01 5.862275042220459198e-02 1.423202008691863751e+00 9.903561880406153758e-04 1.023737496103292122e+00 3.509709169105867055e+00
6.411371237458195083e+01 5.974021730621088128e-02 1.426135249412592287e+00 7.409789360939035563e-04 1.024961861535601981e+00 3.349415554221887525e+00
6.441471571906355109e+01 6.102345141157727859e-02 1.429068490133320601e+00 5.541279264837812571e-04 1.026186226967911841e+00 3.196319999152835045e+00
6.471571906354515136e+01 6.242664880134606714e-02 1.432001730854049359e+00 4.731705495801700263e-04 1.027410592400221701e+00 3.050596929183182482e+00
6.501672240802676583e+01 6.377077332475049321e-02 1.434934971574777673e+00 4.870257018176903682e-04 1.028634957832531560e+00 2.912067206944240372e+00
6.531772575250836610e+01 6.484558392640817071e-02 1.437868212295506432e+00 5.476401702840445231e-04 1.029859323264841420e+00 2.778706858934520962e+00
6.561872909698996637e+01 6.552378707061669305e-02 1.440801453016234746e+00 6.069725821424571798e-04 1.031083688697151279e+00 2.646091367004321793e+00
6.591973244147158084e+01 6.577230308535397807e-02 1.443734693736963504e+00 6.611461204460726462e-04 1.032308054129461139e+00 2.508761294606047354e+00
6.622073578595318111e+01 6.562509209834198332e-02 1.446667934457691818e+00 7.555884569106440483e-04 1.033532419561770999e+00 2.363056551663017757e+00
6.652173913043478137e+01 6.516677611212828847e-02 1.449601175178420576e+00 9.223759430477847373e-04 1.034756784994080858e+00 2.209611450240337227e+00
6.682274247491639585e+01 6.452861887141059238e-02 1.452534415899148890e+00 1.106499857201529531e-03 1.035981150426390718e+00 2.053729427778649086e+00
6.712374581939799612e+01 6.385628104161390761e-02 1.455467656619877426e+00 1.180779637985496970e-03 1.037205515858700355e+00 1.903229197870343725e+00
6.742474916387959638e+01 6.323601249021944259e-02 1.458400897340605962e+00 1.060161691269372259e-03 1.038429881291010215e+00 1.764982434010328394e+00
6.772575250836121086e+01 6.268055455047506774e-02 1.461334138061334498e+00 7.923029385117300732e-04 1.039654246723320075e+00 1.642218118000250193e+00
6.802675585284281112e+01 6.218320655631993238e-02 1.464267378782063034e+00 5.167927281999818356e-04 1.040878612155629934e+00 1.534180784575177148e+00
6.832775919732442560e+01 6.168099190909102220e-02 1.467200619502791570e+00 3.460780536314557649e-04 1.042102977587939794e+00 1.438017827508052848e+00
6.862876254180602587e+01 6.096866347528715618e-02 1.470133860223520106e+00 3.000660012390823873e-04 1.043327343020249653e+00 1.351066890908983131e+00
6.892976588628762613e+01 5.980200423945019467e-02 1.473067100944248420e+00 3.364707945439998301e-04 1.044551708452559513e+00 1.271647056146100407e+00
6.923076923076924061e+01 5.811171372757138048e-02 1.476000341664977178e+00 4.108070427582161967e-04 1.045776073884869373e+00 1.198201019680312784e+00
6.953177257525084087e+01 5.601614594607955827e-02 1.478933582385705492e+00 4.960610697134025917e-04 1.047000439317179232e+00 1.128360735759219358e+00
6.983277591973244114e+01 5.365880563591898800e-02 1.481866823106434250e+00 5.634622745678873404e-04 1.048224804749489092e+00 1.059345009207169674e+00
7.013377926421405562e+01 5.113569749222227068e-02 1.484800063827162564e+00 5.770429254987153667e-04 1.049449170181798952e+00 9.893578240167469895e-01
7.043478260869565588e+01 4.854066998878214106e-02 1.487733304547891322e+00 5.258937001154987117e-04 1.050673535614108811e+00 9.184589909639258032e-01
7.073578595317725615e+01 4.599112639973254590e-02 1.490666545268619636e+00 4.510417192717564201e-04 1.051897901046418671e+00 8.480366417567380966e-01
7.103678929765887062e+01 4.359845623266723341e-02 1.493599785989348394e+00 4.188283052930021912e-04 1.053122266478728530e+00 7.795305304530114610e-01
7.133779264214047089e+01 4.142342469213105421e-02 1.496533026710076708e+00 4.661138872277914937e-04 1.054346631911038390e+00 7.136231866911030286e-01
7.163879598662208537e+01 3.947679859073541936e-02 1.499466267430805244e+00 5.873884296058730055e-04 1.055570997343348250e+00 6.503741008976620108e-01
7.193979933110368563e+01 3.776123593944557405e-02 1.502399508151533780e+00 7.716273590044836830e-04 1.056795362775658109e+00 5.898541577439914141e-01
7.224080267558528590e+01 3.625829912370849561e-02 1.505332748872262316e+00 1.015122263272751719e-03 1.058019728207967969e+00 5.326298548393904042e-01
7.254180602006690037e+01 3.489392860580463329e-02 1.508265989592990852e+00 1.275838020068325966e-03 1.059244093640277828e+00 4.797660051191020014e-01
7.284280936454850064e+01 3.360470653390043583e-02 1.511199230313719388e+00 1.448431020812552660e-03 1.060468459072587688e+00 4.323792667643126530e-01
7.314381270903010090e+01 3.241555871548896378e-02 1.514132471034447924e+00 1.432124663978125200e-03 1.061692824504897548e+00 3.910568931017457395e-01
7.344481605351171538e+01 3.136470872229168982e-02 1.517065711755176460e+00 1.225580280207117694e-03 1.062917189937207407e+00 3.555863832839771255e-01
7.374581939799331565e+01 3.037529144144702348e-02 1.519998952475904996e+00 9.315407216392297251e-04 1.064141555369517267e+00 3.252040231214693433e-01
7.404682274247491591e+01 2.929251111534456747e-02 1.522932193196633310e+00 6.688570207633602388e-04 1.065365920801827126e+00 2.990673392859481416e-01
7.434782608695653039e+01 2.804128629389282187e-02 1.525865433917362068e+00 4.931752878938719300e-04 1.066590286234136986e+00 2.764659703691789705e-01
7.464882943143813065e+01 2.667296166457692325e-02 1.528798674638090382e+00 3.906168576939466155e-04 1.067814651666446846e+00 2.566956220928798271e-01
7.494983277591973092e+01 2.528582797851342337e-02 1.531731915358819140e+00 3.186815060146080025e-04 1.069039017098756483e+00 2.389860627477701505e-01
7.525083612040134540e+01 2.397096103569089018e-02 1.534665156079547454e+00 2.453126347397695055e-04 1.070263382531066343e+00 2.227347075201782101e-01
7.555183946488294566e+01 2.278372877550738362e-02 1.537598396800276213e+00 1.652892358074341218e-04 1.071487747963376203e+00 2.077690110559316794e-01
7.585284280936456014e+01 2.170603059981532704e-02 1.540531637521004527e+00 9.293813024638958461e-05 1.072712113395686062e+00 1.942368821740481921e-01
7.615384615384616041e+01 2.067313910591506154e-02 1.543464878241733063e+00 4.243022608194705990e-05 1.073936478827995922e+00 1.821879475534309289e-01
7.645484949832776067e+01 1.965493465880511353e-02 1.546398118962461599e+00 1.549240279096879505e-05 1.075160844260305781e+00 1.712881144458318905e-01
7.675585284280937515e+01 1.868402971655176714e-02 1.549331359683190135e+00 4.487050050365167402e-06 1.076385209692615641e+00 1.609075202714893016e-01
7.705685618729097541e+01 1.780988525401101460e-02 1.552264600403918671e+00 1.026382396358008341e-06 1.077609575124925501e+00 1.503904300326670829e-01
7.735785953177257568e+01 1.704596998086256934e-02 1.555197841124647207e+00 1.855654112508565527e-07 1.078833940557235360e+00 1.392389772758408917e-01
7.765886287625419016e+01 1.636491261782849899e-02 1.558131081845375743e+00 3.253688451519648578e-08 1.080058305989545220e+00 1.271982843893880166e-01
7.795986622073579042e+01 1.573128606312072450e-02 1.561064322566104279e+00 5.499310150873370950e-08 1.081282671421855079e+00 1.143571981701241580e-01
7.826086956521739069e+01 1.512315597124687036e-02 1.563997563286832815e+00 3.381263361351825087e-07 1.082507036854164939e+00 1.012217013704711233e-01
7.856187290969900516e+01 1.453013185090741913e-02 1.566930804007561129e+00 1.722919832228081830e-06 1.083731402286474799e+00 8.859272231958686961e-02
7.886287625418060543e+01 1.393995303347832573e-02 1.569864044728289887e+00 6.904005413356052347e-06 1.084955767718784658e+00 7.723499545385388576e-02
7.916387959866221991e+01 1.332956170537740251e-02 1.572797285449018201e+00 2.174056242112201235e-05 1.086180133151094518e+00 6.756834162591923709e-02
7.946488294314382017e+01 1.269272563263518054e-02 1.575730526169746959e+00 5.379844811139678022e-05 1.087404498583404155e+00 5.960866094988635788e-02
7.976588628762542044e+01 1.207141805073477098e-02 1.578663766890475273e+00 1.046159696391021790e-04 1.088628864015714015e+00 5.312826408609695739e-02
8.006688963210703491e+01 1.152021107690642115e-02 1.581597007611204031e+00 1.598657701160327680e-04 1.089853229448023875e+00 4.781808130088613384e-02
8.036789297658863518e+01 1.105242652573585303e-02 1.584530248331932345e+00 1.919739258812382283e-04 1.091077594880333734e+00 4.332545922643225161e-02
8.066889632107023544e+01 1.064726851340694336e-02 1.587463489052660881e+00 1.811583144862981710e-04 1.092301960312643594e+00 3.925232308973945761e-02
8.096989966555184992e+01 1.027789706107646098e-02 1.590396729773389417e+00 1.343394478799720445e-04 1.093526325744953454e+00 3.525008995868799538e-02
8.127090301003345019e+01 9.922373248340977947e-03 1.593329970494117953e+00 7.828491954674587461e-05 1.094750691177263313e+00 3.119272741689665951e-02
8.157190635451505045e+01 9.580971052071817970e-03 1.596263211214846489e+00 3.584940259744304924e-05 1.095975056609573173e+00 2.725558989443439481e-02
8.187290969899666493e+01 9.274634884213912508e-03 1.599196451935575025e+00 1.290075117943319577e-05 1.097199422041883032e+00 2.377360255636799119e-02
8.217391304347826519e+01 9.002752409525230717e-03 1.602129692656303561e+00 3.648189069385403925e-06 1.098423787474192892e+00 2.096347572819156138e-02
8.247491638795986546e+01 8.727383392272658816e-03 1.605062933377032097e+00 8.107163644182787282e-07 1.099648152906502752e+00 1.874191766537094961e-02
8.277591973244147994e+01 8.422508657503251922e-03 1.607996174097760633e+00 1.415760540816705535e-07 1.100872518338812611e+00 1.678837349902936871e-02
8.307692307692308020e+01 8.122429440097873529e-03 1.610929414818488947e+00 1.942852949239857946e-08 1.102096883771122471e+00 1.477641256829794608e-02
8.337792642140469468e+01 7.895365282965896916e-03 1.613862655539217705e+00 2.095170271921510450e-09 1.103321249203432330e+00 1.257023773237301092e-02
8.367892976588629494e+01 7.769050042699944710e-03 1.616795896259946019e+00 1.775534670025337720e-10 1.104545614635742190e+00 1.025699576457462722e-02
8.397993311036789521e+01 7.710014305883706662e-03 1.619729136980674777e+00 1.183955702763180759e-11 1.105769980068052050e+00 8.042808627950164338e-03
8.428093645484950969e+01 7.669015242898867199e-03 1.622662377701403091e+00 1.009853021614908052e-12 1.106994345500361909e+00 6.119843870991514834e-03
8.458193979933110995e+01 7.605322445199328221e-03 1.625595618422131849e+00 7.770878563881618292e-12 1.108218710932671769e+00 4.584781711960467590e-03
8.488294314381271022e+01 7.479186884263030501e-03 1.628528859142860163e+00 1.205481618335971347e-10 1.109443076364981629e+00 3.428252748485825091e-03
8.518394648829432469e+01 7.266905164837308452e-03 1.631462099863588922e+00 1.474344195424253152e-09 1.110667441797291488e+00 2.575170009824090216e-03
8.548494983277592496e+01 6.983293828160059419e-03 1.634395340584317236e+00 1.416998495819893134e-08 1.111891807229601348e+00 1.940737433631094678e-03
8.578595317725752523e+01 6.672704418717592505e-03 1.637328581305045772e+00 1.070210390315849571e-07 1.113116172661911207e+00 1.468055183209912313e-03
8.608695652173913970e+01 6.388532657756211194e-03 1.640261822025774308e+00 6.351820253000772912e-07 1.114340538094221067e+00 1.131008660832062002e-03
8.638795986622073997e+01 6.182697398465644180e-03 1.643195062746502844e+00 2.962487312847855565e-06 1.115564903526530927e+00 9.129926238471130226e-04
8.668896321070235444e+01 6.080302956431980592e-03 1.646128303467231380e+00 1.085785559164078233e-05 1.116789268958840786e+00 7.868702490723057013e-04
8.698996655518395471e+01 6.046940546040738447e-03 1.649061544187959916e+00 3.127237651013307007e-05 1.118013634391150646e+00 7.125569046312171979e-04
8.729096989966555498e+01 6.014751018255012557e-03 1.651994784908688452e+00 7.077941583569818582e-05 1.119237999823460283e+00 6.490702228134199135e-04
8.759197324414716945e+01 5.955336341378602780e-03 1.654928025629416766e+00 1.258874175226008666e-04 1.120462365255770143e+00 5.684398257855189686e-04
8.789297658862876972e+01 5.898282533946294648e-03 1.657861266350145524e+00 1.759490546210203316e-04 1.121686730688080003e+00 4.627565219985937494e-04
8.819397993311036998e+01 5.876969041175825019e-03 1.660794507070873838e+00 1.932505834269100361e-04 1.122911096120389862e+00 3.422927019064713763e-04
8.849498327759198446e+01 5.879233380036969110e-03 1.663727747791602596e+00 1.667953551992766667e-04 1.124135461552699722e+00 2.264979705001128466e-04
8.879598662207358473e+01 5.852724898308292456e-03 1.666660988512330910e+00 1.131296267143028027e-04 1.125359826985009581e+00 1.326239608686211404e-04
8.909698996655518499e+01 5.755762162228286564e-03 1.669594229233059668e+00 6.029732121235193944e-05 1.126584192417319441e+00 6.819370365380861688e-05
8.939799331103679947e+01 5.605280886953932853e-03 1.672527469953787982e+00 2.525509145772877493e-05 1.127808557849629301e+00 3.062837295729450209e-05
8.969899665551839973e+01 5.469516866896621983e-03 1.675460710674516740e+00 8.312451712541845064e-06 1.129032923281939160e+00 1.197268507795993198e-05
9.000000000000000000e+01 5.415660303787877758e-03 1.678393951395245054e+00 2.150000634802361838e-06 1.130257288714249020e+00 4.063487934743374533e-06
