0.000000000000000000e+00 6.957556080917207120e-02 4.168352835634547837e-05 5.546427983135772122e-01 1.553876128970108073e-04 5.871360630724438145e+00
3.010033444816053727e-01 6.957607980008068127e-02 1.084355204017409084e-02 5.548604966735900534e-01 3.054766688520086423e-03 5.829114215884404260e+00
6.020066889632107454e-01 6.956936663772649021e-02 2.164542055199183621e-02 5.554988118380586037e-01 5.954145764143162038e-03 5.717654406869036698e+00
9.030100334448161181e-01 6.953530103210535385e-02 3.244728906380957983e-02 5.565245924306883030e-01 8.853524839766237220e-03 5.554668374987207891e+00
1.204013377926421491e+00 6.945077308538737115e-02 4.324915757562732693e-02 5.578859962815442275e-01 1.175290391538931327e-02 5.362443764493128207e+00
1.505016722408026864e+00 6.929395635144575127e-02 5.405102608744507403e-02 5.595170242751296152e-01 1.465228299101238932e-02 5.161654196031760122e+00
1.806020066889632236e+00 6.904247269898083905e-02 6.485289459926281419e-02 5.613429769836090211e-01 1.755166206663546363e-02 4.967444955810866425e+00
2.107023411371237387e+00 6.867158276389452587e-02 7.565476311108056129e-02 5.632861261176950185e-01 2.045104114225854142e-02 4.788698954669533769e+00
2.408026755852842982e+00 6.815782984396275002e-02 8.645663162289830839e-02 5.652709078532918152e-01 2.335042021788161573e-02 4.629556571324026315e+00
2.709030100334448576e+00 6.748757223306266206e-02 9.725850013471605549e-02 5.672280649100034378e-01 2.624979929350469005e-02 4.491518147113803927e+00
3.010033444816053727e+00 6.666585830122018219e-02 1.080603686465338026e-01 5.690973632846491048e-01 2.914917836912776783e-02 4.374885000988244066e+00
3.311036789297658878e+00 6.572075038499296251e-02 1.188622371583515497e-01 5.708287501219386773e-01 3.204855744475084561e-02 4.279211263985444269e+00
3.612040133779264472e+00 6.469875353688495090e-02 1.296641056701692829e-01 5.723820593020674252e-01 3.494793652037391646e-02 4.203115571676285356e+00
3.913043478260870067e+00 6.364864802296184287e-02 1.404659741819870300e-01 5.737255724248769839e-01 3.784731559599699424e-02 4.143986239141442596e+00
4.214046822742474774e+00 6.259781531909751340e-02 1.512678426938047771e-01 5.748338764559696168e-01 4.074669467162007203e-02 4.097978868522186069e+00
4.515050167224080369e+00 6.153586389934676687e-02 1.620697112056225242e-01 5.756855107999548915e-01 4.364607374724314287e-02 4.060486930590518462e+00
4.816053511705685963e+00 6.042236211190122469e-02 1.728715797174402713e-01 5.762608663067104731e-01 4.654545282286622065e-02 4.027041158836892620e+00
5.117056856187291558e+00 5.921816599263617087e-02 1.836734482292580184e-01 5.765407001150165689e-01 4.944483189848929844e-02 3.994357318635477494e+00
5.418060200668897153e+00 5.791575900876089894e-02 1.944753167410757655e-01 5.765054859784662922e-01 5.234421097411236928e-02 3.961078865867641685e+00
5.719063545150501859e+00 5.654186154636349493e-02 2.052771852528935126e-01 5.761356569308592190e-01 5.524359004973544707e-02 3.927804395105769064e+00
6.020066889632107454e+00 5.513294891284439142e-02 2.160790537647112597e-01 5.754126425948417056e-01 5.814296912535852485e-02 3.896310013529029170e+00
6.321070234113713049e+00 5.371167271897290402e-02 2.268809222765290068e-01 5.743204795089124071e-01 6.104234820098159570e-02 3.868314682524155224e+00
6.622073578595317755e+00 5.228760009462962710e-02 2.376827907883467539e-01 5.728476948420647696e-01 6.394172727660468736e-02 3.844401553368124169e+00
6.923076923076923350e+00 5.087565257046440526e-02 2.484846593001645010e-01 5.709891387024903509e-01 6.684110635222775820e-02 3.823614426408417089e+00
7.224080267558528945e+00 4.950578276452170107e-02 2.592865278119822481e-01 5.687474665154337305e-01 6.974048542785082905e-02 3.803867478587025897e+00
7.525083612040134540e+00 4.820877175461709546e-02 2.700883963237999952e-01 5.661340420215567049e-01 7.263986450347389989e-02 3.782894321536555804e+00
7.826086956521740134e+00 4.699076261931185716e-02 2.808902648356177423e-01 5.631691293737385307e-01 7.553924357909697074e-02 3.759248473672488267e+00
8.127090301003345729e+00 4.582294497982473264e-02 2.916921333474354894e-01 5.598813526271742003e-01 7.843862265472004158e-02 3.732912140593765749e+00
8.428093645484949548e+00 4.465900281245972769e-02 3.024940018592532365e-01 5.563065051687026141e-01 8.133800173034314018e-02 3.705289943162050292e+00
8.729096989966555142e+00 4.346631940609336359e-02 3.132958703710709836e-01 5.524858747966698846e-01 8.423738080596621103e-02 3.678635736415004409e+00
9.030100334448160737e+00 4.224458988413771349e-02 3.240977388828887307e-01 5.484643007776491830e-01 8.713675988158928187e-02 3.655183777973854742e+00
9.331103678929766332e+00 4.101908901931533569e-02 3.348996073947064778e-01 5.442881914301896940e-01 9.003613895721235272e-02 3.636355664693800893e+00
9.632107023411371927e+00 3.981978206656365538e-02 3.457014759065242249e-01 5.400037051969691637e-01 9.293551803283542356e-02 3.622350486015554427e+00
9.933110367892977521e+00 3.866663072814421204e-02 3.565033444183419720e-01 5.356552416175690556e-01 9.583489710845849441e-02 3.612225427508648501e+00
1.023411371237458312e+01 3.756930102383106151e-02 3.673052129301597191e-01 5.312843130804949521e-01 9.873427618408159301e-02 3.604343691637568181e+00
1.053511705685618871e+01 3.653307253758886902e-02 3.781070814419774662e-01 5.269287887570576201e-01 1.016336552597046639e-01 3.596931292001895208e+00
1.083612040133779431e+01 3.555995496108503573e-02 3.889089499537952133e-01 5.226224341240497395e-01 1.045330343353277347e-01 3.588502312100355418e+00
1.113712374581939812e+01 3.464390543433367581e-02 3.997108184656129604e-01 5.183946259064661222e-01 1.074324134109508055e-01 3.578040455195012015e+00
1.143812709030100372e+01 3.376775725681572388e-02 4.105126869774307075e-01 5.142701110733568504e-01 1.103317924865738764e-01 3.564962550401188146e+00
1.173913043478260931e+01 3.290812280805922863e-02 4.213145554892484546e-01 5.102687010694019198e-01 1.132311715621969472e-01 3.548958354771161616e+00
1.204013377926421491e+01 3.204626265093413889e-02 4.321164240010662017e-01 5.064048432120866750e-01 1.161305506378200458e-01 3.529794846861366686e+00
1.234113712374582050e+01 3.117667207400649787e-02 4.429182925128839488e-01 5.026870787246487948e-01 1.190299297134431167e-01 3.507146766831499729e+00
1.264214046822742610e+01 3.030672735532824458e-02 4.537201610247016959e-01 4.991174662273504814e-01 1.219293087890661875e-01 3.480516480835735837e+00
1.294314381270903169e+01 2.944842189897566714e-02 4.645220295365194429e-01 4.956911051473418262e-01 1.248286878646892584e-01 3.449316552209472420e+00
1.324414715719063551e+01 2.860983606847059338e-02 4.753238980483371900e-01 4.923959225022120911e-01 1.277280669403123570e-01 3.413139843020540631e+00
1.354515050167224111e+01 2.779350055352723670e-02 4.861257665601549371e-01 4.892128811332527305e-01 1.306274460159354278e-01 3.372113563608674092e+00
1.384615384615384670e+01 2.700187473055146517e-02 4.969276350719726842e-01 4.861167267062452835e-01 1.335268250915584987e-01 3.327118493455832660e+00
1.414715719063545230e+01 2.624344428946906449e-02 5.077295035837903203e-01 4.830773205653390301e-01 1.364262041671815695e-01 3.279690780818037776e+00
1.444816053511705789e+01 2.553269822323512087e-02 5.185313720956080674e-01 4.800615174969229959e-01 1.393255832428046403e-01 3.231634188815149411e+00
1.474916387959866348e+01 2.488320030563973689e-02 5.293332406074258145e-01 4.770354569094366060e-01 1.422249623184277112e-01 3.184593567683712934e+00
1.505016722408026908e+01 2.429893024509170371e-02 5.401351091192435616e-01 4.739670589730075601e-01 1.451243413940508098e-01 3.139862147772996437e+00
1.535117056856187467e+01 2.376967388287047969e-02 5.509369776310613087e-01 4.708284680064775962e-01 1.480237204696738806e-01 3.098470455962641701e+00
1.565217391304348027e+01 2.327234331630574291e-02 5.617388461428790558e-01 4.675981735336827705e-01 1.509230995452969515e-01 3.061327322054466560e+00
1.595317725752508409e+01 2.277666773301832356e-02 5.725407146546968029e-01 4.642625685225066912e-01 1.538224786209200223e-01 3.029117077835340677e+00
1.625418060200669146e+01 2.225321732474353636e-02 5.833425831665145500e-01 4.608167711074315775e-01 1.567218576965430932e-01 3.001882597814694353e+00
1.655518394648829528e+01 2.168207737895402193e-02 5.941444516783322971e-01 4.572646308527683057e-01 1.596212367721661640e-01 2.978554659620272549e+00
1.685618729096989910e+01 2.105946936487834015e-02 6.049463201901500442e-01 4.536179485648035858e-01 1.625206158477892626e-01 2.956834777916155232e+00
1.715719063545150647e+01 2.039864637389268709e-02 6.157481887019677913e-01 4.498950423093020512e-01 1.654199949234123335e-01 2.933663571597413977e+00
1.745819397993311028e+01 1.972324456619601804e-02 6.265500572137855384e-01 4.461188743666579803e-01 1.683193739990354043e-01 2.906134861944996928e+00
1.775919732441471766e+01 1.905601034210127956e-02 6.373519257256032855e-01 4.423150004635680865e-01 1.712187530746584752e-01 2.872419257281627392e+00
1.806020066889632147e+01 1.840991945388140150e-02 6.481537942374210326e-01 4.385096060098960247e-01 1.741181321502815460e-01 2.832241673345492039e+00
1.836120401337792885e+01 1.778760062665441649e-02 6.589556627492387797e-01 4.347278544482442997e-01 1.770175112259046168e-01 2.786713349136421325e+00
1.866220735785953266e+01 1.718789655619414394e-02 6.697575312610565268e-01 4.309926986642432234e-01 1.799168903015277154e-01 2.737676241386167941e+00
1.896321070234114003e+01 1.661150171608787723e-02 6.805593997728742739e-01 4.273242130106948422e-01 1.828162693771507863e-01 2.686961823019936357e+00
1.926421404682274385e+01 1.605907572383166379e-02 6.913612682846920210e-01 4.237394099474453557e-01 1.857156484527738571e-01 2.635967158286316003e+00
1.956521739130434767e+01 1.552478656559358114e-02 7.021631367965097681e-01 4.202524303450029253e-01 1.886150275283969280e-01 2.585719263719559624e+00
1.986622073578595504e+01 1.499517610906038120e-02 7.129650053083275152e-01 4.168749543472947128e-01 1.915144066040199988e-01 2.537272107905368390e+00
2.016722408026755886e+01 1.445843895886662726e-02 7.237668738201452623e-01 4.136166767016346002e-01 1.944137856796430974e-01 2.492055712988686889e+00
2.046822742474916623e+01 1.391701180465223196e-02 7.345687423319630094e-01 4.104857237092088273e-01 1.973131647552661683e-01 2.451821412751697515e+00
2.076923076923077005e+01 1.339046501724735529e-02 7.453706108437807565e-01 4.074889470305286809e-01 2.002125438308892391e-01 2.418099112012611407e+00
2.107023411371237742e+01 1.290354412218356651e-02 7.561724793555985036e-01 4.046320956044101025e-01 2.031119229065123100e-01 2.391429854150079581e+00
2.137123745819398124e+01 1.246858520789095350e-02 7.669743478674162507e-01 4.019199228658236200e-01 2.060113019821353808e-01 2.370824399709661190e+00
2.167224080267558861e+01 1.207789058048646703e-02 7.777762163792339978e-01 3.993563176670230086e-01 2.089106810577584517e-01 2.353795397964376868e+00
2.197324414715719243e+01 1.171293441027173796e-02 7.885780848910517449e-01 3.969445462246745104e-01 2.118100601333815503e-01 2.336990247199660420e+00
2.227424749163879625e+01 1.136145514055489358e-02 7.993799534028694920e-01 3.946876601283563213e-01 2.147094392090046211e-01 2.317130310924683467e+00
2.257525083612040362e+01 1.102632682416736232e-02 8.101818219146872391e-01 3.925890711198421479e-01 2.176088182846276919e-01 2.291834416092546345e+00
2.287625418060200744e+01 1.071879476260004932e-02 8.209836904265049862e-01 3.906532315968105906e-01 2.205081973602507628e-01 2.260016785169658426e+00
2.317725752508361481e+01 1.044373834087943681e-02 8.317855589383227333e-01 3.888863068183933680e-01 2.234075764358738336e-01 2.221800415181387489e+00
2.347826086956521863e+01 1.019069444040521417e-02 8.425874274501404804e-01 3.872966944170275760e-01 2.263069555114969045e-01 2.178119921262109848e+00
2.377926421404682600e+01 9.937358471176483549e-03 8.533892959619582275e-01 3.858952473640553382e-01 2.292063345871200031e-01 2.130285065139381651e+00
2.408026755852842982e+01 9.661569015090271106e-03 8.641911644737759746e-01 3.846950892045174486e-01 2.321057136627430739e-01 2.079706361898755240e+00
2.438127090301003363e+01 9.353037817278924901e-03 8.749930329855937217e-01 3.837109694155171891e-01 2.350050927383661448e-01 2.027809730877236039e+00
2.468227424749164101e+01 9.018199528456489686e-03 8.857949014974114688e-01 3.829581810544628873e-01 2.379044718139892156e-01 1.976012407278196603e+00
2.498327759197324482e+01 8.676443341594539810e-03 8.965967700092292159e-01 3.824511385457775026e-01 2.408038508896122865e-01 1.925607466225994324e+00
2.528428093645485220e+01 8.350581386858409172e-03 9.073986385210469630e-01 3.822017766004955353e-01 2.437032299652353573e-01 1.877520512137516473e+00
2.558528428093645601e+01 8.056959181703373524e-03 9.182005070328647101e-01 3.822179704520443089e-01 2.466026090408584559e-01 1.832055163060021030e+00
2.588628762541806339e+01 7.799934576311054121e-03 9.290023755446824572e-01 3.825021856943661702e-01 2.495019881164815267e-01 1.788801774486490137e+00
2.618729096989966720e+01 7.572320441831243906e-03 9.398042440565002043e-01 3.830505411463007714e-01 2.524013671921045976e-01 1.746803585926309799e+00
2.648829431438127102e+01 7.360350792427514978e-03 9.506061125683179514e-01 3.838524138227726867e-01 2.553007462677276962e-01 1.704931493964378264e+00
2.678929765886287839e+01 7.150396727441183514e-03 9.614079810801356984e-01 3.848906394727678038e-01 2.582001253433507393e-01 1.662321279704697785e+00
2.709030100334448221e+01 6.934679391047830418e-03 9.722098495919534455e-01 3.861422768950195650e-01 2.610995044189738379e-01 1.618717530561501805e+00
2.739130434782608958e+01 6.713959214997736874e-03 9.830117181037711926e-01 3.875798226977906213e-01 2.639988834945968810e-01 1.574613707091000014e+00
2.769230769230769340e+01 6.496520809001599638e-03 9.938135866155889397e-01 3.891726982930788781e-01 2.668982625702199796e-01 1.531137101527523248e+00
2.799331103678930077e+01 6.294283479131170846e-03 1.004615455127406687e+00 3.908887932202940174e-01 2.697976416458430227e-01 1.489697654236018520e+00
2.829431438127090459e+01 6.117768459449461106e-03 1.015417323639224323e+00 3.926958446588160179e-01 2.726970207214661213e-01 1.451507153919158188e+00
2.859531772575251196e+01 5.971832880247960294e-03 1.026219192151042181e+00 3.945624631224403100e-01 2.755963997970892199e-01 1.417148616157941188e+00
2.889632107023411578e+01 5.853823619572284288e-03 1.037021060662859817e+00 3.964586741489590782e-01 2.784957788727122630e-01 1.386374688426771806e+00
2.919732441471571960e+01 5.754886567888660431e-03 1.047822929174677675e+00 3.983559258163893446e-01 2.813951579483353616e-01 1.358214388317298793e+00
2.949832775919732697e+01 5.663617027620023586e-03 1.058624797686495311e+00 4.002265995001641485e-01 2.842945370239584046e-01 1.331320655117789631e+00
2.979933110367893079e+01 5.570181136376804384e-03 1.069426666198313169e+00 4.020431428460903289e-01 2.871939160995815032e-01 1.304388351245589606e+00
3.010033444816053816e+01 5.469164076061713668e-03 1.080228534710130806e+00 4.037770071848570952e-01 2.900932951752046018e-01 1.276469606158095349e+00
3.040133779264214198e+01 5.359909445227076935e-03 1.091030403221948664e+00 4.053976074288991871e-01 2.929926742508276449e-01 1.247094057857319083e+00
3.070234113712374935e+01 5.243812955136131250e-03 1.101832271733766300e+00 4.068715260629750530e-01 2.958920533264507435e-01 1.216203817686819511e+00
3.100334448160535317e+01 5.120072821986465690e-03 1.112634140245584158e+00 4.081621540333172926e-01 2.987914324020737866e-01 1.183982770021271724e+00
3.130434782608696054e+01 4.983815532378431216e-03 1.123436008757401794e+00 4.092299043661337121e-01 3.016908114776968852e-01 1.150678334170224248e+00
3.160535117056856436e+01 4.829469443755787621e-03 1.134237877269219652e+00 4.100330569559524352e-01 3.045901905533199838e-01 1.116490572191698449e+00
3.190635451505016817e+01 4.657011054947041671e-03 1.145039745781037288e+00 4.105292054092100629e-01 3.074895696289430269e-01 1.081557989473727277e+00
3.220735785953177555e+01 4.474946813337303368e-03 1.155841614292855146e+00 4.106771907100367214e-01 3.103889487045661255e-01 1.046020802738103495e+00
3.250836120401338292e+01 4.296810476872912551e-03 1.166643482804672782e+00 4.104393335067841320e-01 3.132883277801891686e-01 1.010107794156726468e+00
3.280936454849498318e+01 4.134480694606736118e-03 1.177445351316490640e+00 4.097837274640579452e-01 3.161877068558122672e-01 9.741843776760895635e-01
3.311036789297659055e+01 3.994062721288512904e-03 1.188247219828308276e+00 4.086863381325376299e-01 3.190870859314353103e-01 9.387201310089060557e-01
3.341137123745819792e+01 3.876233861307557156e-03 1.199049088340126135e+00 4.071326687661492860e-01 3.219864650070584089e-01 9.041756757314667325e-01
3.371237458193979819e+01 3.778346996919995041e-03 1.209850956851943771e+00 4.051188048784062912e-01 3.248858440826815075e-01 8.708551138317595086e-01
3.401337792642140556e+01 3.695594202353712741e-03 1.220652825363761629e+00 4.026517260073827487e-01 3.277852231583045506e-01 8.388002103603060533e-01
3.431438127090301293e+01 3.621855872880661194e-03 1.231454693875579265e+00 3.997488643857801116e-01 3.306846022339276492e-01 8.077945296659907459e-01
3.461538461538462030e+01 3.552221694808923007e-03 1.242256562387397123e+00 3.964369814561569116e-01 3.335839813095506923e-01 7.774905075384342945e-01
3.491638795986622057e+01 3.486483390628623055e-03 1.253058430899214759e+00 3.927505099031509683e-01 3.364833603851737909e-01 7.475927315829534736e-01
3.521739130434782794e+01 3.429818538882644513e-03 1.263860299411032617e+00 3.887295595475440124e-01 3.393827394607968895e-01 7.179825355751112692e-01
3.551839464882943531e+01 3.388153348636719405e-03 1.274662167922850253e+00 3.844178038815768694e-01 3.422821185364199326e-01 6.887025955042779257e-01
3.581939799331104268e+01 3.360992142522778881e-03 1.285464036434668111e+00 3.798604505049481550e-01 3.451814976120430312e-01 6.598249553344560647e-01
3.612040133779264295e+01 3.338180554803857423e-03 1.296265904946485747e+00 3.751024594629415176e-01 3.480808766876660743e-01 6.313214833910517632e-01
3.642140468227425032e+01 3.304526614744064152e-03 1.307067773458303606e+00 3.701871186487890597e-01 3.509802557632891729e-01 6.030569094500782823e-01
3.672240802675585769e+01 3.249423734932738346e-03 1.317869641970121242e+00 3.651550262914259881e-01 3.538796348389122159e-01 5.749240812822370428e-01
3.702341137123745796e+01 3.174073116425422600e-03 1.328671510481939100e+00 3.600434767611707110e-01 3.567790139145353145e-01 5.470224777196294186e-01
3.732441471571906533e+01 3.090697018498640442e-03 1.339473378993756736e+00 3.548862036712865931e-01 3.596783929901584131e-01 5.197425086698247432e-01
3.762541806020067270e+01 3.014473986732778103e-03 1.350275247505574594e+00 3.497134057726888345e-01 3.625777720657814562e-01 4.936848412456815716e-01
3.792642140468228007e+01 2.954436329835361669e-03 1.361077116017392230e+00 3.445519655911870038e-01 3.654771511414045548e-01 4.694551857888619173e-01
3.822742474916388034e+01 2.909838547941212029e-03 1.371878984529210088e+00 3.394257658800473032e-01 3.683765302170275979e-01 4.474474163259576365e-01
3.852842809364548771e+01 2.873469098163002489e-03 1.382680853041027724e+00 3.343560127449275443e-01 3.712759092926506965e-01 4.277230078238748456e-01
3.882943143812709508e+01 2.837652195236298018e-03 1.393482721552845360e+00 3.293614859416068574e-01 3.741752883682737951e-01 4.100325544175353887e-01
3.913043478260869534e+01 2.797605946254051127e-03 1.404284590064663218e+00 3.244586566291923213e-01 3.770746674438968382e-01 3.939526834383978438e-01
3.943143812709030271e+01 2.750897177579209995e-03 1.415086458576480855e+00 3.196616410586517465e-01 3.799740465195199368e-01 3.790668879069510888e-01
3.973244147157191009e+01 2.695979758255482098e-03 1.425888327088298713e+00 3.149819940800654972e-01 3.828734255951429799e-01 3.651136439203676032e-01
4.003344481605351746e+01 2.632664150899894414e-03 1.436690195600116349e+00 3.104283851547888773e-01 3.857728046707660785e-01 3.520491001338059700e-01
4.033444816053511772e+01 2.563948355150424616e-03 1.447492064111934207e+00 3.060062352510708461e-01 3.886721837463891771e-01 3.400069642793445146e-01
4.063545150501672509e+01 2.496511078199507502e-03 1.458293932623751843e+00 3.017174175310093354e-01 3.915715628220122202e-01 3.291749007529997662e-01
4.093645484949833246e+01 2.438365851521162673e-03 1.469095801135569701e+00 2.975601306737113982e-01 3.944709418976353188e-01 3.196414085378986303e-01
4.123745819397993273e+01 2.394763967773164397e-03 1.479897669647387337e+00 2.935290367027931224e-01 3.973703209732583619e-01 3.112884365606177206e-01
4.153846153846154010e+01 2.364993017497166606e-03 1.490699538159205195e+00 2.896157160078676740e-01 4.002697000488814605e-01 3.037907314624626598e-01
4.183946488294314747e+01 2.342479448484550888e-03 1.501501406671022831e+00 2.858094372336811295e-01 4.031690791245045036e-01 2.967248344691750805e-01
4.214046822742475484e+01 2.318649206050262673e-03 1.512303275182840689e+00 2.820981798398453089e-01 4.060684582001276022e-01 2.897201479492260701e-01
4.244147157190635511e+01 2.288205481160189569e-03 1.523105143694658326e+00 2.784697955132445224e-01 4.089678372757507008e-01 2.825570267086561782e-01
4.274247491638796248e+01 2.252141797410482735e-03 1.533907012206476184e+00 2.749131631830862843e-01 4.118672163513737439e-01 2.751593255124270554e-01
4.304347826086956985e+01 2.216606006324686740e-03 1.544708880718293820e+00 2.714191887830012528e-01 4.147665954269968425e-01 2.675077430541205614e-01
4.334448160535117722e+01 2.189013303301811254e-03 1.555510749230111678e+00 2.679815263921781487e-01 4.176659745026198856e-01 2.595511927311268119e-01
4.364548494983277749e+01 2.174261248646286969e-03 1.566312617741929314e+00 2.645969464618686540e-01 4.205653535782429842e-01 2.511811078219306492e-01
4.394648829431438486e+01 2.172784577207822424e-03 1.577114486253747172e+00 2.612653385944061490e-01 4.234647326538660828e-01 2.422784884513298764e-01
4.424749163879599223e+01 2.180563950885474472e-03 1.587916354765564808e+00 2.579893972573550354e-01 4.263641117294891258e-01 2.327933604227251096e-01
4.454849498327759250e+01 2.190475009900921550e-03 1.598718223277382666e+00 2.547740860900342685e-01 4.292634908051122244e-01 2.228021142249949349e-01
4.484949832775919987e+01 2.194171225809181218e-03 1.609520091789200302e+00 2.516260010879578513e-01 4.321628698807352675e-01 2.125080527424760002e-01
4.515050167224080724e+01 2.183751269572601923e-03 1.620321960301018160e+00 2.485527516613595111e-01 4.350622489563583661e-01 2.021841745378631650e-01
4.545150501672241461e+01 2.152986012341670183e-03 1.631123828812835796e+00 2.455624541993076115e-01 4.379616280319814092e-01 1.920854972213794087e-01
4.575250836120401488e+01 2.098469825989350210e-03 1.641925697324653655e+00 2.426633930961974439e-01 4.408610071076045078e-01 1.823703757933536340e-01
4.605351170568562225e+01 2.020979097645484585e-03 1.652727565836471291e+00 2.398638595581178701e-01 4.437603861832276064e-01 1.730638400248229181e-01
4.635451505016722962e+01 1.926590770146657979e-03 1.663529434348289149e+00 2.371721390382035277e-01 4.466597652588506495e-01 1.640761245586010164e-01
4.665551839464882988e+01 1.826439101617960154e-03 1.674331302860106785e+00 2.345965913177905371e-01 4.495591443344737481e-01 1.552669417348233050e-01
4.695652173913043725e+01 1.734127662540493409e-03 1.685133171371924643e+00 2.321457563519397638e-01 4.524585234100967912e-01 1.465301799952811734e-01
4.725752508361204463e+01 1.661096815117381071e-03 1.695935039883742279e+00 2.298284229522638555e-01 4.553579024857198898e-01 1.378671715998049940e-01
4.755852842809365200e+01 1.611948782098518310e-03 1.706736908395560137e+00 2.276536117384673763e-01 4.582572815613429884e-01 1.294177813507140784e-01
4.785953177257525226e+01 1.582336558010938397e-03 1.717538776907377773e+00 2.256304425702261862e-01 4.611566606369660315e-01 1.214290281784246306e-01
4.816053511705685963e+01 1.560845358884816771e-03 1.728340645419195631e+00 2.237678744000934361e-01 4.640560397125891301e-01 1.141651492016213243e-01
4.846153846153846700e+01 1.534204310158411924e-03 1.739142513931013267e+00 2.220743188251557421e-01 4.669554187882121732e-01 1.077960659763797235e-01
4.876254180602006727e+01 1.493411595760383778e-03 1.749944382442831126e+00 2.205571370888589622e-01 4.698547978638352718e-01 1.023224195645022760e-01
4.906354515050167464e+01 1.437697679651720904e-03 1.760746250954648762e+00 2.192220359780965577e-01 4.727541769394583704e-01 9.758256413990412659e-02
4.936454849498328201e+01 1.374175921244878392e-03 1.771548119466466620e+00 2.180723844112733012e-01 4.756535560150814135e-01 9.334104790088219861e-02
4.966555183946488938e+01 1.313422127185609987e-03 1.782349987978284256e+00 2.171084826611635599e-01 4.785529350907045121e-01 8.940902100080511117e-02
4.996655518394648965e+01 1.263689713987994076e-03 1.793151856490102114e+00 2.163268314094698164e-01 4.814523141663275552e-01 8.572973656116623931e-02
5.026755852842809702e+01 1.227151706121435738e-03 1.803953725001919750e+00 2.157194667506263930e-01 4.843516932419506538e-01 8.238662493142474841e-02
5.056856187290970439e+01 1.199956704057145336e-03 1.814755593513737608e+00 2.152734456845298849e-01 4.872510723175736969e-01 7.953606724456976917e-02
5.086956521739130466e+01 1.175360437160485405e-03 1.825557462025555244e+00 2.149705786211876524e-01 4.901504513931967955e-01 7.730212297738027483e-02
5.117056856187291203e+01 1.147662799152501800e-03 1.836359330537373102e+00 2.147875048662576392e-01 4.930498304688198941e-01 7.568184749106038334e-02
5.147157190635451940e+01 1.114905833256600240e-03 1.847161199049190738e+00 2.146961895188334024e-01 4.959492095444429371e-01 7.450142162428219361e-02
5.177257525083612677e+01 1.079498878584170176e-03 1.857963067561008597e+00 2.146648843905096804e-01 4.988485886200660357e-01 7.344335764970318092e-02
5.207357859531772704e+01 1.046981411148156967e-03 1.868764936072826233e+00 2.146595440613513761e-01 5.017479676956890788e-01 7.213786203384052464e-02
5.237458193979933441e+01 1.023633595662162311e-03 1.879566804584644091e+00 2.146456274030887068e-01 5.046473467713121774e-01 7.028317742969471260e-02
5.267558528428094178e+01 1.013848532262466877e-03 1.890368673096461727e+00 2.145901539493088872e-01 5.075467258469352760e-01 6.774397206653035020e-02
5.297658862876254204e+01 1.018234665658100929e-03 1.901170541608279585e+00 2.144638336168663006e-01 5.104461049225583746e-01 6.458614830457420908e-02
5.327759197324414941e+01 1.033219392354789868e-03 1.911972410120097221e+00 2.142430569551805608e-01 5.133454839981813622e-01 6.103782739218664016e-02
5.357859531772575679e+01 1.052370115543394685e-03 1.922774278631915079e+00 2.139115282771939519e-01 5.162448630738044608e-01 5.740031263094350772e-02
5.387959866220736416e+01 1.068811843164878869e-03 1.933576147143732715e+00 2.134613488383417246e-01 5.191442421494275594e-01 5.394994329112722670e-02
5.418060200668896442e+01 1.077486994037215500e-03 1.944378015655550573e+00 2.128934103043617632e-01 5.220436212250506580e-01 5.086731298990423283e-02
5.448160535117057179e+01 1.076242949170584835e-03 1.955179884167368209e+00 2.122170342333042359e-01 5.249430003006737566e-01 4.821302041137892624e-02
5.478260869565217916e+01 1.065686724108556903e-03 1.965981752679186068e+00 2.114488815673671307e-01 5.278423793762967442e-01 4.594897436741687824e-02
5.508361204013378654e+01 1.048295612029340488e-03 1.976783621191003704e+00 2.106112450787373802e-01 5.307417584519198428e-01 4.398706046033159373e-02
5.538461538461538680e+01 1.027028314321596887e-03 1.987585489702821562e+00 2.097299144693923478e-01 5.336411375275429414e-01 4.223768920888380796e-02
5.568561872909699417e+01 1.003714177744050549e-03 1.998387358214639198e+00 2.088318566966392287e-01 5.365405166031660400e-01 4.063480043758105342e-02
5.598662207357860154e+01 9.782606938358831723e-04 2.009189226726457278e+00 2.079429744808174163e-01 5.394398956787890276e-01 3.913098901097054189e-02
5.628762541806020181e+01 9.497417970045288205e-04 2.019991095238275136e+00 2.070861899080054802e-01 5.423392747544121262e-01 3.767633011251926567e-02
5.658862876254180918e+01 9.187555319279030325e-04 2.030792963750092550e+00 2.062800492281819942e-01 5.452386538300352248e-01 3.620351668129779404e-02
5.688963210702341655e+01 8.888396792589949632e-04 2.041594832261910408e+00 2.055379666863957067e-01 5.481380329056583234e-01 3.463447280370049453e-02
5.719063545150502392e+01 8.654131025115348406e-04 2.052396700773728266e+00 2.048681315495926303e-01 5.510374119812814220e-01 3.290658496540899841e-02
5.749163879598662419e+01 8.529680027440733701e-04 2.063198569285546125e+00 2.042740082960164127e-01 5.539367910569044096e-01 3.100289308073419375e-02
5.779264214046823156e+01 8.525196867489848694e-04 2.074000437797363539e+00 2.037552804383937766e-01 5.568361701325275082e-01 2.896845812871655726e-02
5.809364548494983893e+01 8.607657366802377429e-04 2.084802306309181397e+00 2.033090364764929547e-01 5.597355492081506068e-01 2.690388709640400070e-02
5.839464882943143920e+01 8.712889987401513554e-04 2.095604174820999255e+00 2.029309800389414165e-01 5.626349282837737054e-01 2.493927318760037759e-02
5.869565217391304657e+01 8.773410719734655054e-04 2.106406043332816669e+00 2.026164670410678381e-01 5.655343073593968040e-01 2.319993959360211813e-02
5.899665551839465394e+01 8.749583514694011166e-04 2.117207911844634527e+00 2.023612256055923597e-01 5.684336864350197915e-01 2.177623399933591511e-02
5.929765886287626131e+01 8.645794428927933801e-04 2.128009780356452385e+00 2.021616887649677341e-01 5.713330655106428901e-01 2.070519154984645782e-02
5.959866220735786158e+01 8.500282402019608205e-04 2.138811648868270243e+00 2.020149511376992668e-01 5.742324445862659887e-01 1.996631845770373281e-02
5.989966555183946895e+01 8.357116546082402758e-04 2.149613517380087657e+00 2.019184335650784923e-01 5.771318236618890873e-01 1.948996205241261201e-02
6.020066889632107632e+01 8.242778454537127856e-04 2.160415385891905515e+00 2.018693909464402136e-01 5.800312027375121859e-01 1.917510885624739564e-02
6.050167224080267658e+01 8.161997453769428762e-04 2.171217254403723373e+00 2.018644196441629068e-01 5.829305818131351735e-01 1.891281318687875954e-02
6.080267558528428395e+01 8.106743374800816923e-04 2.182019122915541232e+00 2.018991093504148571e-01 5.858299608887582721e-01 1.861070252218709892e-02
6.110367892976589133e+01 8.062356205671292403e-04 2.192820991427358646e+00 2.019679440564845496e-01 5.887293399643813707e-01 1.821304278259847087e-02
6.140468227424749870e+01 8.005313478633410479e-04 2.203622859939176504e+00 2.020644969279238867e-01 5.916287190400044693e-01 1.771063148656461944e-02
6.170568561872909896e+01 7.902740591458927086e-04 2.214424728450994362e+00 2.021818970235829960e-01 5.945280981156275679e-01 1.713670857605014211e-02
6.200668896321070633e+01 7.724021170121547894e-04 2.225226596962812220e+00 2.023134853200576622e-01 5.974274771912505555e-01 1.654973613871393162e-02
6.230769230769231370e+01 7.459531497839195797e-04 2.236028465474629634e+00 2.024535351382943937e-01 6.003268562668736541e-01 1.600966979717213801e-02
6.260869565217392108e+01 7.130223926917869702e-04 2.246830333986447492e+00 2.025978957348155418e-01 6.032262353424967527e-01 1.555737341569055944e-02
6.290969899665552134e+01 6.778827455277519317e-04 2.257632202498265350e+00 2.027444303073003551e-01 6.061256144181198513e-01 1.520406722114141934e-02
6.321070234113712871e+01 6.450140695206533006e-04 2.268434071010083208e+00 2.028931582806066947e-01 6.090249934937429499e-01 1.493093545773521540e-02
6.351170568561873608e+01 6.175176438105149266e-04 2.279235939521900622e+00 2.030460689231107230e-01 6.119243725693659375e-01 1.469449615424923104e-02
6.381270903010033635e+01 5.966645241522849485e-04 2.290037808033718481e+00 2.032066380977724518e-01 6.148237516449890361e-01 1.443513437901840397e-02
6.411371237458195083e+01 5.822894777268150784e-04 2.300839676545536339e+00 2.033791398374892034e-01 6.177231307206121347e-01 1.409047152650640990e-02
6.441471571906355109e+01 5.733819119421096951e-04 2.311641545057354197e+00 2.035678877866717029e-01 6.206225097962352333e-01 1.361408790972197004e-02
6.471571906354515136e+01 5.684360480217527699e-04 2.322443413569171611e+00 2.037765595802191188e-01 6.235218888718582209e-01 1.299237263033081041e-02
6.501672240802676583e+01 5.655073834696470189e-04 2.333245282080989469e+00 2.040077456580636772e-01 6.264212679474813195e-01 1.224730057870159448e-02
6.531772575250836610e+01 5.623332224408496326e-04 2.344047150592807327e+00 2.042628239728643824e-01 6.293206470231044181e-01 1.142015640221269272e-02
6.561872909698996637e+01 5.569893688830043592e-04 2.354849019104625185e+00 2.045422000748652325e-01 6.322200260987275167e-01 1.054694239801434556e-02
6.591973244147158084e+01 5.489859953496585869e-04 2.365650887616442599e+00 2.048458791061227580e-01 6.351194051743506153e-01 9.645018733883379408e-03
6.622073578595318111e+01 5.398710608886488679e-04 2.376452756128260457e+00 2.051742658429700772e-01 6.380187842499736028e-01 8.721735478683769263e-03
6.652173913043478137e+01 5.324180211906609853e-04 2.387254624640078315e+00 2.055290347814164587e-01 6.409181633255967014e-01 7.796227065511300569e-03
6.682274247491639585e+01 5.286674200695398338e-04 2.398056493151896174e+00 2.059138855986347993e-01 6.438175424012198000e-01 6.913384453578287625e-03
6.712374581939799612e+01 5.283040407092070038e-04 2.408858361663713588e+00 2.063350066148384176e-01 6.467169214768428986e-01 6.135553937751931849e-03
6.742474916387959638e+01 5.286817160852937385e-04 2.419660230175531446e+00 2.068011103128901684e-01 6.496163005524659972e-01 5.516273557826140671e-03
6.772575250836121086e+01 5.263540360740150137e-04 2.430462098687349304e+00 2.073229741044475549e-01 6.525156796280889848e-01 5.074526945633399920e-03
6.802675585284281112e+01 5.187795824671020311e-04 2.441263967199167162e+00 2.079125042685327218e-01 6.554150587037120834e-01 4.786607035054415114e-03
6.832775919732442560e+01 5.051285399578076115e-04 2.452065835710984576e+00 2.085814258020232959e-01 6.583144377793351820e-01 4.599128960893188872e-03
6.862876254180602587e+01 4.862687319836640439e-04 2.462867704222802434e+00 2.093397698937313756e-01 6.612138168549582806e-01 4.453268610678593441e-03
6.892976588628762613e+01 4.645549669731332361e-04 2.473669572734620292e+00 2.101943708149603962e-01 6.641131959305813792e-01 4.306357594361881133e-03
6.923076923076924061e+01 4.435075896615196388e-04 2.484471441246438150e+00 2.111475877694965197e-01 6.670125750062043668e-01 4.142515065364251597e-03
6.953177257525084087e+01 4.268977201783487893e-04 2.495273309758255564e+00 2.121964344056217755e-01 6.699119540818274654e-01 3.972108363481104826e-03
6.983277591973244114e+01 4.171582173922153873e-04 2.506075178270073422e+00 2.133322361822223012e-01 6.728113331574505640e-01 3.824008835708135774e-03
7.013377926421405562e+01 4.139764784163693276e-04 2.516877046781891281e+00 2.145408560958258493e-01 6.757107122330736626e-01 3.733926667520711274e-03
7.043478260869565588e+01 4.141786601016469180e-04 2.527678915293709139e+00 2.158034476521009104e-01 6.786100913086967612e-01 3.730391620802897372e-03
7.073578595317725615e+01 4.131676471564743342e-04 2.538480783805526553e+00 2.170976250119443507e-01 6.815094703843197488e-01 3.820717583593181976e-03
7.103678929765887062e+01 4.070646319619279966e-04 2.549282652317344411e+00 2.183988948645977646e-01 6.844088494599428474e-01 3.981871537100177376e-03
7.133779264214047089e+01 3.943673897773289166e-04 2.560084520829162269e+00 2.196821779499442961e-01 6.873082285355659460e-01 4.161766129682121715e-03
7.163879598662208537e+01 3.764613793807094371e-04 2.570886389340980127e+00 2.209232591675617530e-01 6.902076076111890446e-01 4.292710241784822127e-03
7.193979933110368563e+01 3.569581300805259880e-04 2.581688257852797541e+00 2.221000374880153505e-01 6.931069866868121432e-01 4.312444787638820831e-03
7.224080267558528590e+01 3.401561383059139632e-04 2.592490126364615399e+00 2.231934909082860519e-01 6.960063657624351308e-01 4.183833421519187259e-03
7.254180602006690037e+01 3.292000195151161186e-04 2.603291994876433257e+00 2.241883174735439521e-01 6.989057448380582294e-01 3.904964282376879176e-03
7.284280936454850064e+01 3.248383406963307758e-04 2.614093863388251116e+00 2.250732528512504604e-01 7.018051239136813280e-01 3.506571587487354331e-03
7.314381270903010090e+01 3.254964895559222106e-04 2.624895731900068530e+00 2.258410934889987509e-01 7.047045029893044266e-01 3.039922600167097033e-03
7.344481605351171538e+01 3.284989499494865160e-04 2.635697600411886388e+00 2.264884712452156779e-01 7.076038820649274141e-01 2.561968333625734649e-03
7.374581939799331565e+01 3.315191165489718710e-04 2.646499468923704246e+00 2.270154328386069786e-01 7.105032611405505127e-01 2.123871201779485747e-03
7.404682274247491591e+01 3.334727491963788396e-04 2.657301337435522104e+00 2.274248793045731132e-01 7.134026402161736113e-01 1.765050145310545059e-03
7.434782608695653039e+01 3.347234201928647019e-04 2.668103205947339518e+00 2.277219203761961241e-01 7.163020192917967099e-01 1.510734782908761597e-03
7.464882943143813065e+01 3.367748082090628509e-04 2.678905074459157376e+00 2.279131980992430972e-01 7.192013983674198085e-01 1.369749312033914082e-03
7.494983277591973092e+01 3.415063768460899706e-04 2.689706942970975234e+00 2.280062324301908028e-01 7.221007774430427961e-01 1.331601090643518481e-03
7.525083612040134540e+01 3.500599609426891402e-04 2.700508811482793092e+00 2.280088363440831434e-01 7.250001565186658947e-01 1.365670629705852601e-03
7.555183946488294566e+01 3.618691640369782426e-04 2.711310679994610506e+00 2.279286354445641538e-01 7.278995355942889933e-01 1.426739346559601548e-03
7.585284280936456014e+01 3.744799163939351179e-04 2.722112548506428364e+00 2.277727042955949299e-01 7.307989146699120919e-01 1.468174996079386115e-03
7.615384615384616041e+01 3.843706235768447094e-04 2.732914417018246223e+00 2.275472981682549745e-01 7.336982937455351905e-01 1.458436748210436553e-03
7.645484949832776067e+01 3.883886483749879044e-04 2.743716285530064081e+00 2.272576177145419207e-01 7.365976728211581781e-01 1.392670305631046662e-03
7.675585284280937515e+01 3.852086718506201701e-04 2.754518154041881495e+00 2.269075022748890669e-01 7.394970518967812767e-01 1.292773394390285937e-03
7.705685618729097541e+01 3.762131513896302946e-04 2.765320022553699353e+00 2.264989153130660682e-01 7.423964309724043753e-01 1.195811247243142592e-03
7.735785953177257568e+01 3.651472935953681428e-04 2.776121891065517211e+00 2.260310744868747335e-01 7.452958100480274739e-01 1.137252526210129127e-03
7.765886287625419016e+01 3.562921441556969517e-04 2.786923759577334625e+00 2.254990996706933426e-01 7.481951891236505725e-01 1.137389531256721492e-03
7.795986622073579042e+01 3.520411496331826750e-04 2.797725628089152483e+00 2.248921115808676929e-01 7.510945681992735601e-01 1.195903006995085180e-03
7.826086956521739069e+01 3.516296074899645865e-04 2.808527496600970341e+00 2.241908119284992673e-01 7.539939472748966587e-01 1.294384768263749695e-03
7.856187290969900516e+01 3.520434312927905071e-04 2.819329365112788199e+00 2.233647056254619012e-01 7.568933263505197573e-01 1.403586870586922717e-03
7.886287625418060543e+01 3.502722936243069939e-04 2.830131233624605613e+00 2.223692704001208331e-01 7.597927054261428559e-01 1.492061568822698183e-03
7.916387959866221991e+01 3.450356249112465482e-04 2.840933102136423472e+00 2.211435157207345126e-01 7.626920845017659545e-01 1.533939567522546107e-03
7.946488294314382017e+01 3.369468217980341597e-04 2.851734970648241330e+00 2.196084729521034229e-01 7.655914635773889421e-01 1.514295010039234122e-03
7.976588628762542044e+01 3.276514655555574137e-04 2.862536839160059188e+00 2.176671934951971421e-01 7.684908426530120407e-01 1.431005653863092093e-03
8.006688963210703491e+01 3.190030998663588840e-04 2.873338707671876602e+00 2.152067774919682597e-01 7.713902217286351393e-01 1.293036471139212508e-03
8.036789297658863518e+01 3.126252000769935160e-04 2.884140576183694460e+00 2.121027993913113252e-01 7.742896008042582379e-01 1.116476516752685924e-03
8.066889632107023544e+01 3.095665657492293081e-04 2.894942444695512318e+00 2.082262409096166944e-01 7.771889798798813365e-01 9.203332174560243913e-04
8.096989966555184992e+01 3.099775282127874916e-04 2.905744313207330176e+00 2.034527082959531885e-01 7.800883589555043240e-01 7.234367352395177503e-04
8.127090301003345019e+01 3.131171727254760295e-04 2.916546181719147590e+00 1.976733399898614185e-01 7.829877380311274226e-01 5.425279483310398946e-04
8.157190635451505045e+01 3.177575739208231384e-04 2.927348050230965448e+00 1.908064585403974889e-01 7.858871171067505212e-01 3.908738610805863605e-04
8.187290969899666493e+01 3.226089434020835566e-04 2.938149918742783306e+00 1.828087499791038462e-01 7.887864961823736198e-01 2.769749393281841182e-04
8.217391304347826519e+01 3.265335246792063308e-04 2.948951787254601165e+00 1.736846235971213348e-01 7.916858752579966074e-01 2.035342916475271259e-04
8.247491638795986546e+01 3.287794002509068173e-04 2.959753655766418579e+00 1.634924576748612857e-01 7.945852543336197060e-01 1.671607624896568277e-04
8.277591973244147994e+01 3.293802289564208736e-04 2.970555524278236437e+00 1.523466871013991475e-01 7.974846334092428046e-01 1.591503711162908482e-04
8.307692307692308020e+01 3.292679779081273089e-04 2.981357392790054295e+00 1.404151178307922743e-01 8.003840124848659032e-01 1.674060685985185378e-04
8.337792642140469468e+01 3.295521570360520681e-04 2.992159261301872153e+00 1.279114073414514829e-01 8.032833915604890018e-01 1.792739965642280067e-04
8.367892976588629494e+01 3.302951284555427332e-04 3.002961129813689567e+00 1.150832493175234922e-01 8.061827706361119894e-01 1.847414503569580100e-04
8.397993311036789521e+01 3.299826535604785086e-04 3.013762998325507425e+00 1.021973510767641841e-01 8.090821497117350880e-01 1.791090954481632034e-04
8.428093645484950969e+01 3.264981851114999033e-04 3.024564866837325283e+00 8.952270459993416640e-02 8.119815287873581866e-01 1.642088409337124461e-04
8.458193979933110995e+01 3.189533343288252247e-04 3.035366735349143141e+00 7.731385901455387066e-02 8.148809078629812852e-01 1.476893651767748072e-04
8.488294314381271022e+01 3.087747166782797595e-04 3.046168603860960555e+00 6.579587198464813269e-02 8.177802869386043838e-01 1.405945882527296926e-04
8.518394648829432469e+01 2.990731859682170773e-04 3.056970472372778413e+00 5.515235903292514674e-02 8.206796660142273714e-01 1.539213196364227500e-04
8.548494983277592496e+01 2.928449043544858869e-04 3.067772340884596272e+00 4.551762164148710071e-02 8.235790450898504700e-01 1.948791808664714737e-04
8.578595317725752523e+01 2.914328907674261808e-04 3.078574209396414130e+00 3.697329367014708101e-02 8.264784241654735686e-01 2.635449059096727940e-04
8.608695652173913970e+01 2.942444863929608305e-04 3.089376077908231544e+00 2.954939030117759505e-02 8.293778032410966672e-01 3.508908389347465111e-04
8.638795986622073997e+01 2.996192405017316404e-04 3.100177946420049402e+00 2.322915851916288951e-02 8.322771823167197658e-01 4.395054548345466816e-04
8.668896321070235444e+01 3.059779688098824982e-04 3.110979814931867260e+00 1.795677724870371403e-02 8.351765613923427534e-01 5.078665342751543296e-04
8.698996655518395471e+01 3.124345324065723310e-04 3.121781683443685118e+00 1.364677336624656526e-02 8.380759404679658520e-01 5.373501830585947821e-04
8.729096989966555498e+01 3.187024068300463482e-04 3.132583551955502532e+00 1.019400942754599380e-02 8.409753195435889506e-01 5.191315142037882056e-04
8.759197324414716945e+01 3.247210912735990678e-04 3.143385420467320390e+00 7.483234609805915032e-03 8.438746986192120492e-01 4.574761634006990134e-04
8.789297658862876972e+01 3.304236132013500392e-04 3.154187288979138248e+00 5.397427430815193196e-03 8.467740776948351478e-01 3.675959812079499802e-04
8.819397993311036998e+01 3.356428144018947001e-04 3.164989157490956106e+00 3.824444671767256165e-03 8.496734567704581353e-01 2.692938389228252899e-04
8.849498327759198446e+01 3.399911791354197051e-04 3.175791026002773521e+00 2.661775677801243856e-03 8.525728358460812339e-01 1.798517034375060218e-04
8.879598662207358473e+01 3.428440691342826891e-04 3.186592894514591379e+00 1.819445673902788004e-03 8.554722149217043325e-01 1.095034029301520241e-04
8.909698996655518499e+01 3.437060370029612882e-04 3.197394763026409237e+00 1.221291838983776332e-03 8.583715939973274311e-01 6.078030404176548945e-05
8.939799331103679947e+01 3.428086963840463498e-04 3.208196631538227095e+00 8.049431925585154865e-04 8.612709730729505297e-01 3.075525466502005551e-05
8.969899665551839973e+01 3.412952061259314049e-04 3.218998500050044509e+00 5.208745995190165170e-04 8.641703521485735173e-01 1.418719823384972834e-05
9.000000000000000000e+01 3.405775088584365637e-04 3.229800368561862367e+00 3.308900412422932972e-04 8.670697312241966159e-01 5.966156869450601067e-06
