0.000000000000000000e+00 8.902183784681656253e-216 4.681638018975760041e-01 4.151109627392439082e-06 4.516848159337394919e-01 1.485262193482177278e-05
3.010033444816053727e-01 3.073747131498245651e-207 4.765265772023783986e-01 1.025994785510868647e-05 4.535425471896040173e-01 3.630361869667880379e-05
6.020066889632107454e-01 1.370285481836842574e-198 4.848893525071807931e-01 2.326563041797652075e-05 4.554002784454684871e-01 8.040568487004273062e-05
9.030100334448161181e-01 3.943622358529924291e-190 4.932521278119832431e-01 4.850394098289799184e-05 4.572580097013330125e-01 1.613898543046712311e-04
1.204013377926421491e+00 7.326911196383436871e-182 5.016149031167855821e-01 9.321130121513773823e-05 4.591157409571974823e-01 2.936478631688058160e-04
1.505016722408026864e+00 8.787956111455325424e-174 5.099776784215880321e-01 1.656550617047403693e-04 4.609734722130620077e-01 4.845375667955665352e-04
1.806020066889632236e+00 6.804499314067581061e-166 5.183404537263904821e-01 2.733529063404582858e-04 4.628312034689264776e-01 7.256179829541050622e-04
2.107023411371237387e+00 3.401306850600282281e-158 5.267032290311928211e-01 4.208469508385556256e-04 4.646889347247910029e-01 9.875225200131818298e-04
2.408026755852842982e+00 1.097581546781376521e-150 5.350660043359952711e-01 6.079768375679513908e-04 4.665466659806554728e-01 1.224220011467672120e-03
2.709030100334448576e+00 2.286489038190774740e-143 5.434287796407976101e-01 8.296051172255459712e-04 4.684043972365199981e-01 1.388102236852383192e-03
3.010033444816053727e+00 3.074983532450821796e-136 5.517915549456000601e-01 1.077146734213175897e-03 4.702621284923844680e-01 1.449790263036700557e-03
3.311036789297658878e+00 2.669671399424695041e-129 5.601543302504023991e-01 1.341366376183656794e-03 4.721198597482489934e-01 1.411520983212828520e-03
3.612040133779264472e+00 1.496284465954474373e-122 5.685171055552048491e-01 1.615296979364049717e-03 4.739775910041134632e-01 1.305726295326360264e-03
3.913043478260870067e+00 5.413920441344179712e-116 5.768798808600072991e-01 1.896148669474978119e-03 4.758353222599779886e-01 1.180045710229755008e-03
4.214046822742474774e+00 1.264593413448363009e-109 5.852426561648096381e-01 2.185627632683673997e-03 4.776930535158424584e-01 1.079109890958958491e-03
4.515050167224080369e+00 1.906914870095736784e-103 5.936054314696120882e-01 2.488824759177507909e-03 4.795507847717069838e-01 1.034487504258994753e-03
4.816053511705685963e+00 1.856320834913793558e-97 6.019682067744145382e-01 2.812499983962833076e-03 4.814085160275715092e-01 1.066517221975536592e-03
5.117056856187291558e+00 1.166584271363453885e-91 6.103309820792168772e-01 3.164107877299313261e-03 4.832662472834359790e-01 1.191958406352141946e-03
5.418060200668897153e+00 4.732825999739535144e-86 6.186937573840193272e-01 3.553198914629557888e-03 4.851239785393004489e-01 1.427390066916350017e-03
5.719063545150501859e+00 1.239556432425435009e-80 6.270565326888216662e-01 3.996474244160378407e-03 4.869817097951649743e-01 1.782915183115242521e-03
6.020066889632107454e+00 2.095817259195241031e-75 6.354193079936241162e-01 4.526058519616958306e-03 4.888394410510294996e-01 2.250139738406853850e-03
6.321070234113713049e+00 2.287609363073649269e-70 6.437820832984264552e-01 5.197322195496129581e-03 4.906971723068939695e-01 2.795213734301864924e-03
6.622073578595317755e+00 1.611950354918418147e-65 6.521448586032289052e-01 6.089464843273023620e-03 4.925549035627584948e-01 3.366196198649215685e-03
6.923076923076923350e+00 7.332681184409682418e-61 6.605076339080313552e-01 7.292448778608284603e-03 4.944126348186229647e-01 3.914306336973750328e-03
7.224080267558528945e+00 2.153353285514345313e-56 6.688704092128336942e-01 8.880190284756232094e-03 4.962703660744874901e-01 4.417640210455471214e-03
7.525083612040134540e+00 4.082339466740347065e-52 6.772331845176361442e-01 1.087996575507071614e-02 4.981280973303519599e-01 4.892882608963119821e-03
7.826086956521740134e+00 4.996251455323604336e-48 6.855959598224385942e-01 1.325450408537153305e-02 4.999858285862164853e-01 5.389172045768778757e-03
8.127090301003345729e+00 3.947487866366868236e-44 6.939587351272409332e-01 1.590917104870787427e-02 5.018435598420809551e-01 5.971982839783247961e-03
8.428093645484949548e+00 2.013439867081560464e-40 7.023215104320432722e-01 1.872246345218763625e-02 5.037012910979454805e-01 6.710947810275012977e-03
8.729096989966555142e+00 6.629760919377746683e-37 7.106842857368457222e-01 2.158341591400323237e-02 5.055590223538100059e-01 7.677002477404802801e-03
9.030100334448160737e+00 1.409283654438427376e-33 7.190470610416481723e-01 2.441611744577511234e-02 5.074167536096745312e-01 8.938732680327942867e-03
9.331103678929766332e+00 1.933928021656714232e-30 7.274098363464505113e-01 2.718232847908022901e-02 5.092744848655389456e-01 1.054245715687421835e-02
9.632107023411371927e+00 1.713261049214940949e-27 7.357726116512529613e-01 2.986913568438248623e-02 5.111322161214034709e-01 1.247485936204888873e-02
9.933110367892977521e+00 9.798241071048847851e-25 7.441353869560554113e-01 3.247663284860544120e-02 5.129899473772679963e-01 1.463046182724720735e-02
1.023411371237458312e+01 3.617545842723614335e-22 7.524981622608577503e-01 3.501557449373767644e-02 5.148476786331324107e-01 1.681606460462997318e-02
1.053511705685618871e+01 8.622263884057373180e-20 7.608609375656602003e-01 3.751327960842092135e-02 5.167054098889969360e-01 1.880720665491114260e-02
1.083612040133779431e+01 1.326691424265598639e-17 7.692237128704626503e-01 4.001852093830473439e-02 5.185631411448614614e-01 2.043813885140476766e-02
1.113712374581939812e+01 1.317831490524058528e-15 7.775864881752649893e-01 4.259783456917849709e-02 5.204208724007259868e-01 2.168184931293792167e-02
1.143812709030100372e+01 8.450671163232529514e-14 7.859492634800673283e-01 4.532344623956455903e-02 5.222786036565905121e-01 2.267817711905559599e-02
1.173913043478260931e+01 3.498355631226504265e-12 7.943120387848697783e-01 4.826040284698961125e-02 5.241363349124549265e-01 2.369350577872092467e-02
1.204013377926421491e+01 9.349286810521828481e-11 8.026748140896722283e-01 5.146325448584242873e-02 5.259940661683194518e-01 2.502797408515785790e-02
1.234113712374582050e+01 1.613007720545796901e-09 8.110375893944745673e-01 5.498940385271348236e-02 5.278517974241839772e-01 2.690873391332441328e-02
1.264214046822742610e+01 1.796577829351421976e-08 8.194003646992770173e-01 5.892699850423020053e-02 5.297095286800485026e-01 2.941255910076882515e-02
1.294314381270903169e+01 1.291956630592618224e-07 8.277631400040794674e-01 6.342219635971743652e-02 5.315672599359129169e-01 3.244833895371655036e-02
1.324414715719063551e+01 6.001314390533897505e-07 8.361259153088818064e-01 6.868117844107408942e-02 5.334249911917774423e-01 3.580485234422392526e-02
1.354515050167224111e+01 1.805006761762207618e-06 8.444886906136841453e-01 7.492744024012160109e-02 5.352827224476419676e-01 3.924094865020582440e-02
1.384615384615384670e+01 3.558392841126519900e-06 8.528514659184867064e-01 8.231949546676882445e-02 5.371404537035064930e-01 4.257617741395907512e-02
1.414715719063545230e+01 4.884823033605822766e-06 8.612142412232890454e-01 9.086637707757991289e-02 5.389981849593710184e-01 4.574022148337033439e-02
1.444816053511705789e+01 5.912919638457552846e-06 8.695770165280913844e-01 1.003929905993678484e-01 5.408559162152354327e-01 4.876049896436272096e-02
1.474916387959866348e+01 9.309019567557760692e-06 8.779397918328938344e-01 1.105859940071411002e-01 5.427136474710999581e-01 5.169951178838983613e-02
1.505016722408026908e+01 1.801623176214963451e-05 8.863025671376962844e-01 1.211020855662009732e-01 5.445713787269644834e-01 5.458116141983725828e-02
1.535117056856187467e+01 3.359685386387839453e-05 8.946653424424986234e-01 1.316784037997369983e-01 5.464291099828288978e-01 5.735323996930208335e-02
1.565217391304348027e+01 5.864341664199253424e-05 9.030281177473010734e-01 1.421823664695406608e-01 5.482868412386934232e-01 5.991453260441393508e-02
1.595317725752508409e+01 9.964107731140404067e-05 9.113908930521035234e-01 1.525798260807440798e-01 5.501445724945579485e-01 6.219716904963408510e-02
1.625418060200669146e+01 1.689822295235381448e-04 9.197536683569058624e-01 1.628562298570407074e-01 5.520023037504224739e-01 6.426027631442586541e-02
1.655518394648829528e+01 2.812169568473633181e-04 9.281164436617082014e-01 1.729549771887343157e-01 5.538600350062869992e-01 6.634187981090147734e-02
1.685618729096989910e+01 4.384053588735339186e-04 9.364792189665106514e-01 1.827802064690837447e-01 5.557177662621514136e-01 6.883600594857557098e-02
1.715719063545150647e+01 6.231456140188057144e-04 9.448419942713131015e-01 1.922626865849109967e-01 5.575754975180159390e-01 7.219528765783717050e-02
1.745819397993311028e+01 8.244783521544360536e-04 9.532047695761154404e-01 2.014439900058543620e-01 5.594332287738804643e-01 7.679000798787143089e-02
1.775919732441471766e+01 1.076456548759510429e-03 9.615675448809178905e-01 2.105243809453063719e-01 5.612909600297449897e-01 8.277729347382310754e-02
1.806020066889632147e+01 1.439388458581736382e-03 9.699303201857203405e-01 2.198438313336014971e-01 5.631486912856094040e-01 9.004225329322321225e-02
1.836120401337792885e+01 1.934035042834389645e-03 9.782930954905226795e-01 2.297999564948260132e-01 5.650064225414739294e-01 9.824907584413010431e-02
1.866220735785953266e+01 2.534627713136104223e-03 9.866558707953251295e-01 2.407286969784668829e-01 5.668641537973384548e-01 1.069811518814474671e-01
1.896321070234114003e+01 3.208602626947072017e-03 9.950186461001274685e-01 2.527789658495601666e-01 5.687218850532029801e-01 1.158931748211554091e-01
1.926421404682274385e+01 3.937848425446704645e-03 1.003381421404929918e+00 2.658119107088539601e-01 5.705796163090675055e-01 1.247986579679392360e-01
1.956521739130434767e+01 4.765790276774511079e-03 1.011744196709732257e+00 2.793573959787471472e-01 5.724373475649319198e-01 1.336777570951069860e-01
1.986622073578595504e+01 5.805611610458073432e-03 1.020106972014534819e+00 2.926596496372720901e-01 5.742950788207964452e-01 1.426493622408459561e-01
2.016722408026755886e+01 7.109915156229713699e-03 1.028469747319337158e+00 3.048273118120509162e-01 5.761528100766609706e-01 1.519459752493584337e-01
2.046822742474916623e+01 8.584222386225226140e-03 1.036832522624139497e+00 3.150649778728941142e-01 5.780105413325253849e-01 1.618752616292421787e-01
2.076923076923077005e+01 1.012143501895354861e-02 1.045195297928942058e+00 3.229178088620005549e-01 5.798682725883899103e-01 1.727243582992480098e-01
2.107023411371237742e+01 1.177882631165678637e-02 1.053558073233744397e+00 3.284360508444115756e-01 5.817260038442544356e-01 1.846066904452978163e-01
2.137123745819398124e+01 1.374017335376507762e-02 1.061920848538546736e+00 3.321850015159062419e-01 5.835837351001189610e-01 1.973264492688530658e-01
2.167224080267558861e+01 1.605769254690645950e-02 1.070283623843349297e+00 3.350863990154459016e-01 5.854414663559834864e-01 2.103640196495521753e-01
2.197324414715719243e+01 1.849813295133876517e-02 1.078646399148151414e+00 3.381504114571657338e-01 5.872991976118480117e-01 2.230306761359139855e-01
2.227424749163879625e+01 2.085459219303372261e-02 1.087009174452953975e+00 3.422033980709255352e-01 5.891569288677124261e-01 2.347404686590734979e-01
2.257525083612040362e+01 2.335899239087268348e-02 1.095371949757756536e+00 3.477100115367195432e-01 5.910146601235769515e-01 2.452745984258251355e-01
2.287625418060200744e+01 2.642563455230661704e-02 1.103734725062558653e+00 3.547359681578312607e-01 5.928723913794414768e-01 2.549178374368418210e-01
2.317725752508361481e+01 3.005898694705141233e-02 1.112097500367361214e+00 3.630346130899029800e-01 5.947301226353058912e-01 2.644186955898712998e-01
2.347826086956521863e+01 3.385944927823103523e-02 1.120460275672163553e+00 3.722023732498185300e-01 5.965878538911704165e-01 2.748096059885271059e-01
2.377926421404682600e+01 3.746999779734896258e-02 1.128823050976965892e+00 3.818457435957591795e-01 5.984455851470349419e-01 2.871659487222370521e-01
2.408026755852842982e+01 4.092071157113499891e-02 1.137185826281768453e+00 3.917177928852017543e-01 6.003033164028994673e-01 3.023740015809708859e-01
2.438127090301003363e+01 4.446623768365084300e-02 1.145548601586570792e+00 4.017939045598331593e-01 6.021610476587639926e-01 3.209518431137024508e-01
2.468227424749164101e+01 4.804122923989233296e-02 1.153911376891373131e+00 4.122640968560302710e-01 6.040187789146284070e-01 3.429555631922576175e-01
2.498327759197324482e+01 5.138213911886845009e-02 1.162274152196175692e+00 4.234391730452066738e-01 6.058765101704929323e-01 3.679992659006198763e-01
2.528428093645485220e+01 5.450651985848824904e-02 1.170636927500978031e+00 4.356053182468316298e-01 6.077342414263574577e-01 3.953926904531536168e-01
2.558528428093645601e+01 5.751694968738962216e-02 1.178999702805780370e+00 4.488933319353659024e-01 6.095919726822218720e-01 4.243517318271710637e-01
2.588628762541806339e+01 6.037615665120810854e-02 1.187362478110582931e+00 4.632217582747535922e-01 6.114497039380863974e-01 4.542026353458579191e-01
2.618729096989966720e+01 6.318326330526065349e-02 1.195725253415385270e+00 4.783241293025495278e-01 6.133074351939509228e-01 4.845165596086513093e-01
2.648829431438127102e+01 6.627546223895192101e-02 1.204088028720187609e+00 4.938184029528779884e-01 6.151651664498154481e-01 5.151628336334536096e-01
2.678929765886287839e+01 6.982140823992191714e-02 1.212450804024990170e+00 5.092689792043314512e-01 6.170228977056799735e-01 5.463026226083418369e-01
2.709030100334448221e+01 7.354339632376284686e-02 1.220813579329792287e+00 5.242333075591096847e-01 6.188806289615444989e-01 5.783320892189067752e-01
2.739130434782608958e+01 7.696534465109376721e-02 1.229176354634594848e+00 5.383276125563725145e-01 6.207383602174089132e-01 6.117601472244439398e-01
2.769230769230769340e+01 7.958214444254220477e-02 1.237539129939397409e+00 5.513370155930826799e-01 6.225960914732734386e-01 6.470245400396077429e-01
2.799331103678930077e+01 8.090502019084165608e-02 1.245901905244199526e+00 5.633376207936409141e-01 6.244538227291379640e-01 6.843133489435120342e-01
2.829431438127090459e+01 8.084072028243602381e-02 1.254264680549002087e+00 5.747532643041145528e-01 6.263115539850023783e-01 7.235045951388540120e-01
2.859531772575251196e+01 7.999749297662324399e-02 1.262627455853804426e+00 5.862923580485043251e-01 6.281692852408669037e-01 7.642978565438954819e-01
2.889632107023411578e+01 7.946732837347926515e-02 1.270990231158606765e+00 5.987870086373717760e-01 6.300270164967314290e-01 8.064882869165156398e-01
2.919732441471571960e+01 7.991569098528844561e-02 1.279353006463409326e+00 6.130171860715621923e-01 6.318847477525959544e-01 8.502056348069368941e-01
2.949832775919732697e+01 8.084048724122432084e-02 1.287715781768211665e+00 6.295939019075654786e-01 6.337424790084604798e-01 8.959188240870881170e-01
2.979933110367893079e+01 8.134234072445592489e-02 1.296078557073014004e+00 6.489140999842513136e-01 6.356002102643248941e-01 9.441427687777759203e-01
3.010033444816053816e+01 8.117682487564520377e-02 1.304441332377816565e+00 6.711502073428953219e-01 6.374579415201894195e-01 9.950073732409173699e-01
3.040133779264214198e+01 8.052649062801638113e-02 1.312804107682618904e+00 6.962414449294835883e-01 6.393156727760539448e-01 1.047988752749072328e+00
3.070234113712374935e+01 7.949817342662299224e-02 1.321166882987421243e+00 7.238948469265762409e-01 6.411734040319183592e-01 1.102022762291691826e+00
3.100334448160535317e+01 7.813669106149177812e-02 1.329529658292223804e+00 7.536302116072647328e-01 6.430311352877828845e-01 1.155960492930383499e+00
3.130434782608696054e+01 7.647706903429467296e-02 1.337892433597026143e+00 7.848833220111290920e-01 6.448888665436474099e-01 1.209093339327170558e+00
3.160535117056856436e+01 7.449597889062453682e-02 1.346255208901828482e+00 8.171316644072442736e-01 6.467465977995119353e-01 1.261460559292719719e+00
3.190635451505016817e+01 7.210199375385392684e-02 1.354617984206631043e+00 8.499729188886466780e-01 6.486043290553764606e-01 1.313838359970503245e+00
3.220735785953177555e+01 6.915154124447910056e-02 1.362980759511433382e+00 8.831045583466120563e-01 6.504620603112409860e-01 1.367505850512264587e+00
3.250836120401338292e+01 6.556058671369026369e-02 1.371343534816235721e+00 9.162171993992879182e-01 6.523197915671054004e-01 1.423940949758260910e+00
3.280936454849498318e+01 6.150815447142839176e-02 1.379706310121038282e+00 9.488794013606984823e-01 6.541775228229699257e-01 1.484549958715795759e+00
3.311036789297659055e+01 5.736252438458325220e-02 1.388069085425840399e+00 9.805069849328450493e-01 6.560352540788344511e-01 1.550492341018858466e+00
3.341137123745819792e+01 5.334639456495228471e-02 1.396431860730642960e+00 1.010461371134947939e+00 6.578929853346988654e-01 1.622647991435426595e+00
3.371237458193979819e+01 4.939131451552850743e-02 1.404794636035445299e+00 1.038242332553990455e+00 6.597507165905633908e-01 1.701710810057970091e+00
3.401337792642140556e+01 4.533424511414400893e-02 1.413157411340247638e+00 1.063683208265167712e+00 6.616084478464279162e-01 1.788267174936228443e+00
3.431438127090301293e+01 4.128052340923846902e-02 1.421520186645050199e+00 1.087051644196739941e+00 6.634661791022924415e-01 1.882661591049683558e+00
3.461538461538462030e+01 3.767879481533856212e-02 1.429882961949852538e+00 1.109000462962487665e+00 6.653239103581569669e-01 1.984595872776572678e+00
3.491638795986622057e+01 3.486140513797513635e-02 1.438245737254654877e+00 1.130375874136074987e+00 6.671816416140213812e-01 2.092689301405135094e+00
3.521739130434782794e+01 3.271257439890151719e-02 1.446608512559457438e+00 1.151949313802853592e+00 6.690393728698859066e-01 2.204392551299307001e+00
3.551839464882943531e+01 3.093654997486882871e-02 1.454971287864259777e+00 1.174174184406069799e+00 6.708971041257504320e-01 2.316491007598868723e+00
3.581939799331104268e+01 2.935142577494730814e-02 1.463334063169062116e+00 1.197060304277640208e+00 6.727548353816148463e-01 2.426027558363999415e+00
3.612040133779264295e+01 2.790010414731612653e-02 1.471696838473864677e+00 1.220201271183700475e+00 6.746125666374793717e-01 2.531155700714032619e+00
3.642140468227425032e+01 2.657730666135563191e-02 1.480059613778667016e+00 1.242911040314637505e+00 6.764702978933438970e-01 2.631495493283859233e+00
3.672240802675585769e+01 2.534002799606803816e-02 1.488422389083469355e+00 1.264380740881638543e+00 6.783280291492084224e-01 2.727954251478132530e+00
3.702341137123745796e+01 2.403473684824155784e-02 1.496785164388271916e+00 1.283792252743509277e+00 6.801857604050729478e-01 2.822315522227311302e+00
3.732441471571906533e+01 2.249696191928668779e-02 1.505147939693074255e+00 1.300397315242999952e+00 6.820434916609374731e-01 2.916879771880060090e+00
3.762541806020067270e+01 2.075181514418150686e-02 1.513510714997876594e+00 1.313617478186175580e+00 6.839012229168018875e-01 3.014148283378440318e+00
3.792642140468228007e+01 1.902033683263594163e-02 1.521873490302678933e+00 1.323189310274001329e+00 6.857589541726664129e-01 3.116367269869154022e+00
3.822742474916388034e+01 1.751871244528602906e-02 1.530236265607481494e+00 1.329297616595997322e+00 6.876166854285309382e-01 3.224922151604284082e+00
3.852842809364548771e+01 1.629893661860903203e-02 1.538599040912283833e+00 1.332591844261465042e+00 6.894744166843953526e-01 3.339880303511626902e+00
3.882943143812709508e+01 1.527467516703092873e-02 1.546961816217086172e+00 1.334026705471534902e+00 6.913321479402598779e-01 3.460012963990960255e+00
3.913043478260869534e+01 1.432840002162946193e-02 1.555324591521888733e+00 1.334579504019607787e+00 6.931898791961244033e-01 3.583272902089639000e+00
3.943143812709030271e+01 1.339738582464269911e-02 1.563687366826691072e+00 1.334983258877648016e+00 6.950476104519889287e-01 3.707320433735932230e+00
3.973244147157191009e+01 1.250376130045145230e-02 1.572050142131493411e+00 1.335606907641900598e+00 6.969053417078534540e-01 3.829712331814594251e+00
4.003344481605351746e+01 1.172308036129908991e-02 1.580412917436295750e+00 1.336521129449588452e+00 6.987630729637178684e-01 3.947801244027730139e+00
4.033444816053511772e+01 1.116411874838712896e-02 1.588775692741098311e+00 1.337682177665574068e+00 7.006208042195823937e-01 4.058775383604696252e+00
4.063545150501672509e+01 1.093063265094627520e-02 1.597138468045900650e+00 1.339115360726855553e+00 7.024785354754469191e-01 4.160169736574251154e+00
4.093645484949833246e+01 1.098563181870386950e-02 1.605501243350702989e+00 1.341001496416867944e+00 7.043362667313113334e-01 4.250683172239991592e+00
4.123745819397993273e+01 1.110414602903592347e-02 1.613864018655505550e+00 1.343631252273676635e+00 7.061939979871758588e-01 4.330754920155145626e+00
4.153846153846154010e+01 1.106088147862675265e-02 1.622226793960307889e+00 1.347250440618846801e+00 7.080517292430403842e-01 4.402482753704634710e+00
4.183946488294314747e+01 1.078540506296821362e-02 1.630589569265110228e+00 1.351854450855317857e+00 7.099094604989049095e-01 4.468963086670054707e+00
4.214046822742475484e+01 1.032614497138470422e-02 1.638952344569912789e+00 1.357007595081935802e+00 7.117671917547694349e-01 4.533494214896109931e+00
4.244147157190635511e+01 9.789666998752931740e-03 1.647315119874715128e+00 1.361768981410943935e+00 7.136249230106339603e-01 4.598986815836873632e+00
4.274247491638796248e+01 9.301944540673562703e-03 1.655677895179517467e+00 1.364788958204152358e+00 7.154826542664983746e-01 4.667557187252102224e+00
4.304347826086956985e+01 8.901278998694731395e-03 1.664040670484319806e+00 1.364583255824583619e+00 7.173403855223629000e-01 4.740098273640078297e+00
4.334448160535117722e+01 8.492091518464932667e-03 1.672403445789122367e+00 1.359905464682602316e+00 7.191981167782273143e-01 4.815848692076078130e+00
4.364548494983277749e+01 7.999658519915081242e-03 1.680766221093924706e+00 1.350068277272880035e+00 7.210558480340918397e-01 4.892341801544351831e+00
4.394648829431438486e+01 7.495583417269275663e-03 1.689128996398727045e+00 1.335064937750607417e+00 7.229135792899563651e-01 4.966134775306459304e+00
4.424749163879599223e+01 7.062225533690275232e-03 1.697491771703529606e+00 1.315434237203749301e+00 7.247713105458208904e-01 5.034216896881066994e+00
4.454849498327759250e+01 6.678799390815876209e-03 1.705854547008331945e+00 1.291954146218264654e+00 7.266290418016854158e-01 5.095352408290646729e+00
4.484949832775919987e+01 6.330751282907513301e-03 1.714217322313134284e+00 1.265354784516111719e+00 7.284867730575499412e-01 5.150449085993792586e+00
4.515050167224080724e+01 6.029003193437708352e-03 1.722580097617936845e+00 1.236232026810504259e+00 7.303445043134144665e-01 5.201627957301253602e+00
4.545150501672241461e+01 5.762039373723421183e-03 1.730942872922739184e+00 1.205206983716740066e+00 7.322022355692788809e-01 5.250599948673600359e+00
4.575250836120401488e+01 5.542277582939638368e-03 1.739305648227541523e+00 1.173194230591001919e+00 7.340599668251434062e-01 5.297479176205108331e+00
4.605351170568562225e+01 5.376088178937252389e-03 1.747668423532343862e+00 1.141542081030525901e+00 7.359176980810078206e-01 5.340850600997263165e+00
4.635451505016722962e+01 5.200319803241927087e-03 1.756031198837146423e+00 1.111874129453279680e+00 7.377754293368723459e-01 5.379024608283734743e+00
4.665551839464882988e+01 4.932642045696275859e-03 1.764393974141948762e+00 1.085655512696259040e+00 7.396331605927368713e-01 5.411638305372669322e+00
4.695652173913043725e+01 4.574983092407532495e-03 1.772756749446751101e+00 1.063693409275084711e+00 7.414908918486013967e-01 5.440617801785028185e+00
4.725752508361204463e+01 4.212627621529550087e-03 1.781119524751553662e+00 1.045830417277361368e+00 7.433486231044659220e-01 5.469987092894051273e+00
4.755852842809365200e+01 3.925232918691752733e-03 1.789482300056356001e+00 1.030979829432575157e+00 7.452063543603304474e-01 5.504680678823245188e+00
4.785953177257525226e+01 3.729226348158745739e-03 1.797845075361158340e+00 1.017472447907249444e+00 7.470640856161948617e-01 5.548949030201231203e+00
4.816053511705685963e+01 3.587229901045781329e-03 1.806207850665960901e+00 1.003550983966317700e+00 7.489218168720593871e-01 5.604979497650671050e+00
4.846153846153846700e+01 3.477078673811337655e-03 1.814570625970763240e+00 9.878172764976416165e-01 7.507795481279239125e-01 5.672137765150460531e+00
4.876254180602006727e+01 3.393809065303567910e-03 1.822933401275565579e+00 9.694922711300019147e-01 7.526372793837883268e-01 5.747000565107398096e+00
4.906354515050167464e+01 3.286944414184048580e-03 1.831296176580367918e+00 9.484406282051834891e-01 7.544950106396528522e-01 5.824180213912661053e+00
4.936454849498328201e+01 3.100544943921867535e-03 1.839658951885170479e+00 9.250036279690245777e-01 7.563527418955173776e-01 5.897751877164351342e+00
4.966555183946488938e+01 2.845133462501203692e-03 1.848021727189972818e+00 8.997530341194570624e-01 7.582104731513819029e-01 5.962850637088411787e+00
4.996655518394648965e+01 2.555904150032734402e-03 1.856384502494775157e+00 8.733005207019122196e-01 7.600682044072464283e-01 6.016863334189897827e+00
5.026755852842809702e+01 2.257344352950431138e-03 1.864747277799577718e+00 8.462502768928715779e-01 7.619259356631109537e-01 6.059788332129333988e+00
5.056856187290970439e+01 2.012434619953102754e-03 1.873110053104380057e+00 8.192776674346508026e-01 7.637836669189753680e-01 6.093727566191556200e+00
5.086956521739130466e+01 1.885679360406602263e-03 1.881472828409182396e+00 7.932159185146424596e-01 7.656413981748398934e-01 6.121828358453940133e+00
5.117056856187291203e+01 1.859434358670596782e-03 1.889835603713984735e+00 7.690129433117747215e-01 7.674991294307043077e-01 6.147090715147479401e+00
5.147157190635451940e+01 1.868740911081960554e-03 1.898198379018787296e+00 7.475075084971030126e-01 7.693568606865688331e-01 6.171353139064714277e+00
5.177257525083612677e+01 1.866134582362205530e-03 1.906561154323589635e+00 7.291107561586852581e-01 7.712145919424333584e-01 6.194655392946118333e+00
5.207357859531772704e+01 1.858143526086742997e-03 1.914923929628391974e+00 7.135673584864872243e-01 7.730723231982978838e-01 6.215122852230593686e+00
5.237458193979933441e+01 1.887939445608692460e-03 1.923286704933194535e+00 6.999483638987502587e-01 7.749300544541624092e-01 6.229447939464847650e+00
5.267558528428094178e+01 1.950388125773104770e-03 1.931649480237996874e+00 6.869107495334618729e-01 7.767877857100269345e-01 6.233893507049230287e+00
5.297658862876254204e+01 1.995728297394189568e-03 1.940012255542799213e+00 6.731189211000326855e-01 7.786455169658914599e-01 6.225546586449593356e+00
5.327759197324414941e+01 1.984897694049219796e-03 1.948375030847601774e+00 6.576391499716092159e-01 7.805032482217558742e-01 6.203399303519706365e+00
5.357859531772575679e+01 1.876403942067317180e-03 1.956737806152404113e+00 6.401342162550317516e-01 7.823609794776203996e-01 6.168817633758076902e+00
5.387959866220736416e+01 1.661136033629957882e-03 1.965100581457206452e+00 6.207952105114676877e-01 7.842187107334848140e-01 6.125143985601665619e+00
5.418060200668896442e+01 1.406474311796734053e-03 1.973463356762008791e+00 6.000904466485504907e-01 7.860764419893493393e-01 6.076539181174456239e+00
5.448160535117057179e+01 1.200189500607280399e-03 1.981826132066811352e+00 5.785009342977093239e-01 7.879341732452138647e-01 6.026522623174225934e+00
5.478260869565217916e+01 1.083950763295331646e-03 1.990188907371613691e+00 5.563891399463323229e-01 7.897919045010783901e-01 5.976785793193249319e+00
5.508361204013378654e+01 1.043816775707809763e-03 1.998551682676416030e+00 5.340311557457487757e-01 7.916496357569429154e-01 5.926676960524186910e+00
5.538461538461538680e+01 1.042269866355875676e-03 2.006914457981218369e+00 5.117208522648518665e-01 7.935073670128074408e-01 5.873465673019828692e+00
5.568561872909699417e+01 1.041086454605519773e-03 2.015277233286020930e+00 4.898194694289453865e-01 7.953650982686718551e-01 5.813295398683633763e+00
5.598662207357860154e+01 1.010128087465258454e-03 2.023640008590823491e+00 4.686946276007791790e-01 7.972228295245363805e-01 5.742609607055481291e+00
5.628762541806020181e+01 9.536452413237688375e-04 2.032002783895626052e+00 4.486019528246436017e-01 7.990805607804007948e-01 5.659646605095825400e+00
5.658862876254180918e+01 8.985497325296501166e-04 2.040365559200428169e+00 4.296162123725341675e-01 8.009382920362653202e-01 5.565369313336141488e+00
5.688963210702341655e+01 8.507869862894294364e-04 2.048728334505230286e+00 4.116753473539562225e-01 8.027960232921298456e-01 5.463220613762542754e+00
5.719063545150502392e+01 8.009064303451593481e-04 2.057091109810032847e+00 3.947029076618340793e-01 8.046537545479943709e-01 5.357610035482271549e+00
5.749163879598662419e+01 7.515427148181654969e-04 2.065453885114835408e+00 3.787085730292559238e-01 8.065114858038588963e-01 5.251833293472327746e+00
5.779264214046823156e+01 7.216689782507649696e-04 2.073816660419637969e+00 3.637869046275744034e-01 8.083692170597234217e-01 5.146596272021326968e+00
5.809364548494983893e+01 7.235632471804718212e-04 2.082179435724440086e+00 3.500196433916114014e-01 8.102269483155879470e-01 5.039999722963426798e+00
5.839464882943143920e+01 7.327360948321569919e-04 2.090542211029242647e+00 3.373633999279194162e-01 8.120846795714523614e-01 4.928917396311359944e+00
5.869565217391304657e+01 7.132844943847369348e-04 2.098904986334044764e+00 3.256122857789920388e-01 8.139424108273168867e-01 4.810865311846355574e+00
5.899665551839465394e+01 6.621469040724209431e-04 2.107267761638847325e+00 3.144637720213891985e-01 8.158001420831813011e-01 4.685297839042640966e+00
5.929765886287626131e+01 5.965303020765490597e-04 2.115630536943649886e+00 3.036390293165648901e-01 8.176578733390458265e-01 4.553768554039615779e+00
5.959866220735786158e+01 5.322707982382999473e-04 2.123993312248452447e+00 2.929757279405611481e-01 8.195156045949103518e-01 4.419091619884849997e+00
5.989966555183946895e+01 4.764899346779969173e-04 2.132356087553254564e+00 2.824415966499264630e-01 8.213733358507748772e-01 4.284092936622541536e+00
6.020066889632107632e+01 4.237540313112391735e-04 2.140718862858056681e+00 2.720801059684705425e-01 8.232310671066394026e-01 4.150613352084284280e+00
6.050167224080267658e+01 3.768524209015541729e-04 2.149081638162859242e+00 2.619429758429966393e-01 8.250887983625039279e-01 4.019190437362555990e+00
6.080267558528428395e+01 3.533616774335841706e-04 2.157444413467661803e+00 2.520578272611780912e-01 8.269465296183683423e-01 3.889429313879097183e+00
6.110367892976589133e+01 3.595011446143006498e-04 2.165807188772464364e+00 2.424380049689000838e-01 8.288042608742328676e-01 3.760668541662666620e+00
6.140468227424749870e+01 3.805521559348971948e-04 2.174169964077266926e+00 2.331067992664995481e-01 8.306619921300972820e-01 3.632407769650068730e+00
6.170568561872909896e+01 3.906421288530179548e-04 2.182532739382069042e+00 2.241076065755772118e-01 8.325197233859618073e-01 3.504224748181807847e+00
6.200668896321070633e+01 3.693480697939362841e-04 2.190895514686871159e+00 2.154956865424594303e-01 8.343774546418263327e-01 3.375395041479197999e+00
6.230769230769231370e+01 3.257891895303699622e-04 2.199258289991673720e+00 2.073253595332102128e-01 8.362351858976908581e-01 3.244737150592306385e+00
6.260869565217392108e+01 2.861592238912352183e-04 2.207621065296476282e+00 1.996417100250954535e-01 8.380929171535553834e-01 3.111055376265728700e+00
6.290969899665552134e+01 2.562879653929367690e-04 2.215983840601278843e+00 1.924708898192417084e-01 8.399506484094199088e-01 2.974044056020074489e+00
6.321070234113712871e+01 2.295783828273032542e-04 2.224346615906080959e+00 1.858015299139672005e-01 8.418083796652844342e-01 2.835060207473718563e+00
6.351170568561873608e+01 2.111282745847357424e-04 2.232709391210883521e+00 1.795657580498530581e-01 8.436661109211488485e-01 2.697146630935559397e+00
6.381270903010033635e+01 2.105209530866888998e-04 2.241072166515685637e+00 1.736411720011543647e-01 8.455238421770133739e-01 2.564141654020893668e+00
6.411371237458195083e+01 2.267025442929893541e-04 2.249434941820488199e+00 1.678846373764244782e-01 8.473815734328777882e-01 2.439324678758327369e+00
6.441471571906355109e+01 2.410239461496949272e-04 2.257797717125290760e+00 1.621811477849613159e-01 8.492393046887423136e-01 2.324365485703698386e+00
6.471571906354515136e+01 2.344192560879162872e-04 2.266160492430093321e+00 1.564741448819345071e-01 8.510970359446068390e-01 2.219123867664748673e+00
6.501672240802676583e+01 2.141872537885967877e-04 2.274523267734895438e+00 1.507569397434631309e-01 8.529547672004713643e-01 2.122252233519645426e+00
6.531772575250836610e+01 1.989970656413715623e-04 2.282886043039697554e+00 1.450370671880661655e-01 8.548124984563358897e-01 2.032054192295628781e+00
6.561872909698996637e+01 1.928833496858252481e-04 2.291248818344500116e+00 1.393060231641775060e-01 8.566702297122004151e-01 1.947022989571923102e+00
6.591973244147158084e+01 1.889770985384065774e-04 2.299611593649302677e+00 1.335373233386534797e-01 8.585279609680648294e-01 1.865881400481809393e+00
6.622073578595318111e+01 1.770201246400350374e-04 2.307974368954105238e+00 1.277074609510377989e-01 8.603856922239293548e-01 1.787373557782877098e+00
6.652173913043478137e+01 1.530126954941425340e-04 2.316337144258907799e+00 1.218151864434072196e-01 8.622434234797937691e-01 1.710171369794775353e+00
6.682274247491639585e+01 1.237525950448776059e-04 2.324699919563709916e+00 1.158809942614970334e-01 8.641011547356582945e-01 1.633054090823386595e+00
6.712374581939799612e+01 9.417833983993400399e-05 2.333062694868512033e+00 1.099312176420321474e-01 8.659588859915228198e-01 1.555255575039029559e+00
6.742474916387959638e+01 6.632987635767437088e-05 2.341425470173314594e+00 1.039862245007923541e-01 8.678166172473873452e-01 1.476756137554089188e+00
6.772575250836121086e+01 4.711099030248507697e-05 2.349788245478117155e+00 9.806643397940852103e-02 8.696743485032518706e-01 1.398335847961563738e+00
6.802675585284281112e+01 4.176331383352909670e-05 2.358151020782919716e+00 9.221140055550457182e-02 8.715320797591163959e-01 1.321323351835524740e+00
6.832775919732442560e+01 4.495503068336236441e-05 2.366513796087721833e+00 8.649510157507303565e-02 8.733898110149809213e-01 1.247121123759083572e+00
6.862876254180602587e+01 4.576075057591832837e-05 2.374876571392524394e+00 8.102455947282981297e-02 8.752475422708453356e-01 1.176725679033254091e+00
6.892976588628762613e+01 4.020285159994289290e-05 2.383239346697326511e+00 7.592140933373640876e-02 8.771052735267098610e-01 1.110499082496605450e+00
6.923076923076924061e+01 3.397477723678268255e-05 2.391602122002129072e+00 7.129356442138785888e-02 8.789630047825742754e-01 1.048307914992042456e+00
6.953177257525084087e+01 3.226274539526276307e-05 2.399964897306931633e+00 6.720366521466741849e-02 8.808207360384388007e-01 9.898929840839927330e-01
6.983277591973244114e+01 3.375301502174661675e-05 2.408327672611734194e+00 6.364072463167454174e-02 8.826784672943033261e-01 9.351706920704844217e-01
7.013377926421405562e+01 3.497491130617494582e-05 2.416690447916536311e+00 6.050644023771345470e-02 8.845361985501678515e-01 8.842481427720889631e-01
7.043478260869565588e+01 3.453496462742767055e-05 2.425053223221338428e+00 5.763046212685647013e-02 8.863939298060323768e-01 8.371925182403618937e-01
7.073578595317725615e+01 3.262562531247871099e-05 2.433415998526140989e+00 5.481830253775611672e-02 8.882516610618969022e-01 7.937978926876698704e-01
7.103678929765887062e+01 2.997973822547868748e-05 2.441778773830943550e+00 5.191379693959064651e-02 8.901093923177613165e-01 7.535656743721199646e-01
7.133779264214047089e+01 2.956331864639550892e-05 2.450141549135746111e+00 4.884326504314943224e-02 8.919671235736258419e-01 7.159039078924174238e-01
7.163879598662208537e+01 3.456754982429791008e-05 2.458504324440548672e+00 4.561730245249059901e-02 8.938248548294902562e-01 6.803593686444755484e-01
7.193979933110368563e+01 4.070887791848738926e-05 2.466867099745350789e+00 4.229458428251267610e-02 8.956825860853547816e-01 6.466862867243405866e-01
7.224080267558528590e+01 3.816813104291956211e-05 2.475229875050153350e+00 3.893741377109632279e-02 8.975403173412193070e-01 6.147119883535734353e-01
7.254180602006690037e+01 2.543871836698590144e-05 2.483592650354955467e+00 3.559030295654182219e-02 8.993980485970838323e-01 5.841322392905827776e-01
7.284280936454850064e+01 1.179868682638022850e-05 2.491955425659758028e+00 3.229082187708164076e-02 9.012557798529483577e-01 5.544174132647619047e-01
7.314381270903010090e+01 4.623951129114968810e-06 2.500318200964560589e+00 2.909581487245657683e-02 9.031135111088128831e-01 5.249129994419168277e-01
7.344481605351171538e+01 3.414641633797149936e-06 2.508680976269362706e+00 2.609624359676040312e-02 9.049712423646774084e-01 4.950654016542288538e-01
7.374581939799331565e+01 4.234431194226945468e-06 2.517043751574165267e+00 2.340520504508140573e-02 9.068289736205418228e-01 4.646146699284274262e-01
7.404682274247491591e+01 4.080888980680327984e-06 2.525406526878967828e+00 2.112451838083390446e-02 9.086867048764063481e-01 4.336290695571653475e-01
7.434782608695653039e+01 2.585279980314609060e-06 2.533769302183769945e+00 1.930951629441058498e-02 9.105444361322707625e-01 4.023792223398885426e-01
7.464882943143813065e+01 1.058995732771400869e-06 2.542132077488572506e+00 1.795085407894664656e-02 9.124021673881352879e-01 3.711657446007400329e-01
7.494983277591973092e+01 2.800806928399597717e-07 2.550494852793374623e+00 1.697965621473355655e-02 9.142598986439998132e-01 3.402359076805306359e-01
7.525083612040134540e+01 4.782102496681497617e-08 2.558857628098177184e+00 1.628886944284776289e-02 9.161176298998643386e-01 3.098399563935956835e-01
7.555183946488294566e+01 5.271041227083485162e-09 2.567220403402979745e+00 1.575855128286688875e-02 9.179753611557288639e-01 2.803595359877305571e-01
7.585284280936456014e+01 3.750725944128365525e-10 2.575583178707781862e+00 1.527703609757784242e-02 9.198330924115933893e-01 2.523835565963906125e-01
7.615384615384616041e+01 1.722961605423992222e-11 2.583945954012584423e+00 1.475672046660940831e-02 9.216908236674578037e-01 2.266463863562511449e-01
7.645484949832776067e+01 5.109485971251990694e-13 2.592308729317386984e+00 1.414542895034948296e-02 9.235485549233223290e-01 2.038370124416778728e-01
7.675585284280937515e+01 9.781831248695175554e-15 2.600671504622189101e+00 1.343156978755387018e-02 9.254062861791867434e-01 1.843660406170782307e-01
7.705685618729097541e+01 1.208939215416974540e-16 2.609034279926991662e+00 1.263930667122604469e-02 9.272640174350512687e-01 1.682007038492021045e-01
7.735785953177257568e+01 9.645619109801727443e-19 2.617397055231794223e+00 1.181319889548159904e-02 9.291217486909157941e-01 1.548475417376955210e-01
7.765886287625419016e+01 4.968177402051969796e-21 2.625759830536596340e+00 1.099802459763393227e-02 9.309794799467803195e-01 1.434972015089466257e-01
7.795986622073579042e+01 1.651982436536008255e-23 2.634122605841398901e+00 1.022274251367631150e-02 9.328372112026448448e-01 1.332710836730283677e-01
7.826086956521739069e+01 3.546133653907644966e-26 2.642485381146201462e+00 9.494669711632791609e-03 9.346949424585093702e-01 1.234602477705156187e-01
7.856187290969900516e+01 4.914124084138299343e-29 2.650848156451003579e+00 8.803684482877766407e-03 9.365526737143738956e-01 1.136566153871129414e-01
7.886287625418060543e+01 4.396210513876141701e-32 2.659210931755806140e+00 8.131685600867955693e-03 9.384104049702383099e-01 1.037451825085430462e-01
7.916387959866221991e+01 2.538938531219778613e-35 2.667573707060608701e+00 7.462115628657777812e-03 9.402681362261028353e-01 9.380661075389010173e-02
7.946488294314382017e+01 9.466016047114457620e-39 2.675936482365410818e+00 6.786631554293268836e-03 9.421258674819672496e-01 8.401271735469195701e-02
7.976588628762542044e+01 2.278366729119298783e-42 2.684299257670213379e+00 6.108150256340857086e-03 9.439835987378317750e-01 7.456562870987697156e-02
8.006688963210703491e+01 3.540147583705289201e-46 2.692662032975015496e+00 5.440244710062041612e-03 9.458413299936963003e-01 6.567396512915246731e-02
8.036789297658863518e+01 3.551079938748866800e-50 2.701024808279818057e+00 4.803052685009973587e-03 9.476990612495608257e-01 5.753034178123190429e-02
8.066889632107023544e+01 2.299539500221234202e-54 2.709387583584620618e+00 4.216678137694539544e-03 9.495567925054253511e-01 5.027111818256623649e-02
8.096989966555184992e+01 9.613081915693774036e-59 2.717750358889422735e+00 3.694369612307007479e-03 9.514145237612898764e-01 4.393462001390453786e-02
8.127090301003345019e+01 2.594333215095062209e-63 2.726113134194225296e+00 3.238278301522635235e-03 9.532722550171544018e-01 3.845067138327242645e-02
8.157190635451505045e+01 4.519914427083091376e-68 2.734475909499027857e+00 2.839560391102188049e-03 9.551299862730187051e-01 3.367862500200548975e-02
8.187290969899666493e+01 5.083654338803185181e-73 2.742838684803829974e+00 2.482620185280075189e-03 9.569877175288832305e-01 2.947784565381907779e-02
8.217391304347826519e+01 3.691162436738409360e-78 2.751201460108632535e+00 2.151614797008736830e-03 9.588454487847477559e-01 2.576954091115754575e-02
8.247491638795986546e+01 1.730181427546715267e-83 2.759564235413435096e+00 1.836591883550642637e-03 9.607031800406122812e-01 2.255054059627534940e-02
8.277591973244147994e+01 5.235539950602765307e-89 2.767927010718237213e+00 1.536789094413918083e-03 9.625609112964768066e-01 1.984931797388206701e-02
8.307692307692308020e+01 1.022757455004755204e-94 2.776289786023039774e+00 1.259663186315519929e-03 9.644186425523413320e-01 1.765429793986400542e-02
8.337792642140469468e+01 1.289808318537834013e-100 2.784652561327842335e+00 1.016112206585997879e-03 9.662763738082058573e-01 1.586637976567574840e-02
8.367892976588629494e+01 1.050071900680485910e-106 2.793015336632644452e+00 8.144026091478448904e-04 9.681341050640703827e-01 1.431303779082793159e-02
8.397993311036789521e+01 5.518921853427970938e-113 2.801378111937447013e+00 6.561194373435738289e-04 9.699918363199349081e-01 1.281809632639383488e-02
8.428093645484950969e+01 1.872538673284810105e-119 2.809740887242249574e+00 5.361385867812824401e-04 9.718495675757992114e-01 1.128093303928117026e-02
8.458193979933110995e+01 4.101556429794205133e-126 2.818103662547051691e+00 4.459517811135221572e-04 9.737072988316637367e-01 9.712705567924338063e-03
8.488294314381271022e+01 5.799732057158603263e-133 2.826466437851854252e+00 3.776600898613857336e-04 9.755650300875282621e-01 8.209392175571816885e-03
8.518394648829432469e+01 5.294299584924570004e-140 2.834829213156656813e+00 3.260576976249896625e-04 9.774227613433927875e-01 6.885053396436795203e-03
8.548494983277592496e+01 3.119970153351267125e-147 2.843191988461458930e+00 2.881043101257340310e-04 9.792804925992573128e-01 5.809772295404489438e-03
8.578595317725752523e+01 1.186953512372466087e-154 2.851554763766261491e+00 2.610388892438559628e-04 9.811382238551218382e-01 4.983763470334869571e-03
8.608695652173913970e+01 2.915132667506415908e-162 2.859917539071063608e+00 2.409887760624740806e-04 9.829959551109863636e-01 4.349652368960598044e-03
8.638795986622073997e+01 4.621939777308324063e-170 2.868280314375866169e+00 2.230924021012006006e-04 9.848536863668508889e-01 3.824548712814297268e-03
8.668896321070235444e+01 4.730767280718011528e-178 2.876643089680668730e+00 2.028560041403142686e-04 9.867114176227151923e-01 3.332258488648884211e-03
8.698996655518395471e+01 3.125937066855863303e-186 2.885005864985470847e+00 1.776974929640474476e-04 9.885691488785797176e-01 2.825151319926300000e-03
8.729096989966555498e+01 1.333429994442631401e-194 2.893368640290273408e+00 1.477068396577313632e-04 9.904268801344442430e-01 2.292783836299818519e-03
8.759197324414716945e+01 3.671990538918812544e-203 2.901731415595075969e+00 1.152657912628273564e-04 9.922846113903087684e-01 1.757432929092147362e-03
8.789297658862876972e+01 6.527911093383342111e-212 2.910094190899878086e+00 8.382937483562832924e-05 9.941423426461732937e-01 1.259157770571273137e-03
8.819397993311036998e+01 7.491835832127077710e-221 2.918456966204680647e+00 5.652986447012651864e-05 9.960000739020378191e-01 8.367317912989595801e-04
8.849498327759198446e+01 5.550647108438116397e-230 2.926819741509483208e+00 3.521728124564843206e-05 9.978578051579023445e-01 5.127565924682571342e-04
8.879598662207358473e+01 2.654852065069255351e-239 2.935182516814285325e+00 2.021333482612611897e-05 9.997155364137668698e-01 2.885679901323720781e-04
8.909698996655518499e+01 8.197442496843525040e-249 2.943545292119087886e+00 1.066592889423118728e-05 1.001573267669631395e+00 1.486923973332840779e-04
8.939799331103679947e+01 1.634021533515106625e-258 2.951908067423890447e+00 5.165360927161727342e-06 1.003430998925495699e+00 6.999755928372656394e-05
8.969899665551839973e+01 2.102705815778735433e-268 2.960270842728692564e+00 2.292699268913418282e-06 1.005288730181360224e+00 3.005615983940705525e-05
9.000000000000000000e+01 3.493579221004486676e-278 2.968633618033495125e+00 9.316438865477868588e-07 1.007146461437224749e+00 1.175766302289119047e-05
