0.000000000000000000e+00 8.863183744590248658e-02 7.050140277832239732e-04 2.597818690362216354e-02 4.008909091700665894e-05 3.698268043798766502e+00
3.010033444816053727e-01 8.892125485972672549e-02 1.135000150089340333e-02 2.608663152120733672e-02 1.777177032866093754e-03 3.694892643024344281e+00
6.020066889632107454e-01 8.794447773440269844e-02 2.199498897400358269e-02 2.638238308001425447e-02 3.514264974815180850e-03 3.685228086922694324e+00
9.030100334448161181e-01 8.554791844271469881e-02 3.263997644711376378e-02 2.685397868036111871e-02 5.251352916764267728e-03 3.669743079257238971e+00
1.204013377926421491e+00 8.435568037618515480e-02 4.328496392022394140e-02 2.748386736209584499e-02 6.988440858713355040e-03 3.649176534301596497e+00
1.505016722408026864e+00 8.471760346311311973e-02 5.392995139333411903e-02 2.825010989824984844e-02 8.725528800662442352e-03 3.624483989863286570e+00
1.806020066889632236e+00 8.655558578519378932e-02 6.457493886644430359e-02 2.912854598584038376e-02 1.046261674261152880e-02 3.596766962899343500e+00
2.107023411371237387e+00 9.016879057706880807e-02 7.521992633955447427e-02 3.009520153824175523e-02 1.219970468456061698e-02 3.567189694605780836e+00
2.408026755852842982e+00 9.477012693609847271e-02 8.586491381266465883e-02 3.112863570312343967e-02 1.393679262650970342e-02 3.536889442102451486e+00
2.709030100334448576e+00 9.893610251002180056e-02 9.650990128577484339e-02 3.221189449094998686e-02 1.567388056845879160e-02 3.506888341793190200e+00
3.010033444816053727e+00 1.026307759463456482e-01 1.071548887588850141e-01 3.333377026050572678e-02 1.741096851040787805e-02 3.478016493738683046e+00
3.311036789297658878e+00 1.062256978726276030e-01 1.177998762319951986e-01 3.448917023344618554e-02 1.914805645235696449e-02 3.450856608740935361e+00
3.612040133779264472e+00 1.077795559940461362e-01 1.284448637051053832e-01 3.567855537798414467e-02 2.088514439430605094e-02 3.425719541825894332e+00
3.913043478260870067e+00 1.075210020191711136e-01 1.390898511782155678e-01 3.690658643709633646e-02 2.262223233625513738e-02 3.402656785633412451e+00
4.214046822742474774e+00 1.080214480131397869e-01 1.497348386513257246e-01 3.818026202788180751e-02 2.435932027820422729e-02 3.381510603715836449e+00
4.515050167224080369e+00 1.088969249047314902e-01 1.603798261244359091e-01 3.950691749176254985e-02 2.609640822015331374e-02 3.361995818802332003e+00
4.816053511705685963e+00 1.095152149600053942e-01 1.710248135975460937e-01 4.089245480608265371e-02 2.783349616210240018e-02 3.343800847639024187e+00
5.117056856187291558e+00 1.096244809905160406e-01 1.816698010706562783e-01 4.234009953014935407e-02 2.957058410405148663e-02 3.326691097998938584e+00
5.418060200668897153e+00 1.093715717270763443e-01 1.923147885437664628e-01 4.384985634231220591e-02 3.130767204600057307e-02 3.310596626232430673e+00
5.719063545150501859e+00 1.093986296123942298e-01 2.029597760168766196e-01 4.541869533076614562e-02 3.304475998794965952e-02 3.295668437937651518e+00
6.020066889632107454e+00 1.084394624664024309e-01 2.136047634899868042e-01 4.704137873206078874e-02 3.478184792989874596e-02 3.282293425640163687e+00
6.321070234113713049e+00 1.058892995124292580e-01 2.242497509630969887e-01 4.871175152889732629e-02 3.651893587184783241e-02 3.271065321217016209e+00
6.622073578595317755e+00 1.031554334616604507e-01 2.348947384362071733e-01 5.042427272567259755e-02 3.825602381379691885e-02 3.262716557202919088e+00
6.923076923076923350e+00 1.004927805354496745e-01 2.455397259093173579e-01 5.217554880841696746e-02 3.999311175574600530e-02 3.258022164939730292e+00
7.224080267558528945e+00 9.611714857901521025e-02 2.561847133824275424e-01 5.396563505600958377e-02 4.173019969769509174e-02 3.257690901322179755e+00
7.525083612040134540e+00 9.012258866310013383e-02 2.668297008555376992e-01 5.579888761985878076e-02 4.346728763964417819e-02 3.262260344298649972e+00
7.826086956521740134e+00 8.485009978826812960e-02 2.774746883286479116e-01 5.768418323611109594e-02 4.520437558159326463e-02 3.272011748547203336e+00
8.127090301003345729e+00 8.008108775999635276e-02 2.881196758017580684e-01 5.963438524989355533e-02 4.694146352354236496e-02 3.286917212819536527e+00
8.428093645484949548e+00 7.500845726381302758e-02 2.987646632748682252e-01 6.166503433017890556e-02 4.867855146549145140e-02 3.306626553347688180e+00
8.729096989966555142e+00 6.930411558263788185e-02 3.094096507479784375e-01 6.379237784902846986e-02 5.041563940744053784e-02 3.330494878023301020e+00
9.030100334448160737e+00 6.243608859109548576e-02 3.200546382210885943e-01 6.603100240922818442e-02 5.215272734938962429e-02 3.357645305018175375e+00
9.331103678929766332e+00 5.536560460047318388e-02 3.306996256941988066e-01 6.839146119000044655e-02 5.388981529133871073e-02 3.387055960787051401e+00
9.632107023411371927e+00 4.918501506423900854e-02 3.413446131673089634e-01 7.087834760125298617e-02 5.562690323328779718e-02 3.417657594014652744e+00
9.933110367892977521e+00 4.367019778950891051e-02 3.519896006404191202e-01 7.348922658284869069e-02 5.736399117523688362e-02 3.448428412068826887e+00
1.023411371237458312e+01 3.836651149024984664e-02 3.626345881135293325e-01 7.621468912950578323e-02 5.910107911718597007e-02 3.478475541096768708e+00
1.053511705685618871e+01 3.332004563341899039e-02 3.732795755866394893e-01 7.903957201566363944e-02 6.083816705913505651e-02 3.507096317387059958e+00
1.083612040133779431e+01 2.905357427396289272e-02 3.839245630597497017e-01 8.194513789491500444e-02 6.257525500108414296e-02 3.533815679440622137e+00
1.113712374581939812e+01 2.546296920053574275e-02 3.945695505328598585e-01 8.491180527925934474e-02 6.431234294303322940e-02 3.558397246859441143e+00
1.143812709030100372e+01 2.170964523295783669e-02 4.052145380059700153e-01 8.792190637456828717e-02 6.604943088498231585e-02 3.580825695408947240e+00
1.173913043478260931e+01 1.794127790817699394e-02 4.158595254790802276e-01 9.096195883823579575e-02 6.778651882693140229e-02 3.601258550912335821e+00
1.204013377926421491e+01 1.508466321178054438e-02 4.265045129521903844e-01 9.402405759361560922e-02 6.952360676888048874e-02 3.619948610779406994e+00
1.234113712374582050e+01 1.299861925086905241e-02 4.371495004253005967e-01 9.710618987538652269e-02 7.126069471082957518e-02 3.637144765976518368e+00
1.264214046822742610e+01 1.097753299524809219e-02 4.477944878984107535e-01 1.002115012744478895e-01 7.299778265277866163e-02 3.652987683319052437e+00
1.294314381270903169e+01 9.017926037973867867e-03 4.584394753715209103e-01 1.033467429157786804e-01 7.473487059472774807e-02 3.667424072881219743e+00
1.324414715719063551e+01 7.388728267877521169e-03 4.690844628446311226e-01 1.065202702795397804e-01 7.647195853667683452e-02 3.680164792712293576e+00
1.354515050167224111e+01 6.184936003116888077e-03 4.797294503177412794e-01 1.097400182251651313e-01 7.820904647862592096e-02 3.690704958340595088e+00
1.384615384615384670e+01 5.351365002352509101e-03 4.903744377908514918e-01 1.130118374766918288e-01 7.994613442057500741e-02 3.698408994850884923e+00
1.414715719063545230e+01 4.768835377391880681e-03 5.010194252639617041e-01 1.163384559661973378e-01 8.168322236252409385e-02 3.702644509064740852e+00
1.444816053511705789e+01 4.295828046952472092e-03 5.116644127370718609e-01 1.197191521880608678e-01 8.342031030447318030e-02 3.702932771095344577e+00
1.474916387959866348e+01 3.869312211491120809e-03 5.223094002101820177e-01 1.231500396465028263e-01 8.515739824642226674e-02 3.699077002936370206e+00
1.505016722408026908e+01 3.551549655319725766e-03 5.329543876832921745e-01 1.266247107592501087e-01 8.689448618837135319e-02 3.691235870783577511e+00
1.535117056856187467e+01 3.206948103630433925e-03 5.435993751564023313e-01 1.301349182931988424e-01 8.863157413032043963e-02 3.679926898952423198e+00
1.565217391304348027e+01 2.722038089381413704e-03 5.542443626295125991e-01 1.336710051254195730e-01 9.036866207226952608e-02 3.665966723305944974e+00
1.595317725752508409e+01 2.348649344414246217e-03 5.648893501026227559e-01 1.372219206691404902e-01 9.210575001421861252e-02 3.650373799003236552e+00
1.625418060200669146e+01 2.193642085803268992e-03 5.755343375757329127e-01 1.407748452812195572e-01 9.384283795616771284e-02 3.634267300979225901e+00
1.655518394648829528e+01 2.055900102094494579e-03 5.861793250488430695e-01 1.443146230086757853e-01 9.557992589811679929e-02 3.618790694845821054e+00
1.685618729096989910e+01 1.696963570143846098e-03 5.968243125219532264e-01 1.478233184762377528e-01 9.731701384006588573e-02 3.605072408129171180e+00
1.715719063545150647e+01 1.297648540976615054e-03 6.074692999950634942e-01 1.512802262478231408e-01 9.905410178201497218e-02 3.594216076372225732e+00
1.745819397993311028e+01 1.132737572506844646e-03 6.181142874681736510e-01 1.546625650492945980e-01 1.007911897239640586e-01 3.587297270824656437e+00
1.775919732441471766e+01 1.075651013064221530e-03 6.287592749412838078e-01 1.579469140801450788e-01 1.025282776659131451e-01 3.585338802186034624e+00
1.806020066889632147e+01 9.391392438946375267e-04 6.394042624143939646e-01 1.611112472663183692e-01 1.042653656078622315e-01 3.589244649498470885e+00
1.836120401337792885e+01 7.370222446180483026e-04 6.500492498875041214e-01 1.641372521949193697e-01 1.060024535498113180e-01 3.599690327148152846e+00
1.866220735785953266e+01 5.357735698236761133e-04 6.606942373606143892e-01 1.670125293392981380e-01 1.077395414917604044e-01 3.616988439782923503e+00
1.896321070234114003e+01 3.880798481886437736e-04 6.713392248337245460e-01 1.697322748560826933e-01 1.094766294337094908e-01 3.640964503269795038e+00
1.926421404682274385e+01 3.140111864527356288e-04 6.819842123068347028e-01 1.723001495245689851e-01 1.112137173756585773e-01 3.670883653043904182e+00
1.956521739130434767e+01 2.816286087914623591e-04 6.926291997799448596e-01 1.747281972918176829e-01 1.129508053176076637e-01 3.705461073484348500e+00
1.986622073578595504e+01 2.696696082236699926e-04 7.032741872530550165e-01 1.770358570392605579e-01 1.146878932595567502e-01 3.742969695027257959e+00
2.016722408026755886e+01 2.692259055115850917e-04 7.139191747261652843e-01 1.792482680206996248e-01 1.164249812015058366e-01 3.781433500688804017e+00
2.046822742474916623e+01 2.775893016421585860e-04 7.245641621992754411e-01 1.813941707142062432e-01 1.181620691434549231e-01 3.818871256803767711e+00
2.076923076923077005e+01 2.774039870829032211e-04 7.352091496723855979e-01 1.835037356522452034e-01 1.198991570854040095e-01 3.853540909134894221e+00
2.107023411371237742e+01 2.556038750688336639e-04 7.458541371454957547e-01 1.856066175802638107e-01 1.216362450273530960e-01 3.884133919918353328e+00
2.137123745819398124e+01 2.200228521633767304e-04 7.564991246186059115e-01 1.877304516964373171e-01 1.233733329693021824e-01 3.909881919709713216e+00
2.167224080267558861e+01 1.639087754166938706e-04 7.671441120917161793e-01 1.898999119726230422e-01 1.251104209112512966e-01 3.930561179126275118e+00
2.197324414715719243e+01 1.334074984980079467e-04 7.777890995648263361e-01 1.921363663372810671e-01 1.268475088532003692e-01 3.946406289454681193e+00
2.227424749163879625e+01 1.543210477599397089e-04 7.884340870379364929e-01 1.944581065076887993e-01 1.285845967951494695e-01 3.957965013044888902e+00
2.257525083612040362e+01 1.647673600293521595e-04 7.990790745110466498e-01 1.968811017920863715e-01 1.303216847370985421e-01 3.965935529754726740e+00
2.287625418060200744e+01 1.205287228076273994e-04 8.097240619841568066e-01 1.994202111778349273e-01 1.320587726790476424e-01 3.971023471838297514e+00
2.317725752508361481e+01 6.203146841310304015e-05 8.203690494572670744e-01 2.020907636414008279e-01 1.337958606209967150e-01 3.973842118240859644e+00
2.347826086956521863e+01 3.960554314034918160e-05 8.310140369303772312e-01 2.049103639169157498e-01 1.355329485629458153e-01 3.974861149465298560e+00
2.377926421404682600e+01 3.691253926808771952e-05 8.416590244034873880e-01 2.079006961812480958e-01 1.372700365048948878e-01 3.974394343456456369e+00
2.408026755852842982e+01 2.569701475422092116e-05 8.523040118765975448e-01 2.110889987512786226e-01 1.390071244468439882e-01 3.972609298506558861e+00
2.438127090301003363e+01 1.152007354800805296e-05 8.629489993497077016e-01 2.145088052856861660e-01 1.407442123887930607e-01 3.969543691282753084e+00
2.468227424749164101e+01 7.929795171338391603e-06 8.735939868228179694e-01 2.181995362243059622e-01 1.424813003307421611e-01 3.965120028550808584e+00
2.498327759197324482e+01 1.011776757901359758e-05 8.842389742959281262e-01 2.222046136141863637e-01 1.442183882726912336e-01 3.959159642569308080e+00
2.528428093645485220e+01 8.548386100445154088e-06 8.948839617690382831e-01 2.265679736037142233e-01 1.459554762146403339e-01 3.951402447254017236e+00
2.558528428093645601e+01 8.358410709157738794e-06 9.055289492421484399e-01 2.313291402245137574e-01 1.476925641565894065e-01 3.941539496653524211e+00
2.588628762541806339e+01 1.391074123299301498e-05 9.161739367152585967e-01 2.365173458451845234e-01 1.494296520985385068e-01 3.929261162648933325e+00
2.618729096989966720e+01 1.698564267667303275e-05 9.268189241883688645e-01 2.421454629902826117e-01 1.511667400404876072e-01 3.914317239673642757e+00
2.648829431438127102e+01 1.305496428699236494e-05 9.374639116614790213e-01 2.482046757233390410e-01 1.529038279824366797e-01 3.896579471169102860e+00
2.678929765886287839e+01 9.501143696699043245e-06 9.481088991345891781e-01 2.546608160111601959e-01 1.546409159243857800e-01 3.876094029584255640e+00
2.709030100334448221e+01 1.034106151481569688e-05 9.587538866076993349e-01 2.614531088521692137e-01 1.563780038663348526e-01 3.853112060812472262e+00
2.739130434782608958e+01 8.171045201235531226e-06 9.693988740808094917e-01 2.684957389919553905e-01 1.581150918082839529e-01 3.828089926899629347e+00
2.769230769230769340e+01 3.101111604806164880e-06 9.800438615539197595e-01 2.756822359265841960e-01 1.598521797502330255e-01 3.801656010277103537e+00
2.799331103678930077e+01 5.320077031549920372e-07 9.906888490270299163e-01 2.828922551444502664e-01 1.615892676921821258e-01 3.774546653895189063e+00
2.829431438127090459e+01 4.098544140089085150e-08 1.001333836500140073e+00 2.899999929709218272e-01 1.633263556341311984e-01 3.747519119241681462e+00
2.859531772575251196e+01 1.416942185823436983e-09 1.011978823973250119e+00 2.968832702844478311e-01 1.650634435760802987e-01 3.721253767776485866e+00
2.889632107023411578e+01 2.198131661986103821e-11 1.022623811446360609e+00 3.034322836412778890e-01 1.668005315180293713e-01 3.696260526451283557e+00
2.919732441471571960e+01 1.530139279600109579e-13 1.033268798919470655e+00 3.095571399759548537e-01 1.685376194599784716e-01 3.672805553120698008e+00
2.949832775919732697e+01 4.779512030913191758e-16 1.043913786392580700e+00 3.151935194477589186e-01 1.702747074019275442e-01 3.650872349847988030e+00
2.979933110367893079e+01 6.699022704360704250e-19 1.054558773865691190e+00 3.203060880596008686e-01 1.720117953438766445e-01 3.630167100496374033e+00
3.010033444816053816e+01 4.213224796883099224e-22 1.065203761338801236e+00 3.248895460658636214e-01 1.737488832858257171e-01 3.610170974745737560e+00
3.040133779264214198e+01 1.189030799376643938e-25 1.075848748811911282e+00 3.289674080963372882e-01 1.754859712277748174e-01 3.590233480709904335e+00
3.070234113712374935e+01 1.505729183358243332e-29 1.086493736285021328e+00 3.325887552642529110e-01 1.772230591697238899e-01 3.569692257597166574e+00
3.100334448160535317e+01 8.556101385641861298e-34 1.097138723758131817e+00 3.358232965696416050e-01 1.789601471116729903e-01 3.547997953357877599e+00
3.130434782608696054e+01 2.181625831615002351e-38 1.107783711231241863e+00 3.387551599587593776e-01 1.806972350536220628e-01 3.524819913738389321e+00
3.160535117056856436e+01 2.496088061952390558e-43 1.118428698704351909e+00 3.414759290779185164e-01 1.824343229955711632e-01 3.500110557238557352e+00
3.190635451505016817e+01 1.281488844430831339e-48 1.129073686177462399e+00 3.440775508386634263e-01 1.841714109375202357e-01 3.474113640147906690e+00
3.220735785953177555e+01 2.952195048486535251e-54 1.139718673650572445e+00 3.466458296181944565e-01 1.859084988794693361e-01 3.447312888702877220e+00
3.250836120401338292e+01 3.051761261393945040e-60 1.150363661123682490e+00 3.492552425167939067e-01 1.876455868214184364e-01 3.420330253023637468e+00
3.280936454849498318e+01 1.415570015994323912e-66 1.161008648596792980e+00 3.519657053366699317e-01 1.893826747633675089e-01 3.393794245824437894e+00
3.311036789297659055e+01 2.946371093106624890e-73 1.171653636069903026e+00 3.548216697074555448e-01 1.911197627053166093e-01 3.368205607941429758e+00
3.341137123745819792e+01 2.751812415690633348e-80 1.182298623543013072e+00 3.578535646760786504e-01 1.928568506472656818e-01 3.343828114240368965e+00
3.371237458193979819e+01 1.153255401457417434e-87 1.192943611016123118e+00 3.610811838602234203e-01 1.945939385892147822e-01 3.320626568436845005e+00
3.401337792642140556e+01 2.168739850947081493e-95 1.203588598489233608e+00 3.645182594999338277e-01 1.963310265311638547e-01 3.298263490365974437e+00
3.431438127090301293e+01 1.830057405593385092e-103 1.214233585962343653e+00 3.681772473524420608e-01 1.980681144731129550e-01 3.276153397562114211e+00
3.461538461538462030e+01 6.929425931932084334e-112 1.224878573435453699e+00 3.720733237573490282e-01 1.998052024150620276e-01 3.253561949421499122e+00
3.491638795986622057e+01 1.177348654477543185e-120 1.235523560908564189e+00 3.762267681311203260e-01 2.015422903570111279e-01 3.229729019301179616e+00
3.521739130434782794e+01 8.976111060712099518e-130 1.246168548381674235e+00 3.806632226282848919e-01 2.032793782989602005e-01 3.203991342048803759e+00
3.551839464882943531e+01 3.070765367069117975e-139 1.256813535854784281e+00 3.854117108080268306e-01 2.050164662409093008e-01 3.175881902831239501e+00
3.581939799331104268e+01 4.713899738270459927e-149 1.267458523327894770e+00 3.905006834007121452e-01 2.067535541828583734e-01 3.145188899405718885e+00
3.612040133779264295e+01 3.247052713703582536e-159 1.278103510801004816e+00 3.959526858147800477e-01 2.084906421248074737e-01 3.111965588824968432e+00
3.642140468227425032e+01 1.003629984905492941e-169 1.288748498274114862e+00 4.017784790890721602e-01 2.102277300667565463e-01 3.076492049114568417e+00
3.672240802675585769e+01 1.391980680491746768e-180 1.299393485747224908e+00 4.079715827287442864e-01 2.119648180087056466e-01 3.039199197324238266e+00
3.702341137123745796e+01 8.662995287436438412e-192 1.310038473220335398e+00 4.145042383627556282e-01 2.137019059506547192e-01 3.000572672330494850e+00
3.732441471571906533e+01 2.419236016357388388e-203 1.320683460693445443e+00 4.213257056686779412e-01 2.154389938926038195e-01 2.961057958253813460e+00
3.762541806020067270e+01 3.031542712242198089e-215 1.331328448166555489e+00 4.283635792021454058e-01 2.171760818345528921e-01 2.920987423061468302e+00
3.792642140468228007e+01 1.704607654892696621e-227 1.341973435639665979e+00 4.355284468472540027e-01 2.189131697765019924e-01 2.880544663470360867e+00
3.822742474916388034e+01 4.300911123129196112e-240 1.352618423112776025e+00 4.427217153321070242e-01 2.206502577184510649e-01 2.839772665729063839e+00
3.852842809364548771e+01 4.869358976864049828e-253 1.363263410585886071e+00 4.498458667705871328e-01 2.223873456604001653e-01 2.798621818964039498e+00
3.882943143812709508e+01 2.473764813693890732e-266 1.373908398058996561e+00 4.568158873447544788e-01 2.241244336023492656e-01 2.757024327450078971e+00
3.913043478260869534e+01 5.639236571326316577e-280 1.384553385532106606e+00 4.635702528633203756e-01 2.258615215442983382e-01 2.714975480318891687e+00
3.943143812709030271e+01 5.768428461059507849e-294 1.395198373005216652e+00 4.700797790153862787e-01 2.275986094862474385e-01 2.672601082598046407e+00
3.973244147157191009e+01 2.647707457703585365e-308 1.405843360478326698e+00 4.763529029790310454e-01 2.293356974281965110e-01 2.630194299277768266e+00
4.003344481605351746e+01 5.928787750094958530e-323 1.416488347951437188e+00 4.824365285187127705e-01 2.310727853701456114e-01 2.588212990995677920e+00
4.033444816053511772e+01 0.000000000000000000e+00 1.427133335424547234e+00 4.884123225144996194e-01 2.328098733120946839e-01 2.547238126288045024e+00
4.063545150501672509e+01 0.000000000000000000e+00 1.437778322897657279e+00 4.943891225111540222e-01 2.345469612540437843e-01 2.507902565485475410e+00
4.093645484949833246e+01 0.000000000000000000e+00 1.448423310370767769e+00 5.004927206786681237e-01 2.362840491959928568e-01 2.470805399136536629e+00
4.123745819397993273e+01 0.000000000000000000e+00 1.459068297843877815e+00 5.068545956861530977e-01 2.380211371379419572e-01 2.436429018090082277e+00
4.153846153846154010e+01 0.000000000000000000e+00 1.469713285316987861e+00 5.136011232994799336e-01 2.397582250798910297e-01 2.405074222398423167e+00
4.183946488294314747e+01 0.000000000000000000e+00 1.480358272790098351e+00 5.208444576808001214e-01 2.414953130218401300e-01 2.376823868248776783e+00
4.214046822742475484e+01 0.000000000000000000e+00 1.491003260263208396e+00 5.286757599275296871e-01 2.432324009637892026e-01 2.351539212572956394e+00
4.244147157190635511e+01 0.000000000000000000e+00 1.501648247736318442e+00 5.371609081135539920e-01 2.449694889057383029e-01 2.328886689456637793e+00
4.274247491638796248e+01 0.000000000000000000e+00 1.512293235209428488e+00 5.463383834732716826e-01 2.467065768476873755e-01 2.308387514337462143e+00
4.304347826086956985e+01 0.000000000000000000e+00 1.522938222682538978e+00 5.562187651434131741e-01 2.484436647896364758e-01 2.289479038051082771e+00
4.334448160535117722e+01 0.000000000000000000e+00 1.533583210155649024e+00 5.667851915490632608e-01 2.501807527315855761e-01 2.271575561943667942e+00
4.364548494983277749e+01 0.000000000000000000e+00 1.544228197628759069e+00 5.779942215977946773e-01 2.519178406735346210e-01 2.254117460324773337e+00
4.394648829431438486e+01 0.000000000000000000e+00 1.554873185101869559e+00 5.897766953579565152e-01 2.536549286154837213e-01 2.236600724893188730e+00
4.424749163879599223e+01 0.000000000000000000e+00 1.565518172574979605e+00 6.020384026132149513e-01 2.553920165574328216e-01 2.218583904146308683e+00
4.454849498327759250e+01 0.000000000000000000e+00 1.576163160048089651e+00 6.146605917821809095e-01 2.571291044993819219e-01 2.199674955070952898e+00
4.484949832775919987e+01 0.000000000000000000e+00 1.586808147521200141e+00 6.275005810705793774e-01 2.588661924413309667e-01 2.179505557625092571e+00
4.515050167224080724e+01 0.000000000000000000e+00 1.597453134994310187e+00 6.403929557360547031e-01 2.606032803832800671e-01 2.157703698002426229e+00
4.545150501672241461e+01 0.000000000000000000e+00 1.608098122467420232e+00 6.531520151957826981e-01 2.623403683252291674e-01 2.133875818341859354e+00
4.575250836120401488e+01 0.000000000000000000e+00 1.618743109940530278e+00 6.655762085013985363e-01 2.640774562671782677e-01 2.107607215191299677e+00
4.605351170568562225e+01 0.000000000000000000e+00 1.629388097413640768e+00 6.774551906091687004e-01 2.658145442091273680e-01 2.078484167416890127e+00
4.635451505016722962e+01 0.000000000000000000e+00 1.640033084886750814e+00 6.885797890993450299e-01 2.675516321510764128e-01 2.046134830746554556e+00
4.665551839464882988e+01 0.000000000000000000e+00 1.650678072359860860e+00 6.987545935010001097e-01 2.692887200930255132e-01 2.010280087270895244e+00
4.695652173913043725e+01 0.000000000000000000e+00 1.661323059832971349e+00 7.078121516574104044e-01 2.710258080349746135e-01 1.970782069547478699e+00
4.725752508361204463e+01 0.000000000000000000e+00 1.671968047306081395e+00 7.156270440752511286e-01 2.727628959769237138e-01 1.927678136317621194e+00
4.755852842809365200e+01 0.000000000000000000e+00 1.682613034779191441e+00 7.221276173362684014e-01 2.744999839188727586e-01 1.881191733351457618e+00
4.785953177257525226e+01 0.000000000000000000e+00 1.693258022252301931e+00 7.273030856838120783e-01 2.762370718608218589e-01 1.831717724528743263e+00
4.816053511705685963e+01 0.000000000000000000e+00 1.703903009725411977e+00 7.312041678666021394e-01 2.779741598027709593e-01 1.779786449075550392e+00
4.846153846153846700e+01 0.000000000000000000e+00 1.714547997198522022e+00 7.339363929373430295e-01 2.797112477447200596e-01 1.726015759482915746e+00
4.876254180602006727e+01 0.000000000000000000e+00 1.725192984671632068e+00 7.356465144536311618e-01 2.814483356866691044e-01 1.671062012473740088e+00
4.906354515050167464e+01 0.000000000000000000e+00 1.735837972144742558e+00 7.365038307631059933e-01 2.831854236286182047e-01 1.615579031163133061e+00
4.936454849498328201e+01 0.000000000000000000e+00 1.746482959617852604e+00 7.366792877492099878e-01 2.849225115705673050e-01 1.560189439116695942e+00
4.966555183946488938e+01 0.000000000000000000e+00 1.757127947090962650e+00 7.363257546669923492e-01 2.866595995125164054e-01 1.505467499319346203e+00
4.996655518394648965e+01 0.000000000000000000e+00 1.767772934564073140e+00 7.355626602673871473e-01 2.883966874544654502e-01 1.451928841775055767e+00
5.026755852842809702e+01 0.000000000000000000e+00 1.778417922037183185e+00 7.344672826149197808e-01 2.901337753964145505e-01 1.400021614393400116e+00
5.056856187290970439e+01 0.000000000000000000e+00 1.789062909510293231e+00 7.330736064263211338e-01 2.918708633383636508e-01 1.350115640226433600e+00
5.086956521739130466e+01 0.000000000000000000e+00 1.799707896983403721e+00 7.313781234183042157e-01 2.936079512803127511e-01 1.302489770901858135e+00
5.117056856187291203e+01 0.000000000000000000e+00 1.810352884456513767e+00 7.293506148484740770e-01 2.953450392222617960e-01 1.257320804169855810e+00
5.147157190635451940e+01 0.000000000000000000e+00 1.820997871929623813e+00 7.269471210355032964e-01 2.970821271642108963e-01 1.214678444259689627e+00
5.177257525083612677e+01 0.000000000000000000e+00 1.831642859402733858e+00 7.241221361785625810e-01 2.988192151061599966e-01 1.174529340923093468e+00
5.207357859531772704e+01 0.000000000000000000e+00 1.842287846875844348e+00 7.208375678289598021e-01 3.005563030481090969e-01 1.136750112655049882e+00
5.237458193979933441e+01 0.000000000000000000e+00 1.852932834348954394e+00 7.170670141720550950e-01 3.022933909900581972e-01 1.101146157253733104e+00
5.267558528428094178e+01 0.000000000000000000e+00 1.863577821822064440e+00 7.127951780390771042e-01 3.040304789320072421e-01 1.067471610576448349e+00
5.297658862876254204e+01 0.000000000000000000e+00 1.874222809295174930e+00 7.080134548120664562e-01 3.057675668739563424e-01 1.035446717505031478e+00
5.327759197324414941e+01 0.000000000000000000e+00 1.884867796768284975e+00 7.027136322624978337e-01 3.075046548159054427e-01 1.004771532335382966e+00
5.357859531772575679e+01 0.000000000000000000e+00 1.895512784241395021e+00 6.968820381162600386e-01 3.092417427578545430e-01 9.751377522734839820e-01
5.387959866220736416e+01 0.000000000000000000e+00 1.906157771714505511e+00 6.904962962750665900e-01 3.109788306998035878e-01 9.462420079724022104e-01
5.418060200668896442e+01 0.000000000000000000e+00 1.916802759187615557e+00 6.835261594336314861e-01 3.127159186417526882e-01 9.178032566687904792e-01
5.448160535117057179e+01 0.000000000000000000e+00 1.927447746660725603e+00 6.759388371201165979e-01 3.144530065837017885e-01 8.895843872313711209e-01
5.478260869565217916e+01 0.000000000000000000e+00 1.938092734133835648e+00 6.677080714525339689e-01 3.161900945256508888e-01 8.614150379787790524e-01
5.508361204013378654e+01 0.000000000000000000e+00 1.948737721606946138e+00 6.588251931722166610e-01 3.179271824675999336e-01 8.332104791870367233e-01
5.538461538461538680e+01 0.000000000000000000e+00 1.959382709080056184e+00 6.493097561549019403e-01 3.196642704095490339e-01 8.049812341032573926e-01
5.568561872909699417e+01 0.000000000000000000e+00 1.970027696553166230e+00 6.392172583234622119e-01 3.214013583514981343e-01 7.768299622045840014e-01
5.598662207357860154e+01 0.000000000000000000e+00 1.980672684026276720e+00 6.286419485734644486e-01 3.231384462934472346e-01 7.489351886205880549e-01
5.628762541806020181e+01 0.000000000000000000e+00 1.991317671499386766e+00 6.177136924877064672e-01 3.248755342353962794e-01 7.215245231118386782e-01
5.658862876254180918e+01 0.000000000000000000e+00 2.001962658972497255e+00 6.065891009776682719e-01 3.266126221773453797e-01 6.948420510950645834e-01
5.688963210702341655e+01 0.000000000000000000e+00 2.012607646445607301e+00 5.954383201736680453e-01 3.283497101192944800e-01 6.691151572056660557e-01
5.719063545150502392e+01 0.000000000000000000e+00 2.023252633918717347e+00 5.844297468673195217e-01 3.300867980612435804e-01 6.445253451186981897e-01
5.749163879598662419e+01 0.000000000000000000e+00 2.033897621391827393e+00 5.737152663577695932e-01 3.318238860031926252e-01 6.211862222789668042e-01
5.779264214046823156e+01 0.000000000000000000e+00 2.044542608864937883e+00 5.634183492387992986e-01 3.335609739451417255e-01 5.991303476399483241e-01
5.809364548494983893e+01 0.000000000000000000e+00 2.055187596338047928e+00 5.536265932548219970e-01 3.352980618870908258e-01 5.783054947015814351e-01
5.839464882943143920e+01 0.000000000000000000e+00 2.065832583811157974e+00 5.443892855725005475e-01 3.370351498290399261e-01 5.585801416782375517e-01
5.869565217391304657e+01 0.000000000000000000e+00 2.076477571284268464e+00 5.357195705154514931e-01 3.387722377709890265e-01 5.397574953013969390e-01
5.899665551839465394e+01 0.000000000000000000e+00 2.087122558757378510e+00 5.276000804370939434e-01 3.405093257129380713e-01 5.215968258314412909e-01
5.929765886287626131e+01 0.000000000000000000e+00 2.097767546230488556e+00 5.199905559218309659e-01 3.422464136548871716e-01 5.038401607926508152e-01
5.959866220735786158e+01 0.000000000000000000e+00 2.108412533703599046e+00 5.128360412123061929e-01 3.439835015968362719e-01 4.862414695188599922e-01
5.989966555183946895e+01 0.000000000000000000e+00 2.119057521176709091e+00 5.060745711158434190e-01 3.457205895387853722e-01 4.685945999090644909e-01
6.020066889632107632e+01 0.000000000000000000e+00 2.129702508649819137e+00 4.996436898235433466e-01 3.474576774807344171e-01 4.507557735602255033e-01
6.050167224080267658e+01 0.000000000000000000e+00 2.140347496122929183e+00 4.934854989478689169e-01 3.491947654226835174e-01 4.326567718430535114e-01
6.080267558528428395e+01 0.000000000000000000e+00 2.150992483596039673e+00 4.875501328871746365e-01 3.509318533646326177e-01 4.143062468085462191e-01
6.110367892976589133e+01 0.000000000000000000e+00 2.161637471069149719e+00 4.817976099476042329e-01 3.526689413065817180e-01 3.957787597718859240e-01
6.140468227424749870e+01 0.000000000000000000e+00 2.172282458542259764e+00 4.761979898039189751e-01 3.544060292485307628e-01 3.771937505204449037e-01
6.170568561872909896e+01 0.000000000000000000e+00 2.182927446015370254e+00 4.707297935909218189e-01 3.561431171904798632e-01 3.586890026578159474e-01
6.200668896321070633e+01 0.000000000000000000e+00 2.193572433488480300e+00 4.653767964269025503e-01 3.578802051324289635e-01 3.403945947640746317e-01
6.230769230769231370e+01 0.000000000000000000e+00 2.204217420961590346e+00 4.601235963822969399e-01 3.596172930743780638e-01 3.224133147916111719e-01
6.260869565217392108e+01 0.000000000000000000e+00 2.214862408434700836e+00 4.549507269841368551e-01 3.613543810163271086e-01 3.048119544875984022e-01
6.290969899665552134e+01 0.000000000000000000e+00 2.225507395907810881e+00 4.498303787880489346e-01 3.630914689582762089e-01 2.876251281897272416e-01
6.321070234113712871e+01 0.000000000000000000e+00 2.236152383380920927e+00 4.447238858438682940e-01 3.648285569002253093e-01 2.708699793253834809e-01
6.351170568561873608e+01 0.000000000000000000e+00 2.246797370854030973e+00 4.395819221336038640e-01 3.665656448421744096e-01 2.545672212086134145e-01
6.381270903010033635e+01 0.000000000000000000e+00 2.257442358327141463e+00 4.343478441454965977e-01 3.683027327841234544e-01 2.387622015069700843e-01
6.411371237458195083e+01 0.000000000000000000e+00 2.268087345800251509e+00 4.289639174100147723e-01 3.700398207260725547e-01 2.235395764266631113e-01
6.441471571906355109e+01 0.000000000000000000e+00 2.278732333273361554e+00 4.233794607046996727e-01 3.717769086680216550e-01 2.090267850597223032e-01
6.471571906354515136e+01 0.000000000000000000e+00 2.289377320746472044e+00 4.175594292515161232e-01 3.735139966099707554e-01 1.953844169898055205e-01
6.501672240802676583e+01 0.000000000000000000e+00 2.300022308219582090e+00 4.114917819018306111e-01 3.752510845519198557e-01 1.827849951775922521e-01
6.531772575250836610e+01 0.000000000000000000e+00 2.310667295692692136e+00 4.051921815972536756e-01 3.769881724938689005e-01 1.713847218914190396e-01
6.561872909698996637e+01 0.000000000000000000e+00 2.321312283165802626e+00 3.987050992825131313e-01 3.787252604358180008e-01 1.612945345458572100e-01
6.591973244147158084e+01 0.000000000000000000e+00 2.331957270638912672e+00 3.921010855396449002e-01 3.804623483777671011e-01 1.525569232804746544e-01
6.622073578595318111e+01 0.000000000000000000e+00 2.342602258112022717e+00 3.854706704943156592e-01 3.821994363197162015e-01 1.451334133891954703e-01
6.652173913043478137e+01 0.000000000000000000e+00 2.353247245585132763e+00 3.789159037729686319e-01 3.839365242616652463e-01 1.389049483961564135e-01
6.682274247491639585e+01 0.000000000000000000e+00 2.363892233058243253e+00 3.725408614654112660e-01 3.856736122036143466e-01 1.336844628537893764e-01
6.712374581939799612e+01 0.000000000000000000e+00 2.374537220531353299e+00 3.664424986000923146e-01 3.874107001455634469e-01 1.292385471434098765e-01
6.742474916387959638e+01 0.000000000000000000e+00 2.385182208004463345e+00 3.607030376766495183e-01 3.891477880875125472e-01 1.253138252665107200e-01
6.772575250836121086e+01 0.000000000000000000e+00 2.395827195477573834e+00 3.553847140141297989e-01 3.908848760294615921e-01 1.216635865076545614e-01
6.802675585284281112e+01 0.000000000000000000e+00 2.406472182950683880e+00 3.505272239374363497e-01 3.926219639714106924e-01 1.180710250938264289e-01
6.832775919732442560e+01 0.000000000000000000e+00 2.417117170423793926e+00 3.461477295763720208e-01 3.943590519133597927e-01 1.143666493996959715e-01
6.862876254180602587e+01 0.000000000000000000e+00 2.427762157896904416e+00 3.422428545452594340e-01 3.960961398553088930e-01 1.104385909347924549e-01
6.892976588628762613e+01 0.000000000000000000e+00 2.438407145370014462e+00 3.387918382465138767e-01 3.978332277972579378e-01 1.062354734513512589e-01
6.923076923076924061e+01 0.000000000000000000e+00 2.449052132843124507e+00 3.357599546349863129e-01 3.995703157392070382e-01 1.017622292241072562e-01
6.953177257525084087e+01 0.000000000000000000e+00 2.459697120316234553e+00 3.331014493403524623e-01 4.013074036811561385e-01 9.706990760126095463e-02
6.983277591973244114e+01 0.000000000000000000e+00 2.470342107789345043e+00 3.307615595949643938e-01 4.030444916231052388e-01 9.224117673665384320e-02
7.013377926421405562e+01 0.000000000000000000e+00 2.480987095262455089e+00 3.286775655288849407e-01 4.047815795650542836e-01 8.737378367107653809e-02
7.043478260869565588e+01 0.000000000000000000e+00 2.491632082735565135e+00 3.267791758559223103e-01 4.065186675070033839e-01 8.256450854261550287e-02
7.073578595317725615e+01 0.000000000000000000e+00 2.502277070208675624e+00 3.249887902206794466e-01 4.082557554489524843e-01 7.789594592123366690e-02
7.103678929765887062e+01 0.000000000000000000e+00 2.512922057681785670e+00 3.232222593189778559e-01 4.099928433909015846e-01 7.342774553675382454e-02
7.133779264214047089e+01 0.000000000000000000e+00 2.523567045154895716e+00 3.213906820773441697e-01 4.117299313328506849e-01 6.919292120122082224e-02
7.163879598662208537e+01 0.000000000000000000e+00 2.534212032628006206e+00 3.194035689417090706e-01 4.134670192747997297e-01 6.519879661916187785e-02
7.193979933110368563e+01 0.000000000000000000e+00 2.544857020101116252e+00 3.171734073865129511e-01 4.152041072167488300e-01 6.143139964666027159e-02
7.224080267558528590e+01 0.000000000000000000e+00 2.555502007574226297e+00 3.146213359672812016e-01 4.169411951586979304e-01 5.786180924878814302e-02
7.254180602006690037e+01 0.000000000000000000e+00 2.566146995047336343e+00 3.116833115827334355e-01 4.186782831006470307e-01 5.445308440561959229e-02
7.284280936454850064e+01 0.000000000000000000e+00 2.576791982520446833e+00 3.083158927202847011e-01 4.204153710425960755e-01 5.116679722143026993e-02
7.314381270903010090e+01 0.000000000000000000e+00 2.587436969993556879e+00 3.045006223543277324e-01 4.221524589845451758e-01 4.796863592994662917e-02
7.344481605351171538e+01 0.000000000000000000e+00 2.598081957466666925e+00 3.002460432462140116e-01 4.238895469264942761e-01 4.483286311051157963e-02
7.374581939799331565e+01 0.000000000000000000e+00 2.608726944939777415e+00 2.955866584868511726e-01 4.256266348684433765e-01 4.174553768071103538e-02
7.404682274247491591e+01 0.000000000000000000e+00 2.619371932412887460e+00 2.905786505499047268e-01 4.273637228103924213e-01 3.870637178754519903e-02
7.434782608695653039e+01 0.000000000000000000e+00 2.630016919885997506e+00 2.852928094634689660e-01 4.291008107523415216e-01 3.572900459547922319e-02
7.464882943143813065e+01 0.000000000000000000e+00 2.640661907359107996e+00 2.798057468333741138e-01 4.308378986942906219e-01 3.283946110386097572e-02
7.494983277591973092e+01 0.000000000000000000e+00 2.651306894832218042e+00 2.741909135110426887e-01 4.325749866362397222e-01 3.007271468744037932e-02
7.525083612040134540e+01 0.000000000000000000e+00 2.661951882305328088e+00 2.685110529232768717e-01 4.343120745781887670e-01 2.746759837421253875e-02
7.555183946488294566e+01 0.000000000000000000e+00 2.672596869778438133e+00 2.628134531775317972e-01 4.360491625201378674e-01 2.506073305172668020e-02
7.585284280936456014e+01 0.000000000000000000e+00 2.683241857251548623e+00 2.571287638080831384e-01 4.377862504620869677e-01 2.288051375737795712e-02
7.615384615384616041e+01 0.000000000000000000e+00 2.693886844724658669e+00 2.514733690252359266e-01 4.395233384040360680e-01 2.094235602136641783e-02
7.645484949832776067e+01 0.000000000000000000e+00 2.704531832197768715e+00 2.458545579683478755e-01 4.412604263459851128e-01 1.924624364046430280e-02
7.675585284280937515e+01 0.000000000000000000e+00 2.715176819670879205e+00 2.402771870108095786e-01 4.429975142879342132e-01 1.777713513711616858e-02
7.705685618729097541e+01 0.000000000000000000e+00 2.725821807143989250e+00 2.347503028341683673e-01 4.447346022298833135e-01 1.650809855171053372e-02
7.735785953177257568e+01 0.000000000000000000e+00 2.736466794617099296e+00 2.292923058763917665e-01 4.464716901718324138e-01 1.540535992719422632e-02
7.765886287625419016e+01 0.000000000000000000e+00 2.747111782090209786e+00 2.239336139063540787e-01 4.482087781137815141e-01 1.443398926483763396e-02
7.795986622073579042e+01 0.000000000000000000e+00 2.757756769563319832e+00 2.187163152337307237e-01 4.499458660557305589e-01 1.356285832452888349e-02
7.826086956521739069e+01 0.000000000000000000e+00 2.768401757036429878e+00 2.136908517724767365e-01 4.516829539976796593e-01 1.276781079859516319e-02
7.856187290969900516e+01 0.000000000000000000e+00 2.779046744509540368e+00 2.089102405968149279e-01 4.534200419396287596e-01 1.203257725825802177e-02
7.886287625418060543e+01 0.000000000000000000e+00 2.789691731982650413e+00 2.044226678100262706e-01 4.551571298815778599e-01 1.134764459948071208e-02
7.916387959866221991e+01 0.000000000000000000e+00 2.800336719455760459e+00 2.002634512691318369e-01 4.568942178235269047e-01 1.070783530673984074e-02
7.946488294314382017e+01 0.000000000000000000e+00 2.810981706928870505e+00 1.964473804256947898e-01 4.586313057654760050e-01 1.010960629670722838e-02
7.976588628762542044e+01 0.000000000000000000e+00 2.821626694401980995e+00 1.929623313830681475e-01 4.603683937074251054e-01 9.548988022760485778e-03
8.006688963210703491e+01 0.000000000000000000e+00 2.832271681875091041e+00 1.897648607194327430e-01 4.621054816493742057e-01 9.020715716193374034e-03
8.036789297658863518e+01 0.000000000000000000e+00 2.842916669348201086e+00 1.867782436920219225e-01 4.638425695913232505e-01 8.518605662429857769e-03
8.066889632107023544e+01 0.000000000000000000e+00 2.853561656821311576e+00 1.838931824944693427e-01 4.655796575332723508e-01 8.036778946443650512e-03
8.096989966555184992e+01 0.000000000000000000e+00 2.864206644294421622e+00 1.809712050807928407e-01 4.673167454752214511e-01 7.571078773803632464e-03
8.127090301003345019e+01 0.000000000000000000e+00 2.874851631767531668e+00 1.778506288531217505e-01 4.690538334171705515e-01 7.120031172302276369e-03
8.157190635451505045e+01 0.000000000000000000e+00 2.885496619240642158e+00 1.743548786325989641e-01 4.707909213591195963e-01 6.684932738155671336e-03
8.187290969899666493e+01 0.000000000000000000e+00 2.896141606713752203e+00 1.703028999576676750e-01 4.725280093010686966e-01 6.269006298426305079e-03
8.217391304347826519e+01 0.000000000000000000e+00 2.906786594186862249e+00 1.655213481849525936e-01 4.742650972430177969e-01 5.875907320111916667e-03
8.247491638795986546e+01 0.000000000000000000e+00 2.917431581659972295e+00 1.598581036877202155e-01 4.760021851849668972e-01 5.508073419662249011e-03
8.277591973244147994e+01 0.000000000000000000e+00 2.928076569133082785e+00 1.531964227096536402e-01 4.777392731269159420e-01 5.165430866879403698e-03
8.307692307692308020e+01 0.000000000000000000e+00 2.938721556606192831e+00 1.454686855791816058e-01 4.794763610688650424e-01 4.844824018238767446e-03
8.337792642140469468e+01 0.000000000000000000e+00 2.949366544079302876e+00 1.366683158080215510e-01 4.812134490108141427e-01 4.540290906425677349e-03
8.367892976588629494e+01 0.000000000000000000e+00 2.960011531552413366e+00 1.268581430876782046e-01 4.829505369527632430e-01 4.244064657385613476e-03
8.397993311036789521e+01 0.000000000000000000e+00 2.970656519025523412e+00 1.161734295520122917e-01 4.846876248947123433e-01 3.948010794547092243e-03
8.428093645484950969e+01 0.000000000000000000e+00 2.981301506498633458e+00 1.048181082236082223e-01 4.864247128366613881e-01 3.645147522878636279e-03
8.458193979933110995e+01 0.000000000000000000e+00 2.991946493971743948e+00 9.305354699300176502e-02 4.881618007786104885e-01 3.330929664682809061e-03
8.488294314381271022e+01 0.000000000000000000e+00 3.002591481444853994e+00 8.118027293454160853e-02 4.898988887205595888e-01 3.004071052182859247e-03
8.518394648829432469e+01 0.000000000000000000e+00 3.013236468917964039e+00 6.951435807011741019e-02 4.916359766625086891e-01 2.666795307389736511e-03
8.548494983277592496e+01 0.000000000000000000e+00 3.023881456391074085e+00 5.836127818211359758e-02 4.933730646044577339e-01 2.324513534380204857e-03
8.578595317725752523e+01 0.000000000000000000e+00 3.034526443864184575e+00 4.799070838060963407e-02 4.951101525464068343e-01 1.985017304236237710e-03
8.608695652173913970e+01 0.000000000000000000e+00 3.045171431337294621e+00 3.861570702625352625e-02 4.968472404883559346e-01 1.657343147343423194e-03
8.638795986622073997e+01 0.000000000000000000e+00 3.055816418810404667e+00 3.037902791694867266e-02 4.985843284303050349e-01 1.350507797498805198e-03
8.668896321070235444e+01 0.000000000000000000e+00 3.066461406283515156e+00 2.334804358526884269e-02 5.003214163722541352e-01 1.072325766457436855e-03
8.698996655518395471e+01 0.000000000000000000e+00 3.077106393756625202e+00 1.751825971609914309e-02 5.020585043142031800e-01 8.284965995130599272e-04
8.729096989966555498e+01 0.000000000000000000e+00 3.087751381229735248e+00 1.282400543565231747e-02 5.037955922561522248e-01 6.220890084125813273e-04
8.759197324414716945e+01 0.000000000000000000e+00 3.098396368702845738e+00 9.153898648022287463e-03 5.055326801981013807e-01 4.534644119442305657e-04
8.789297658862876972e+01 0.000000000000000000e+00 3.109041356175955784e+00 6.368279399625487343e-03 5.072697681400504255e-01 3.205938386290724208e-04
8.819397993311036998e+01 0.000000000000000000e+00 3.119686343649065829e+00 4.315982808133380852e-03 5.090068560819995813e-01 2.196524323714247457e-04
8.849498327759198446e+01 0.000000000000000000e+00 3.130331331122175875e+00 2.848449485076451956e-03 5.107439440239486261e-01 1.457412889561169678e-04
8.879598662207358473e+01 0.000000000000000000e+00 3.140976318595286365e+00 1.830027220467647089e-03 5.124810319658976709e-01 9.359127106639096442e-05
8.909698996655518499e+01 0.000000000000000000e+00 3.151621306068396411e+00 1.144176459625869920e-03 5.142181199078468268e-01 5.813969891560179872e-05
8.939799331103679947e+01 0.000000000000000000e+00 3.162266293541506457e+00 6.959793948119859458e-04 5.159552078497958716e-01 3.492259904234727052e-05
8.969899665551839973e+01 0.000000000000000000e+00 3.172911281014616947e+00 4.117775230438060728e-04 5.176922957917449164e-01 2.027574643092350793e-05
9.000000000000000000e+01 0.000000000000000000e+00 3.183556268487726992e+00 2.369183047521664250e-04 5.194293837336940722e-01 1.137491635784451225e-05
