0.000000000000000000e+00 4.408254414436388324e-02 1.899602928940313795e-04 7.190406194609481050e-01 2.476271200515904602e-05 7.841084156991260379e+00
3.010033444816053727e-01 4.411614319660404904e-02 1.056106642911803541e-02 7.242446110882573285e-01 1.564212080391474231e-03 7.762463556798667952e+00
6.020066889632107454e-01 4.421567809797419951e-02 2.093217256534203943e-02 7.395514624437179441e-01 3.103661448777789416e-03 7.553514901532192738e+00
9.030100334448161181e-01 4.437893439154656089e-02 3.130327870156604519e-02 7.650875393838512117e-01 4.643110817164104384e-03 7.267489824196683657e+00
1.204013377926421491e+00 4.460528706742538513e-02 4.167438483779004749e-02 8.008923109908480109e-01 6.182560185550419786e-03 6.962979903904942702e+00
1.505016722408026864e+00 4.489533399246915801e-02 5.204549097401404978e-02 8.467263917146682362e-01 7.722009553936735188e-03 6.681900490495848999e+00
1.806020066889632236e+00 4.524683069230110710e-02 6.241659711023805901e-02 9.018859085900425843e-01 9.261458922323049722e-03 6.442144575898785419e+00
2.107023411371237387e+00 4.565052204284083398e-02 7.278770324646205436e-02 9.650533681540328645e-01 1.080090829070936599e-02 6.243104372491372622e+00
2.408026755852842982e+00 4.609020792267829597e-02 8.315880938268606359e-02 1.034207445853418283e+00 1.234035765909568053e-02 6.075748815040006079e+00
2.709030100334448576e+00 4.654763463903288656e-02 9.352991551891007282e-02 1.106627242854923532e+00 1.387980702748199506e-02 5.930701057847752367e+00
3.010033444816053727e+00 4.700841513205668981e-02 1.039010216551340682e-01 1.179039898274353737e+00 1.541925639586831133e-02 5.802277833858578759e+00
3.311036789297658878e+00 4.746432953469394145e-02 1.142721277913580774e-01 1.247939140643758549e+00 1.695870576425462933e-02 5.689236658078837827e+00
3.612040133779264472e+00 4.791053949015178920e-02 1.246432339275820866e-01 1.310035671883615915e+00 1.849815513264094213e-02 5.593630765514952863e+00
3.913043478260870067e+00 4.834038453188420348e-02 1.350143400638060820e-01 1.362723593430655855e+00 2.003760450102725493e-02 5.518922888176847508e+00
4.214046822742474774e+00 4.874205357946209682e-02 1.453854462000300773e-01 1.404418923139565178e+00 2.157705386941357467e-02 5.467970041077589549e+00
4.515050167224080369e+00 4.909952777830863674e-02 1.557565523362541005e-01 1.434675529279378692e+00 2.311650323779988747e-02 5.440986742075519800e+00
4.816053511705685963e+00 4.939660888940997086e-02 1.661276584724780958e-01 1.454078845681126442e+00 2.465595260618620027e-02 5.433778101465465582e+00
5.117056856187291558e+00 4.962051892146437243e-02 1.764987646087020912e-01 1.463991936169374508e+00 2.619540197457252001e-02 5.437417884263082257e+00
5.418060200668897153e+00 4.976220646838733219e-02 1.868698707449261143e-01 1.466239886838094364e+00 2.773485134295883281e-02 5.440708677472012589e+00
5.719063545150501859e+00 4.981341609092985317e-02 1.972409768811501096e-01 1.462784159495065017e+00 2.927430071134514561e-02 5.434987719685766550e+00
6.020066889632107454e+00 4.976334205243189424e-02 2.076120830173741050e-01 1.455410987975391146e+00 3.081375007973146535e-02 5.418344201831549967e+00
6.321070234113713049e+00 4.959812118769367506e-02 2.179831891535981281e-01 1.445469974963066617e+00 3.235319944811777815e-02 5.395905183455495191e+00
6.622073578595317755e+00 4.930420814163355425e-02 2.283542952898221234e-01 1.433731267091238104e+00 3.389264881650409789e-02 5.375621975557709931e+00
6.923076923076923350e+00 4.887353154376165854e-02 2.387254014260461188e-01 1.420429422428962196e+00 3.543209818489041069e-02 5.362709440856389342e+00
7.224080267558528945e+00 4.830675352283825275e-02 2.490965075622701419e-01 1.405496339460605926e+00 3.697154755327672349e-02 5.357072717816891760e+00
7.525083612040134540e+00 4.761233008921711418e-02 2.594676136984941373e-01 1.388881017741489865e+00 3.851099692166304322e-02 5.355446448542302562e+00
7.826086956521740134e+00 4.680233593455059710e-02 2.698387198347181326e-01 1.370786054791750308e+00 4.005044629004935602e-02 5.355894853797182442e+00
8.127090301003345729e+00 4.588837400306317038e-02 2.802098259709421280e-01 1.351684786782637593e+00 4.158989565843566882e-02 5.360503478846805336e+00
8.428093645484949548e+00 4.488039996949858695e-02 2.905809321071661233e-01 1.332112566740309312e+00 4.312934502682198856e-02 5.374035638912095791e+00
8.729096989966555142e+00 4.378876807615326300e-02 3.009520382433901742e-01 1.312367624513245623e+00 4.466879439520830136e-02 5.399975349219521270e+00
9.030100334448160737e+00 4.262768977578810375e-02 3.113231443796141695e-01 1.292312666739167115e+00 4.620824376359461416e-02 5.437403728780023648e+00
9.331103678929766332e+00 4.141792173007246419e-02 3.216942505158381649e-01 1.271401084748180921e+00 4.774769313198093390e-02 5.481139555469180635e+00
9.632107023411371927e+00 4.018718951449450072e-02 3.320653566520621602e-01 1.248912284115252236e+00 4.928714250036724670e-02 5.524860358008279348e+00
9.933110367892977521e+00 3.896756925998221682e-02 3.424364627882861556e-01 1.224264083832696803e+00 5.082659186875355950e-02 5.564869981691206391e+00
1.023411371237458312e+01 3.778982966589126968e-02 3.528075689245101509e-01 1.197244158531161506e+00 5.236604123713987924e-02 5.602047249236264292e+00
1.053511705685618871e+01 3.667606374098485861e-02 3.631786750607341463e-01 1.168067190897842611e+00 5.390549060552619204e-02 5.640881930843336889e+00
1.083612040133779431e+01 3.563342964104140864e-02 3.735497811969581972e-01 1.137264967005115146e+00 5.544493997391250484e-02 5.686259510706755727e+00
1.113712374581939812e+01 3.465226767220899728e-02 3.839208873331821925e-01 1.105489722244506590e+00 5.698438934229882458e-02 5.739952736246658915e+00
1.143812709030100372e+01 3.371045533497166874e-02 3.942919934694061879e-01 1.073326041320533664e+00 5.852383871068513738e-02 5.799091403357757635e+00
1.173913043478260931e+01 3.278302288680514515e-02 4.046630996056301832e-01 1.041175359817764212e+00 6.006328807907145018e-02 5.857817386045865327e+00
1.204013377926421491e+01 3.185320262201961350e-02 4.150342057418541786e-01 1.009232406287779105e+00 6.160273744745776991e-02 5.911119532886397465e+00
1.234113712374582050e+01 3.091986998655972194e-02 4.254053118780781739e-01 9.775393116917737713e-01 6.314218681584408965e-02 5.957971253200898154e+00
1.264214046822742610e+01 2.999776630814320055e-02 4.357764180143022248e-01 9.460848459530146748e-01 6.468163618423039551e-02 6.001334900243224801e+00
1.294314381270903169e+01 2.911058278860921208e-02 4.461475241505262201e-01 9.149073671460279389e-01 6.622108555261671525e-02 6.045444735936620795e+00
1.324414715719063551e+01 2.828090980011195577e-02 4.565186302867502155e-01 8.841596647323172187e-01 6.776053492100303499e-02 6.093200617401492103e+00
1.354515050167224111e+01 2.752257389872567878e-02 4.668897364229742108e-01 8.541077641520162800e-01 6.929998428938934085e-02 6.145716199922247824e+00
1.384615384615384670e+01 2.683877992843053048e-02 4.772608425591982062e-01 8.250649590832936919e-01 7.083943365777566059e-02 6.203202716624063306e+00
1.414715719063545230e+01 2.622528738316602659e-02 4.876319486954222016e-01 7.972947726708052851e-01 7.237888302616198033e-02 6.265218217409596946e+00
1.444816053511705789e+01 2.567484057948303533e-02 4.980030548316462524e-01 7.709333775419242585e-01 7.391833239454828619e-02 6.330059942557093144e+00
1.474916387959866348e+01 2.517940559603546596e-02 5.083741609678702478e-01 7.459721174456388493e-01 7.545778176293460593e-02 6.394856578889783982e+00
1.505016722408026908e+01 2.472962463950405948e-02 5.187452671040941876e-01 7.223090474140040351e-01 7.699723113132092567e-02 6.457197679439949489e+00
1.535117056856187467e+01 2.431348346543153738e-02 5.291163732403181275e-01 6.998420596333992938e-01 7.853668049970723153e-02 6.517070029881565141e+00
1.565217391304348027e+01 2.391648209894787699e-02 5.394874793765422893e-01 6.785545550558899075e-01 8.007612986809355127e-02 6.577138272422926590e+00
1.595317725752508409e+01 2.352394707020958459e-02 5.498585855127662292e-01 6.585493113639728779e-01 8.161557923647987101e-02 6.640745513963850044e+00
1.625418060200669146e+01 2.312432594355287238e-02 5.602296916489901690e-01 6.400146336357461774e-01 8.315502860486617687e-02 6.709035183511259604e+00
1.655518394648829528e+01 2.271171576477837642e-02 5.706007977852143309e-01 6.231427645945023519e-01 8.469447797325249661e-02 6.779544990837831797e+00
1.685618729096989910e+01 2.228654713294296597e-02 5.809719039214382708e-01 6.080429859896524514e-01 8.623392734163881634e-02 6.847478544115820576e+00
1.715719063545150647e+01 2.185451655359619411e-02 5.913430100576622106e-01 5.946890383244993750e-01 8.777337671002512220e-02 6.908346144220055329e+00
1.745819397993311028e+01 2.142471985543725060e-02 6.017141161938863725e-01 5.829175899666790839e-01 8.931282607841144194e-02 6.959450404886803554e+00
1.775919732441471766e+01 2.100797511530716477e-02 6.120852223301103123e-01 5.724687764495542952e-01 9.085227544679776168e-02 6.999455744835442417e+00
1.806020066889632147e+01 2.061552687305603926e-02 6.224563284663342522e-01 5.630467856291643258e-01 9.239172481518406754e-02 7.027699565533804815e+00
1.836120401337792885e+01 2.025739598016382953e-02 6.328274346025581920e-01 5.543805630684477403e-01 9.393117418357038728e-02 7.044492644043686802e+00
1.866220735785953266e+01 1.993965040670358374e-02 6.431985407387823539e-01 5.462724187130163500e-01 9.547062355195670702e-02 7.051317874724631451e+00
1.896321070234114003e+01 1.966116458231894140e-02 6.535696468750062937e-01 5.386258348488860426e-01 9.701007292034301288e-02 7.049666383260242419e+00
1.926421404682274385e+01 1.941188506964561938e-02 6.639407530112302336e-01 5.314435466148280662e-01 9.854952228872933262e-02 7.039762272276961497e+00
1.956521739130434767e+01 1.917454851742477276e-02 6.743118591474543955e-01 5.247914780931031142e-01 1.000889716571156524e-01 7.021431936742906998e+00
1.986622073578595504e+01 1.892985758173607036e-02 6.846829652836783353e-01 5.187374711296923735e-01 1.016284210255019582e-01 6.996682169879308688e+00
2.016722408026755886e+01 1.866285436302020373e-02 6.950540714199022752e-01 5.132882482460484619e-01 1.031678703938882780e-01 6.970706651093956374e+00
2.046822742474916623e+01 1.836745237055105451e-02 7.054251775561262150e-01 5.083517048511105862e-01 1.047073197622745977e-01 6.949209123063505800e+00
2.076923076923077005e+01 1.804713628840152323e-02 7.157962836923503769e-01 5.037412867974387920e-01 1.062467691306609036e-01 6.933928992616892550e+00
2.107023411371237742e+01 1.771175924863207726e-02 7.261673898285743167e-01 4.992226186516176556e-01 1.077862184990472233e-01 6.920331956268559459e+00
2.137123745819398124e+01 1.737219708237925514e-02 7.365384959647982566e-01 4.945879176022986989e-01 1.093256678674335430e-01 6.899504883285818124e+00
2.167224080267558861e+01 1.703574659340937117e-02 7.469096021010224185e-01 4.897327244567066251e-01 1.108651172358198489e-01 6.862822995596826736e+00
2.197324414715719243e+01 1.670486153751726821e-02 7.572807082372463583e-01 4.847029067195199881e-01 1.124045666042061686e-01 6.806174891542893235e+00
2.227424749163879625e+01 1.637969347729321609e-02 7.676518143734702981e-01 4.796846285491668249e-01 1.139440159725924884e-01 6.731249991581452541e+00
2.257525083612040362e+01 1.606202620143887261e-02 7.780229205096942380e-01 4.749327215889919684e-01 1.154834653409787942e-01 6.643537477699055671e+00
2.287625418060200744e+01 1.575694126464731795e-02 7.883940266459183999e-01 4.706664238830974845e-01 1.170229147093651140e-01 6.548818881147459692e+00
2.317725752508361481e+01 1.547037311942949141e-02 7.987651327821423397e-01 4.669835165105409303e-01 1.185623640777514337e-01 6.450684361818687762e+00
2.347826086956521863e+01 1.520428429746790468e-02 8.091362389183662795e-01 4.638348779066857053e-01 1.201018134461377396e-01 6.350325659607792161e+00
2.377926421404682600e+01 1.495340283829228734e-02 8.195073450545904414e-01 4.610641363795750514e-01 1.216412628145240593e-01 6.247736930277158152e+00
2.408026755852842982e+01 1.470633426902208732e-02 8.298784511908143813e-01 4.584774597363191484e-01 1.231807121829103790e-01 6.142655672568652747e+00
2.438127090301003363e+01 1.445038817023171739e-02 8.402495573270383211e-01 4.558957013030823791e-01 1.247201615512966849e-01 6.034664547955348901e+00
2.468227424749164101e+01 1.417667161432343767e-02 8.506206634632622610e-01 4.531632487601738313e-01 1.262596109196830185e-01 5.923120850242827196e+00
2.498327759197324482e+01 1.388221042812327714e-02 8.609917695994864228e-01 4.501252661143701483e-01 1.277990602880693105e-01 5.807415115872271549e+00
2.528428093645485220e+01 1.356863773051268131e-02 8.713628757357103627e-01 4.466073086235597955e-01 1.293385096564556302e-01 5.687151305623436848e+00
2.558528428093645601e+01 1.323967712450934558e-02 8.817339818719343025e-01 4.424240091147377263e-01 1.308779590248419500e-01 5.561829667242423447e+00
2.588628762541806339e+01 1.289991151693833243e-02 8.921050880081584644e-01 4.374181909137865865e-01 1.324174083932282697e-01 5.430518191605325562e+00
2.618729096989966720e+01 1.255530596702136847e-02 9.024761941443824043e-01 4.315111770701630101e-01 1.339568577616145895e-01 5.292234388023847380e+00
2.648829431438127102e+01 1.221388642547719533e-02 9.128473002806063441e-01 4.247413704263552359e-01 1.354963071300009092e-01 5.146770417581362445e+00
2.678929765886287839e+01 1.188483307875791428e-02 9.232184064168302839e-01 4.172766838382842569e-01 1.370357564983872012e-01 4.994975898747510357e+00
2.709030100334448221e+01 1.157587509941741116e-02 9.335895125530544458e-01 4.093967640006234698e-01 1.385752058667735209e-01 4.838216100619632698e+00
2.739130434782608958e+01 1.129047949831946812e-02 9.439606186892783857e-01 4.014481947538509621e-01 1.401146552351598407e-01 4.677781164622327736e+00
2.769230769230769340e+01 1.102648481013204611e-02 9.543317248255023255e-01 3.937804052358260809e-01 1.416541046035461604e-01 4.514879142696957004e+00
2.799331103678930077e+01 1.077675502295999226e-02 9.647028309617264874e-01 3.866730420621121156e-01 1.431935539719324801e-01 4.350819818458425026e+00
2.829431438127090459e+01 1.053135912139262047e-02 9.750739370979504272e-01 3.802680453315899212e-01 1.447330033403187999e-01 4.186649734960131930e+00
2.859531772575251196e+01 1.028050192518975212e-02 9.854450432341743671e-01 3.745226275476986055e-01 1.462724527087050919e-01 4.022380031397873701e+00
2.889632107023411578e+01 1.001764372238881165e-02 9.958161493703985290e-01 3.692011564941367618e-01 1.478119020770914116e-01 3.856884325384342560e+00
2.919732441471571960e+01 9.742219675170851398e-03 1.006187255506622469e+00 3.639187387598327716e-01 1.493513514454777313e-01 3.689119209459778670e+00
2.949832775919732697e+01 9.460932696910851966e-03 1.016558361642846409e+00 3.582328658801953170e-01 1.508908008138640511e-01 3.519771512533014235e+00
2.979933110367893079e+01 9.186410516483901542e-03 1.026929467779070571e+00 3.517575919415840136e-01 1.524302501822503708e-01 3.351616038485205173e+00
3.010033444816053816e+01 8.932902106270340994e-03 1.037300573915294510e+00 3.442619422050060551e-01 1.539696995506366906e-01 3.187963603594921480e+00
3.040133779264214198e+01 8.710532654024511628e-03 1.047671680051518450e+00 3.357211600623566383e-01 1.555091489190229825e-01 3.030480380421915587e+00
3.070234113712374935e+01 8.521075001870678442e-03 1.058042786187742390e+00 3.263114784260053303e-01 1.570485982874093023e-01 2.878284325057872906e+00
3.100334448160535317e+01 8.357694109095367002e-03 1.068413892323966552e+00 3.163607299224795999e-01 1.585880476557956220e-01 2.729001910301763534e+00
3.130434782608696054e+01 8.208646788812402548e-03 1.078784998460190492e+00 3.062763524328735443e-01 1.601274970241819418e-01 2.580794854340750621e+00
3.160535117056856436e+01 8.062328678064292764e-03 1.089156104596414432e+00 2.964699492101032785e-01 1.616669463925682615e-01 2.433836873020463365e+00
3.190635451505016817e+01 7.910497960721629696e-03 1.099527210732638594e+00 2.872916153382310545e-01 1.632063957609545812e-01 2.290480177428102504e+00
3.220735785953177555e+01 7.748373084452840794e-03 1.109898316868862533e+00 2.789826293933277412e-01 1.647458451293408732e-01 2.154317333556823311e+00
3.250836120401338292e+01 7.572910995160343425e-03 1.120269423005086473e+00 2.716509878972937497e-01 1.662852944977271930e-01 2.028703998150268362e+00
3.280936454849498318e+01 7.381734929617475051e-03 1.130640529141310635e+00 2.652696861509019621e-01 1.678247438661135127e-01 1.915287172867348175e+00
3.311036789297659055e+01 7.174092373604790303e-03 1.141011635277534575e+00 2.596947924927925366e-01 1.693641932344998324e-01 1.813153156796423415e+00
3.341137123745819792e+01 6.952995408595076185e-03 1.151382741413758515e+00 2.547006571829639743e-01 1.709036426028861522e-01 1.719171655698668033e+00
3.371237458193979819e+01 6.726295517878811206e-03 1.161753847549982455e+00 2.500299899296036243e-01 1.724430919712724719e-01 1.629512291331847162e+00
3.401337792642140556e+01 6.505055955469352114e-03 1.172124953686206617e+00 2.454527706433793366e-01 1.739825413396587639e-01 1.541431185305656593e+00
3.431438127090301293e+01 6.299677281317484119e-03 1.182496059822430556e+00 2.408207724201565092e-01 1.755219907080450836e-01 1.454191065781623937e+00
3.461538461538462030e+01 6.116049723795168903e-03 1.192867165958654496e+00 2.360999841358263074e-01 1.770614400764314034e-01 1.368749003476941173e+00
3.491638795986622057e+01 5.954061257691486281e-03 1.203238272094878658e+00 2.313667823934778822e-01 1.786008894448177231e-01 1.286817228207704389e+00
3.521739130434782794e+01 5.809102774211318335e-03 1.213609378231102598e+00 2.267651901466644082e-01 1.801403388132040428e-01 1.210046328036449514e+00
3.551839464882943531e+01 5.675221333825894270e-03 1.223980484367326538e+00 2.224376062944722343e-01 1.816797881815903626e-01 1.139459491056289187e+00
3.581939799331104268e+01 5.547821479344978296e-03 1.234351590503550478e+00 2.184544921337698009e-01 1.832192375499766546e-01 1.074924111880555699e+00
3.612040133779264295e+01 5.424639191437140642e-03 1.244722696639774639e+00 2.147733996277815249e-01 1.847586869183629743e-01 1.014872715966058214e+00
3.642140468227425032e+01 5.305152928430339164e-03 1.255093802775998579e+00 2.112482277485002724e-01 1.862981362867492940e-01 9.568262004783554264e-01
3.672240802675585769e+01 5.189471891874022740e-03 1.265464908912222519e+00 2.076855318225312164e-01 1.878375856551356138e-01 8.986854263112672436e-01
3.702341137123745796e+01 5.077666705589699292e-03 1.275836015048446681e+00 2.039180870428671244e-01 1.893770350235219335e-01 8.398971834155193328e-01
3.732441471571906533e+01 4.969874985740881275e-03 1.286207121184670621e+00 1.998559281587939940e-01 1.909164843919082533e-01 7.816711585845964594e-01
3.762541806020067270e+01 4.866842364201077846e-03 1.296578227320894561e+00 1.954916522719543637e-01 1.924559337602945452e-01 7.262831713786150889e-01
3.792642140468228007e+01 4.770163778241677706e-03 1.306949333457118501e+00 1.908686425574201706e-01 1.939953831286808650e-01 6.760352450092271814e-01
3.822742474916388034e+01 4.681602197394121867e-03 1.317320439593342662e+00 1.860435668329475378e-01 1.955348324970671847e-01 6.323586470619467770e-01
3.852842809364548771e+01 4.601567193166212176e-03 1.327691545729566602e+00 1.810717286116994285e-01 1.970742818654535045e-01 5.953843178343953824e-01
3.882943143812709508e+01 4.527727727803806425e-03 1.338062651865790542e+00 1.760206897495020795e-01 1.986137312338398242e-01 5.641664567853307277e-01
3.913043478260869534e+01 4.454993259157842729e-03 1.348433758002014704e+00 1.709935083359976626e-01 2.001531806022261439e-01 5.373482925379413633e-01
3.943143812709030271e+01 4.377272940815871149e-03 1.358804864138238644e+00 1.661346059622322013e-01 2.016926299706124637e-01 5.136930959922164641e-01
3.973244147157191009e+01 4.290078913537927717e-03 1.369175970274462584e+00 1.616024249646452748e-01 2.032320793389987557e-01 4.921114516564369934e-01
4.003344481605351746e+01 4.192355147315906042e-03 1.379547076410686524e+00 1.575159637214078867e-01 2.047715287073850754e-01 4.714037619784477440e-01
4.033444816053511772e+01 4.086521352299980932e-03 1.389918182546910685e+00 1.539035830695326679e-01 2.063109780757713951e-01 4.502135698910658679e-01
4.063545150501672509e+01 3.977050173919145781e-03 1.400289288683134625e+00 1.506882417813419917e-01 2.078504274441577149e-01 4.274330392312347127e-01
4.093645484949833246e+01 3.868748364804623554e-03 1.410660394819358565e+00 1.477261700723963012e-01 2.093898768125440346e-01 4.028526206039590440e-01
4.123745819397993273e+01 3.765660659475780075e-03 1.421031500955582727e+00 1.448830930504649006e-01 2.109293261809303544e-01 3.775375215448746324e-01
4.153846153846154010e+01 3.670641967570368105e-03 1.431402607091806667e+00 1.421048563829815647e-01 2.124687755493166463e-01 3.534483525190491027e-01
4.183946488294314747e+01 3.585125731750101689e-03 1.441773713228030607e+00 1.394389549233442382e-01 2.140082249177029661e-01 3.323258588274600744e-01
4.214046822742475484e+01 3.508875886066038959e-03 1.452144819364254547e+00 1.369928515858844786e-01 2.155476742860892858e-01 3.145579298510493005e-01
4.244147157190635511e+01 3.440054255832286894e-03 1.462515925500478708e+00 1.348542298772614778e-01 2.170871236544756055e-01 2.989323084580109979e-01
4.274247491638796248e+01 3.375996288170068135e-03 1.472887031636702648e+00 1.330203930400421231e-01 2.186265730228619253e-01 2.834928520916993322e-01
4.304347826086956985e+01 3.314503214559071792e-03 1.483258137772926588e+00 1.313758335962402213e-01 2.201660223912482450e-01 2.667879359812750928e-01
4.334448160535117722e+01 3.254838073947081446e-03 1.493629243909150750e+00 1.297273236589673862e-01 2.217054717596345370e-01 2.485886406872471199e-01
4.364548494983277749e+01 3.197662062277650472e-03 1.504000350045374690e+00 1.278752950098775987e-01 2.232449211280208567e-01 2.297721218017115818e-01
4.394648829431438486e+01 3.143922208752578974e-03 1.514371456181598630e+00 1.256851641196417568e-01 2.247843704964071765e-01 2.117244950834443196e-01
4.424749163879599223e+01 3.093556016460129610e-03 1.524742562317822570e+00 1.231267161613344291e-01 2.263238198647934962e-01 1.957233443396101669e-01
4.454849498327759250e+01 3.045073464129000561e-03 1.535113668454046731e+00 1.202679893577227599e-01 2.278632692331798160e-01 1.825101533643144758e-01
4.484949832775919987e+01 2.996411961315989091e-03 1.545484774590270671e+00 1.172326213939345330e-01 2.294027186015661357e-01 1.721007313764792435e-01
4.515050167224080724e+01 2.946435200481493238e-03 1.555855880726494611e+00 1.141461841411868794e-01 2.309421679699524277e-01 1.638668056026683917e-01
4.545150501672241461e+01 2.895884493521200947e-03 1.566226986862718773e+00 1.110995466069347321e-01 2.324816173383387474e-01 1.568541649387446835e-01
4.575250836120401488e+01 2.846986708535809586e-03 1.576598092998942713e+00 1.081440307178679339e-01 2.340210667067250672e-01 1.501571149079143908e-01
4.605351170568562225e+01 2.801986620386814203e-03 1.586969199135166653e+00 1.053118755088217201e-01 2.355605160751113869e-01 1.431412649445213403e-01
4.635451505016722962e+01 2.761708349996776224e-03 1.597340305271390815e+00 1.026401400865488422e-01 2.370999654434977066e-01 1.354803717026271670e-01
4.665551839464882988e+01 2.725147709329780489e-03 1.607711411407614754e+00 1.001767483193562874e-01 2.386394148118840264e-01 1.271475408093808157e-01
4.695652173913043725e+01 2.690209321141511217e-03 1.618082517543838694e+00 9.796248167656350370e-02 2.401788641802703184e-01 1.184583934295814073e-01
4.725752508361204463e+01 2.654884516246942047e-03 1.628453623680062634e+00 9.600085915067244069e-02 2.417183135486566381e-01 1.100792884235436975e-01
4.755852842809365200e+01 2.618086453332745846e-03 1.638824729816286796e+00 9.423652853502929860e-02 2.432577629170429578e-01 1.028438496500187066e-01
4.785953177257525226e+01 2.579873130360201688e-03 1.649195835952510736e+00 9.255732868150337578e-02 2.447972122854292776e-01 9.736504897678219250e-02
4.816053511705685963e+01 2.541252503371181897e-03 1.659566942088734676e+00 9.082073651682599780e-02 2.463366616538155973e-01 9.364755952404509032e-02
4.846153846153846700e+01 2.503815415511576482e-03 1.669938048224958838e+00 8.889222664531272466e-02 2.478761110222019171e-01 9.099230439645346336e-02
4.876254180602006727e+01 2.469285695003751047e-03 1.680309154361182777e+00 8.667899080009511259e-02 2.494155603905882090e-01 8.833119673439607245e-02
4.906354515050167464e+01 2.439048630416617864e-03 1.690680260497406717e+00 8.414807668618116965e-02 2.509550097589745010e-01 8.480704997908347642e-02
4.936454849498328201e+01 2.413825504471332414e-03 1.701051366633630657e+00 8.132755575580921659e-02 2.524944591273608485e-01 8.019142967108855435e-02
4.966555183946488938e+01 2.393656351010944785e-03 1.711422472769854819e+00 7.829608258487753825e-02 2.540339084957471405e-01 7.485893882279680278e-02
4.996655518394648965e+01 2.378127287566893320e-03 1.721793578906078759e+00 7.516730824800574307e-02 2.555733578641334325e-01 6.941324857636821388e-02
5.026755852842809702e+01 2.366529281147121237e-03 1.732164685042302699e+00 7.207271305952422935e-02 2.571128072325197800e-01 6.430564829632884338e-02
5.056856187290970439e+01 2.357657611015873730e-03 1.742535791178526861e+00 6.914309656735524723e-02 2.586522566009060720e-01 5.969074440836747569e-02
5.086956521739130466e+01 2.349331878871325184e-03 1.752906897314750800e+00 6.648807461526624885e-02 2.601917059692924195e-01 5.550990040419965382e-02
5.117056856187291203e+01 2.338152303771465039e-03 1.763278003450974740e+00 6.417531511313434578e-02 2.617311553376787114e-01 5.165453690841869533e-02
5.147157190635451940e+01 2.320054041735521936e-03 1.773649109587198680e+00 6.221515617343929827e-02 2.632706047060650034e-01 4.808398875764989533e-02
5.177257525083612677e+01 2.291691349665645611e-03 1.784020215723422842e+00 6.055814207991055964e-02 2.648100540744513509e-01 4.484981880803662335e-02
5.207357859531772704e+01 2.251956993704552074e-03 1.794391321859646782e+00 5.911016235791860529e-02 2.663495034428376429e-01 4.204605551187303586e-02
5.237458193979933441e+01 2.202685782787898103e-03 1.804762427995870722e+00 5.776297049560277785e-02 2.678889528112239904e-01 3.974439586383880091e-02
5.267558528428094178e+01 2.148080627140211852e-03 1.815133534132094884e+00 5.643058934944079896e-02 2.694284021796102824e-01 3.796164911665760033e-02
5.297658862876254204e+01 2.093206174188512372e-03 1.825504640268318823e+00 5.507825792460481484e-02 2.709678515479966299e-01 3.665698318588749005e-02
5.327759197324414941e+01 2.042340787775758816e-03 1.835875746404542763e+00 5.373194757275916167e-02 2.725073009163829219e-01 3.573152069897077288e-02
5.357859531772575679e+01 1.997830364211809935e-03 1.846246852540766703e+00 5.246313249513882837e-02 2.740467502847692138e-01 3.503086363115793384e-02
5.387959866220736416e+01 1.959690243441503544e-03 1.856617958676990865e+00 5.135398126876793840e-02 2.755861996531555613e-01 3.438077258038947648e-02
5.418060200668896442e+01 1.925961090764546609e-03 1.866989064813214805e+00 5.045842007976495541e-02 2.771256490215418533e-01 3.365787631583815748e-02
5.448160535117057179e+01 1.893742793732278379e-03 1.877360170949438745e+00 4.977834339401530916e-02 2.786650983899282008e-01 3.283560935723991991e-02
5.478260869565217916e+01 1.860635441455152405e-03 1.887731277085662907e+00 4.926724092785838421e-02 2.802045477583144928e-01 3.194433509616198541e-02
5.508361204013378654e+01 1.825970449865199022e-03 1.898102383221886846e+00 4.885815551793731837e-02 2.817439971267007848e-01 3.097741561720721709e-02
5.538461538461538680e+01 1.791092748132696406e-03 1.908473489358110786e+00 4.849846424241521098e-02 2.832834464950871323e-01 2.985454477661986586e-02
5.568561872909699417e+01 1.758406516566582813e-03 1.918844595494334726e+00 4.817013140560374301e-02 2.848228958634734242e-01 2.849670043541268835e-02
5.598662207357860154e+01 1.729722054427591284e-03 1.929215701630558888e+00 4.788350834459780686e-02 2.863623452318597717e-01 2.692737010596672406e-02
5.628762541806020181e+01 1.704973784997195971e-03 1.939586807766782828e+00 4.764933944332540305e-02 2.879017946002460637e-01 2.527536594838032322e-02
5.658862876254180918e+01 1.682136865835469168e-03 1.949957913903006768e+00 4.744702977482425504e-02 2.894412439686324112e-01 2.367125644826556519e-02
5.688963210702341655e+01 1.658335432862573407e-03 1.960329020039230929e+00 4.720963033901011408e-02 2.909806933370187032e-01 2.215027119456494317e-02
5.719063545150502392e+01 1.631367450032402506e-03 1.970700126175454869e+00 4.683646812766253942e-02 2.925201427054049952e-01 2.065683430808582313e-02
5.749163879598662419e+01 1.600708592239482881e-03 1.981071232311678809e+00 4.622878296875565507e-02 2.940595920737913427e-01 1.913443990311184534e-02
5.779264214046823156e+01 1.567526033820091985e-03 1.991442338447902971e+00 4.533107365832019647e-02 2.955990414421776347e-01 1.761490226415352717e-02
5.809364548494983893e+01 1.533918412163897630e-03 2.001813444584126689e+00 4.415784650472748957e-02 2.971384908105639822e-01 1.623874359849066321e-02
5.839464882943143920e+01 1.502009672289301382e-03 2.012184550720350629e+00 4.279299311498330899e-02 2.986779401789502741e-01 1.519018288376551909e-02
5.869565217391304657e+01 1.473434153272290071e-03 2.022555656856574569e+00 4.136231746614438265e-02 3.002173895473366216e-01 1.457657886806370748e-02
5.899665551839465394e+01 1.449310265484668849e-03 2.032926762992798508e+00 3.999180130626040636e-02 3.017568389157229136e-01 1.432757291075548861e-02
5.929765886287626131e+01 1.430393072676936590e-03 2.043297869129022448e+00 3.876969554359102621e-02 3.032962882841092056e-01 1.420645233464306982e-02
5.959866220735786158e+01 1.417032728091480696e-03 2.053668975265246832e+00 3.772756601440107466e-02 3.048357376524955531e-01 1.395592543996014394e-02
5.989966555183946895e+01 1.408852801102303352e-03 2.064040081401470772e+00 3.684562490781530947e-02 3.063751870208818451e-01 1.347113204569675565e-02
6.020066889632107632e+01 1.404420688088496095e-03 2.074411187537694712e+00 3.607570948955033524e-02 3.079146363892681926e-01 1.284764755137778741e-02
6.050167224080267658e+01 1.401292809909946780e-03 2.084782293673918652e+00 3.536749558369661761e-02 3.094540857576544846e-01 1.226871255047147329e-02
6.080267558528428395e+01 1.396587489725319457e-03 2.095153399810142592e+00 3.468464319857115369e-02 3.109935351260407765e-01 1.185067795417092500e-02
6.110367892976589133e+01 1.387861604903325996e-03 2.105524505946366531e+00 3.400663193104021959e-02 3.125329844944271240e-01 1.158336208120770532e-02
6.140468227424749870e+01 1.373838032860652623e-03 2.115895612082590471e+00 3.332220565721558114e-02 3.140724338628134160e-01 1.138234760766631062e-02
6.170568561872909896e+01 1.354603939344712921e-03 2.126266718218814855e+00 3.262406457660212145e-02 3.156118832311997635e-01 1.116680142821692076e-02
6.200668896321070633e+01 1.331207891572998639e-03 2.136637824355038795e+00 3.190994516376976370e-02 3.171513325995860555e-01 1.088920809580760582e-02
6.230769230769231370e+01 1.304930988472714857e-03 2.147008930491262735e+00 3.118768165983474769e-02 3.186907819679724030e-01 1.052174387174727686e-02
6.260869565217392108e+01 1.276692501622907552e-03 2.157380036627486675e+00 3.047801061980691742e-02 3.202302313363586950e-01 1.004295338003017776e-02
6.290969899665552134e+01 1.246953146397871554e-03 2.167751142763710615e+00 2.981103863721564981e-02 3.217696807047449870e-01 9.440224551192821084e-03
6.321070234113712871e+01 1.216137588303362570e-03 2.178122248899934554e+00 2.921737867550592074e-02 3.233091300731313344e-01 8.710945971644266234e-03
6.351170568561873608e+01 1.185228078546091699e-03 2.188493355036158494e+00 2.871859058272831916e-02 3.248485794415176264e-01 7.858144053697779796e-03
6.381270903010033635e+01 1.156040769171913334e-03 2.198864461172382878e+00 2.832179767768304088e-02 3.263880288099039739e-01 6.900718141929252335e-03
6.411371237458195083e+01 1.130882320165247767e-03 2.209235567308606818e+00 2.802092833602349772e-02 3.279274781782902659e-01 5.901280175040239315e-03
6.441471571906355109e+01 1.111668944733024784e-03 2.219606673444830758e+00 2.780354615794417353e-02 3.294669275466765579e-01 4.977336045099011071e-03
6.471571906354515136e+01 1.098934652513075885e-03 2.229977779581054698e+00 2.765915715069244482e-02 3.310063769150629054e-01 4.265472103569585387e-03
6.501672240802676583e+01 1.091267429743713636e-03 2.240348885717278637e+00 2.758371828485699576e-02 3.325458262834491974e-01 3.855784723289052470e-03
6.531772575250836610e+01 1.085537579227539330e-03 2.250719991853502577e+00 2.757697939434417683e-02 3.340852756518355449e-01 3.745805881516299247e-03
6.561872909698996637e+01 1.077918343811322269e-03 2.261091097989726961e+00 2.763377030571943435e-02 3.356247250202218368e-01 3.844084554713231728e-03
6.591973244147158084e+01 1.065323470393465897e-03 2.271462204125950901e+00 2.773469311526977413e-02 3.371641743886081843e-01 4.011994874268423779e-03
6.622073578595318111e+01 1.046655825620213974e-03 2.281833310262174841e+00 2.784266378989690496e-02 3.387036237569944763e-01 4.114121141448396496e-03
6.652173913043478137e+01 1.023267502703234088e-03 2.292204416398398781e+00 2.790837883231757355e-02 3.402430731253807683e-01 4.059064969727730655e-03
6.682274247491639585e+01 9.983213712179304575e-04 2.302575522534622721e+00 2.788241943908545406e-02 3.417825224937671158e-01 3.825140473149136067e-03
6.712374581939799612e+01 9.752791449597072266e-04 2.312946628670846660e+00 2.772818859971357131e-02 3.433219718621534078e-01 3.463473404887218703e-03
6.742474916387959638e+01 9.562896435072487135e-04 2.323317734807070600e+00 2.743039074666319549e-02 3.448614212305397553e-01 3.070647207558049006e-03
6.772575250836121086e+01 9.414105752349696300e-04 2.333688840943294984e+00 2.699729284192976461e-02 3.464008705989260473e-01 2.739463652888019397e-03
6.802675585284281112e+01 9.291124427053932362e-04 2.344059947079518924e+00 2.645850344155830161e-02 3.479403199673123392e-01 2.516333791395096095e-03
6.832775919732442560e+01 9.176399913349294430e-04 2.354431053215742864e+00 2.586092218765101772e-02 3.494797693356986867e-01 2.393395832232820403e-03
6.862876254180602587e+01 9.062293853263083364e-04 2.364802159351966804e+00 2.526362761060369638e-02 3.510192187040849787e-01 2.337709127414749639e-03
6.892976588628762613e+01 8.953947382691742956e-04 2.375173265488190744e+00 2.472998349585543015e-02 3.525586680724713262e-01 2.328056261019471884e-03
6.923076923076924061e+01 8.862863699812610326e-04 2.385544371624414683e+00 2.431512635502665332e-02 3.540981174408576182e-01 2.361976038581574573e-03
6.953177257525084087e+01 8.797615047939428201e-04 2.395915477760638623e+00 2.405045192780913554e-02 3.556375668092439657e-01 2.426455015289083472e-03
6.983277591973244114e+01 8.758157092242714907e-04 2.406286583896863007e+00 2.393151335255395626e-02 3.571770161776302577e-01 2.469361765040927956e-03
7.013377926421405562e+01 8.735778087739216966e-04 2.416657690033086947e+00 2.391736420018507336e-02 3.587164655460165497e-01 2.414918675857788844e-03
7.043478260869565588e+01 8.716728434674295665e-04 2.427028796169310887e+00 2.394486369294711661e-02 3.602559149144028972e-01 2.220550043706141959e-03
7.073578595317725615e+01 8.686648987863010299e-04 2.437399902305534827e+00 2.395271980414737795e-02 3.617953642827891891e-01 1.922829029831882005e-03
7.103678929765887062e+01 8.633949191264781277e-04 2.447771008441758767e+00 2.390316060662314029e-02 3.633348136511755366e-01 1.624466951194049932e-03
7.133779264214047089e+01 8.551442245894749035e-04 2.458142114577982706e+00 2.378964895126283244e-02 3.648742630195618286e-01 1.428495027599106272e-03
7.163879598662208537e+01 8.436411382640461630e-04 2.468513220714206646e+00 2.362730124234598342e-02 3.664137123879481206e-01 1.372071918526531192e-03
7.193979933110368563e+01 8.290068236677132149e-04 2.478884326850431030e+00 2.343316569576888928e-02 3.679531617563344681e-01 1.408780807334198727e-03
7.224080267558528590e+01 8.117542867919846179e-04 2.489255432986654970e+00 2.320912193195622322e-02 3.694926111247207601e-01 1.446722223763958429e-03
7.254180602006690037e+01 7.928450982605688736e-04 2.499626539122878910e+00 2.293738938080541745e-02 3.710320604931071076e-01 1.409374880718202707e-03
7.284280936454850064e+01 7.736517835949711193e-04 2.509997645259102850e+00 2.258993007149994597e-02 3.725715098614933996e-01 1.275743942412622522e-03
7.314381270903010090e+01 7.556722844955267304e-04 2.520368751395326790e+00 2.214459913343359843e-02 3.741109592298797470e-01 1.078965050223510986e-03
7.344481605351171538e+01 7.400693835120560884e-04 2.530739857531550729e+00 2.159801720992856819e-02 3.756504085982660390e-01 8.764006692552244251e-04
7.374581939799331565e+01 7.273482875765656993e-04 2.541110963667774669e+00 2.096870090404937687e-02 3.771898579666523310e-01 7.193252274041016681e-04
7.404682274247491591e+01 7.174440341252794496e-04 2.551482069803999053e+00 2.029054374764485691e-02 3.787293073350386785e-01 6.379267834184719444e-04
7.434782608695653039e+01 7.101511604123288308e-04 2.561853175940222993e+00 1.960162282150470711e-02 3.802687567034249705e-01 6.380182489988990438e-04
7.464882943143813065e+01 7.055105165853629325e-04 2.572224282076446933e+00 1.893407596236282991e-02 3.818082060718113180e-01 7.015235688860103598e-04
7.494983277591973092e+01 7.037881925258954044e-04 2.582595388212670873e+00 1.830838370937860893e-02 3.833476554401976100e-01 7.913181741125944069e-04
7.525083612040134540e+01 7.050274282074085481e-04 2.592966494348894813e+00 1.773247765334780637e-02 3.848871048085839019e-01 8.646277753902310544e-04
7.555183946488294566e+01 7.085278382699431799e-04 2.603337600485118752e+00 1.720457479925975933e-02 3.864265541769702494e-01 8.909582605041914231e-04
7.585284280936456014e+01 7.127147519142823908e-04 2.613708706621342692e+00 1.671843563118598219e-02 3.879660035453565414e-01 8.623705957172240295e-04
7.615384615384616041e+01 7.156292011004139518e-04 2.624079812757567076e+00 1.626966726666049037e-02 3.895054529137428889e-01 7.888516704141220305e-04
7.645484949832776067e+01 7.158446325064053099e-04 2.634450918893791016e+00 1.586106207955777919e-02 3.910449022821291809e-01 6.853967512995111106e-04
7.675585284280937515e+01 7.132696234916800423e-04 2.644822025030014956e+00 1.550438986727002526e-02 3.925843516505155284e-01 5.639497713380764226e-04
7.705685618729097541e+01 7.092746506088293702e-04 2.655193131166238896e+00 1.521677697218037049e-02 3.941238010189018204e-01 4.353379594274639042e-04
7.735785953177257568e+01 7.059491315062125898e-04 2.665564237302462836e+00 1.501227224533458610e-02 3.956632503872881124e-01 3.145050734638424566e-04
7.765886287625419016e+01 7.048482415077295029e-04 2.675935343438686775e+00 1.489230690716692417e-02 3.972026997556744599e-01 2.204997944490595478e-04
7.795986622073579042e+01 7.059622681328574711e-04 2.686306449574910715e+00 1.484034287670478111e-02 3.987421491240607518e-01 1.704746050664876034e-04
7.826086956521739069e+01 7.075606890959382786e-04 2.696677555711135099e+00 1.482444077760638503e-02 4.002815984924470993e-01 1.733220762823485528e-04
7.856187290969900516e+01 7.070499307766059220e-04 2.707048661847359039e+00 1.480715106088025326e-02 4.018210478608333913e-01 2.275376552059211078e-04
7.886287625418060543e+01 7.023562158753828997e-04 2.717419767983582979e+00 1.475759644986964110e-02 4.033604972292197388e-01 3.233019376041307421e-04
7.916387959866221991e+01 6.930166133222135120e-04 2.727790874119806919e+00 1.465904549113745438e-02 4.048999465976060308e-01 4.458332895661072832e-04
7.946488294314382017e+01 6.803595066787216121e-04 2.738161980256030859e+00 1.450815381065662275e-02 4.064393959659923228e-01 5.770416963460405424e-04
7.976588628762542044e+01 6.667463407242468472e-04 2.748533086392254798e+00 1.430775691375739053e-02 4.079788453343786703e-01 6.950284813373933243e-04
8.006688963210703491e+01 6.544159605924149527e-04 2.758904192528478738e+00 1.405965646848560124e-02 4.095182947027649623e-01 7.745760470897200545e-04
8.036789297658863518e+01 6.446354217896736738e-04 2.769275298664703122e+00 1.376360131188098662e-02 4.110577440711513098e-01 7.926006875113226872e-04
8.066889632107023544e+01 6.375535829203577212e-04 2.779646404800927062e+00 1.342330575559069240e-02 4.125971934395376017e-01 7.381748025526979878e-04
8.096989966555184992e+01 6.326569315758997494e-04 2.790017510937151002e+00 1.305378196241297264e-02 4.141366428079238937e-01 6.208604424117881819e-04
8.127090301003345019e+01 6.294029424557743809e-04 2.800388617073374942e+00 1.268201472068900340e-02 4.156760921763102412e-01 4.701759526074615310e-04
8.157190635451505045e+01 6.276135290892019851e-04 2.810759723209598882e+00 1.233755113149029824e-02 4.172155415446965332e-01 3.247605765064813348e-04
8.187290969899666493e+01 6.274519306692237681e-04 2.821130829345822821e+00 1.203768442625412390e-02 4.187549909130828807e-01 2.171892264938924180e-04
8.217391304347826519e+01 6.290822025807496932e-04 2.831501935482046761e+00 1.177700953045374664e-02 4.202944402814691727e-01 1.627483422440224772e-04
8.247491638795986546e+01 6.322761772204648408e-04 2.841873041618271145e+00 1.152897212879485170e-02 4.218338896498555202e-01 1.565146656634807570e-04
8.277591973244147994e+01 6.362338521450718910e-04 2.852244147754495085e+00 1.125932707422597212e-02 4.233733390182418121e-01 1.779879888171938718e-04
8.307692307692308020e+01 6.397389229295872941e-04 2.862615253890719025e+00 1.094400223185067883e-02 4.249127883866281041e-01 2.006977941419609923e-04
8.337792642140469468e+01 6.415670412971846443e-04 2.872986360026942965e+00 1.058160035737517983e-02 4.264522377550144516e-01 2.037789190492412508e-04
8.367892976588629494e+01 6.409224226584604635e-04 2.883357466163166904e+00 1.019422444566502224e-02 4.279916871234007436e-01 1.808229141907419582e-04
8.397993311036789521e+01 6.376829551005450776e-04 2.893728572299390844e+00 9.816516637543447679e-03 4.295311364917870911e-01 1.412086673887665727e-04
8.428093645484950969e+01 6.323689304498709193e-04 2.904099678435614784e+00 9.478189330646959176e-03 4.310705858601733831e-01 1.039071129278106503e-04
8.458193979933110995e+01 6.259100242157696102e-04 2.914470784571839168e+00 9.187731222857533839e-03 4.326100352285596751e-01 8.944256847304347491e-05
8.488294314381271022e+01 6.193528001647644055e-04 2.924841890708063108e+00 8.923940374433867589e-03 4.341494845969460226e-01 1.152575619502416409e-04
8.518394648829432469e+01 6.135953350284831286e-04 2.935212996844287048e+00 8.638416551401418772e-03 4.356889339653323145e-01 1.935433913535666731e-04
8.548494983277592496e+01 6.091461960795410300e-04 2.945584102980510988e+00 8.268005709390961050e-03 4.372283833337186620e-01 3.266953727579615979e-04
8.578595317725752523e+01 6.059090312684571860e-04 2.955955209116734927e+00 7.753221230259405537e-03 4.387678327021049540e-01 4.995598557488607760e-04
8.608695652173913970e+01 6.031017751807311129e-04 2.966326315252958867e+00 7.057424239636394571e-03 4.403072820704913015e-01 6.756745883698618603e-04
8.638795986622073997e+01 5.994785470901784668e-04 2.976697421389182807e+00 6.181373438591499479e-03 4.418467314388775935e-01 8.066010816993056300e-04
8.668896321070235444e+01 5.938844463794576293e-04 2.987068527525407191e+00 5.168223559751945750e-03 4.433861808072638855e-01 8.536095471171563408e-04
8.698996655518395471e+01 5.859027721061615740e-04 2.997439633661631131e+00 4.095932979042473006e-03 4.449256301756502330e-01 8.073981918030558296e-04
8.729096989966555498e+01 5.761993502405529264e-04 3.007810739797855071e+00 3.058162452618505295e-03 4.464650795440365250e-01 6.901778808025803291e-04
8.759197324414716945e+01 5.663033649273461426e-04 3.018181845934079011e+00 2.139925105024006406e-03 4.480045289124228725e-01 5.395646554624021008e-04
8.789297658862876972e+01 5.579066657513209824e-04 3.028552952070302950e+00 1.397236348714467509e-03 4.495439782808091644e-01 3.891222564119846275e-04
8.819397993311036998e+01 5.520692175431250910e-04 3.038924058206526890e+00 8.482225994342182298e-04 4.510834276491954564e-01 2.591767055923324052e-04
8.849498327759198446e+01 5.487893594394854932e-04 3.049295164342750830e+00 4.773557252444654477e-04 4.526228770175818039e-01 1.582408914689817532e-04
8.879598662207358473e+01 5.471886004378560039e-04 3.059666270478975214e+00 2.484459705300257819e-04 4.541623263859680959e-01 8.739619407794674884e-05
8.909698996655518499e+01 5.461781883352530200e-04 3.070037376615199154e+00 1.193551041451072363e-04 4.557017757543544434e-01 4.303456510444698952e-05
8.939799331103679947e+01 5.451482509585453594e-04 3.080408482751423094e+00 5.284294693397543222e-05 4.572412251227407354e-01 1.865832054700014044e-05
8.969899665551839973e+01 5.442009856272238266e-04 3.090779588887647034e+00 2.153324640716512085e-05 4.587806744911270829e-01 7.056992456987152630e-06
9.000000000000000000e+01 5.438024631628909835e-04 3.101150695023870973e+00 8.067545745183723641e-06 4.603201238595133749e-01 2.313696547428055981e-06
