0.000000000000000000e+00 4.278055595280938141e-27 1.663750246032778546e-01 2.960918782491083493e-06 1.125768140536222151e-01 4.789592403031620935e-06
3.010033444816053727e-01 2.206375105597438265e-26 1.711991730657485833e-01 2.339727933077760059e-05 1.141397091841901273e-01 1.528802842650616443e-05
6.020066889632107454e-01 2.110453585725265804e-25 1.760233215282193120e-01 9.840955439545938952e-05 1.157026043147580258e-01 4.123701226038203904e-05
9.030100334448161181e-01 1.922762988024667750e-24 1.808474699906900407e-01 2.204917564820695183e-04 1.172654994453259381e-01 9.422696646104399519e-05
1.204013377926421491e+00 1.654008946525987310e-23 1.856716184531607694e-01 2.657259410341826196e-04 1.188283945758938365e-01 1.831754675426663058e-04
1.505016722408026864e+00 1.343345368180321812e-22 1.904957669156315259e-01 1.918311766751907535e-04 1.203912897064617488e-01 3.051140708694242542e-04
1.806020066889632236e+00 1.030115673287996471e-21 1.953199153781022268e-01 1.603747515366288475e-04 1.219541848370296611e-01 4.403974741070947074e-04
2.107023411371237387e+00 7.458388073367313344e-21 2.001440638405729833e-01 2.425699430601815562e-04 1.235170799675975595e-01 5.597082967143615379e-04
2.408026755852842982e+00 5.098918405317578350e-20 2.049682123030437120e-01 3.233034246192816215e-04 1.250799750981654579e-01 6.384068133411558181e-04
2.709030100334448576e+00 3.291547188643854138e-19 2.097923607655144407e-01 4.718331974088353794e-04 1.266428702287333841e-01 6.644561222659003214e-04
3.010033444816053727e+00 2.006445899657941572e-18 2.146165092279851694e-01 1.004623007630815312e-03 1.282057653593012825e-01 6.351694920612642285e-04
3.311036789297658878e+00 1.154990339966701506e-17 2.194406576904558981e-01 1.944331330139081968e-03 1.297686604898691809e-01 5.536208437334157097e-04
3.612040133779264472e+00 6.278746894965230643e-17 2.242648061529266268e-01 3.078804531947679137e-03 1.313315556204370793e-01 4.325775596312202327e-04
3.913043478260870067e+00 3.223545594799322754e-16 2.290889546153973555e-01 4.324288346309479274e-03 1.328944507510050055e-01 2.972960324595615763e-04
4.214046822742474774e+00 1.563097196318008497e-15 2.339131030778681120e-01 5.340375249736213116e-03 1.344573458815729039e-01 1.769117552381369496e-04
4.515050167224080369e+00 7.159086197746607813e-15 2.387372515403388129e-01 5.999708626464123930e-03 1.360202410121408023e-01 9.015714555512875205e-05
4.816053511705685963e+00 3.097278204550367151e-14 2.435614000028095694e-01 6.900859028101506004e-03 1.375831361427087285e-01 3.907608557914396048e-05
5.117056856187291558e+00 1.265870959847296588e-13 2.483855484652802703e-01 8.925622908186577401e-03 1.391460312732766269e-01 1.434617887751818458e-05
5.418060200668897153e+00 4.887935529086830929e-13 2.532096969277510268e-01 1.221423204805984451e-02 1.407089264038445253e-01 4.460725531314079700e-06
5.719063545150501859e+00 1.783339043753585801e-12 2.580338453902217832e-01 1.604342685255774267e-02 1.422718215344124237e-01 1.233914139716594210e-06
6.020066889632107454e+00 6.148464368449253743e-12 2.628579938526924842e-01 2.038403701199582863e-02 1.438347166649803499e-01 6.160958590180847140e-07
6.321070234113713049e+00 2.003470155782999063e-11 2.676821423151631851e-01 2.551122837861501125e-02 1.453976117955482483e-01 1.614656774409361367e-06
6.622073578595317755e+00 6.170924770385154812e-11 2.725062907776339416e-01 3.160965125403562836e-02 1.469605069261161467e-01 5.766920682178613903e-06
6.923076923076923350e+00 1.796992854809356598e-10 2.773304392401046981e-01 4.035578327209774635e-02 1.485234020566840729e-01 1.783478582155058077e-05
7.224080267558528945e+00 4.948347512123230410e-10 2.821545877025753990e-01 5.319842300297062537e-02 1.500862971872519713e-01 4.651810010656143838e-05
7.525083612040134540e+00 1.288825168422361406e-09 2.869787361650461555e-01 6.807887449036104099e-02 1.516491923178198697e-01 1.022143512323283449e-04
7.826086956521740134e+00 3.175888026280086474e-09 2.918028846275168564e-01 8.186840555801165598e-02 1.532120874483877682e-01 1.892000398371253972e-04
8.127090301003345729e+00 7.406419693256513514e-09 2.966270330899876129e-01 9.826376423376087521e-02 1.547749825789556943e-01 2.950323829379808893e-04
8.428093645484949548e+00 1.635224582635368849e-08 3.014511815524583138e-01 1.230373513227660393e-01 1.563378777095235928e-01 3.876563156060087241e-04
8.729096989966555142e+00 3.419384783282112658e-08 3.062753300149290703e-01 1.533490347758230121e-01 1.579007728400915189e-01 4.295811960805652019e-04
9.030100334448160737e+00 6.775153034408939927e-08 3.110994784773998267e-01 1.853513520856011343e-01 1.594636679706594173e-01 4.030797269621857418e-04
9.331103678929766332e+00 1.272668320215075132e-07 3.159236269398705277e-01 2.235776182880515883e-01 1.610265631012273158e-01 3.258460855162245511e-04
9.632107023411371927e+00 2.267709861799341122e-07 3.207477754023412286e-01 2.742536745608278315e-01 1.625894582317952142e-01 2.435026608397290629e-04
9.933110367892977521e+00 3.835435409836626791e-07 3.255719238648119851e-01 3.420646248748627216e-01 1.641523533623631126e-01 2.076517091013921009e-04
1.023411371237458312e+01 6.161746546142762202e-07 3.303960723272827416e-01 4.358208643044959585e-01 1.657152484929310388e-01 2.580484599072899112e-04
1.053511705685618871e+01 9.410027087535995471e-07 3.352202207897534425e-01 5.562145406249655588e-01 1.672781436234989372e-01 4.157542082573897988e-04
1.083612040133779431e+01 1.367231831894942791e-06 3.400443692522241435e-01 6.888882687303997665e-01 1.688410387540668633e-01 6.806358935814070749e-04
1.113712374581939812e+01 1.891727991014582550e-06 3.448685177146948999e-01 8.250883703743590036e-01 1.704039338846347618e-01 1.026817800255771336e-03
1.143812709030100372e+01 2.495087076455112673e-06 3.496926661771656564e-01 9.713794986449700852e-01 1.719668290152026602e-01 1.397350458594018123e-03
1.173913043478260931e+01 3.140740103846982285e-06 3.545168146396363573e-01 1.139475122232003867e+00 1.735297241457705586e-01 1.706034626755117576e-03
1.204013377926421491e+01 3.778374219425193469e-06 3.593409631021071138e-01 1.337585290650497694e+00 1.750926192763384570e-01 1.858627906865959129e-03
1.234113712374582050e+01 4.351806410584039967e-06 3.641651115645778702e-01 1.567116155866282057e+00 1.766555144069063832e-01 1.797765552553202409e-03
1.264214046822742610e+01 4.809952832859760997e-06 3.689892600270485712e-01 1.811581759164916816e+00 1.782184095374742816e-01 1.548258392083239196e-03
1.294314381270903169e+01 5.118222551659613921e-06 3.738134084895192721e-01 2.056843041423296103e+00 1.797813046680422078e-01 1.219733597219546141e-03
1.324414715719063551e+01 5.267098806686082339e-06 3.786375569519900286e-01 2.326989504432338318e+00 1.813441997986101062e-01 9.506936625896816482e-04
1.354515050167224111e+01 5.275209821501066428e-06 3.834617054144607851e-01 2.641583683724472387e+00 1.829070949291780046e-01 8.337014141702967516e-04
1.384615384615384670e+01 5.185771534719688154e-06 3.882858538769314860e-01 2.964152274304918677e+00 1.844699900597459030e-01 8.801763632837536488e-04
1.414715719063545230e+01 5.057370565611913449e-06 3.931100023394021870e-01 3.267541620541507097e+00 1.860328851903138014e-01 1.042514973073102591e-03
1.444816053511705789e+01 4.951820314735443517e-06 3.979341508018729434e-01 3.583765622465125311e+00 1.875957803208817276e-01 1.259986501640916138e-03
1.474916387959866348e+01 4.922537402245799463e-06 4.027582992643436999e-01 3.943333446096406458e+00 1.891586754514496260e-01 1.486221111562427075e-03
1.505016722408026908e+01 5.006326135990780657e-06 4.075824477268144008e-01 4.312858860999189581e+00 1.907215705820175522e-01 1.689248283497066282e-03
1.535117056856187467e+01 5.220053387823113377e-06 4.124065961892851573e-01 4.628618776310013949e+00 1.922844657125854506e-01 1.847416755984473968e-03
1.565217391304348027e+01 5.562246216616470386e-06 4.172307446517558582e-01 4.901046551157542730e+00 1.938473608431533490e-01 1.961146774035072132e-03
1.595317725752508409e+01 6.018765220125952443e-06 4.220548931142266147e-01 5.190781448671465625e+00 1.954102559737212474e-01 2.070888274784795941e-03
1.625418060200669146e+01 6.571404863776109872e-06 4.268790415766973712e-01 5.487493429928946398e+00 1.969731511042891459e-01 2.257232343414516517e-03
1.655518394648829528e+01 7.208036909901892108e-06 4.317031900391680721e-01 5.738524137365356381e+00 1.985360462348570720e-01 2.616686802767381227e-03
1.685618729096989910e+01 7.932299393797215631e-06 4.365273385016388286e-01 5.940027144433315698e+00 2.000989413654249705e-01 3.225925403762241236e-03
1.715719063545150647e+01 8.770055685444845797e-06 4.413514869641095295e-01 6.117354136727482405e+00 2.016618364959928966e-01 4.104198076741700542e-03
1.745819397993311028e+01 9.769796198770807618e-06 4.461756354265802860e-01 6.251418508138886665e+00 2.032247316265607950e-01 5.180253520590399896e-03
1.775919732441471766e+01 1.099567687131201823e-05 4.509997838890509869e-01 6.300075615282025865e+00 2.047876267571286935e-01 6.287022877284056781e-03
1.806020066889632147e+01 1.251484635574124418e-05 4.558239323515217434e-01 6.285184653820088840e+00 2.063505218876965919e-01 7.213200874794522752e-03
1.836120401337792885e+01 1.438366354226949128e-05 4.606480808139924443e-01 6.247155710389440841e+00 2.079134170182644903e-01 7.800203560511727655e-03
1.866220735785953266e+01 1.663836583643062643e-05 4.654722292764632008e-01 6.159864508460789700e+00 2.094763121488324165e-01 8.020859251338937485e-03
1.896321070234114003e+01 1.929365107575220688e-05 4.702963777389339017e-01 5.999626400699930251e+00 2.110392072794003149e-01 7.987735531983996065e-03
1.926421404682274385e+01 2.234838513489417779e-05 4.751205262014046582e-01 5.789052824848946344e+00 2.126021024099682410e-01 7.910857154377091277e-03
1.956521739130434767e+01 2.579380828126136825e-05 4.799446746638754147e-01 5.547000963265925400e+00 2.141649975405361395e-01 8.052279771326251862e-03
1.986622073578595504e+01 2.961876936823286283e-05 4.847688231263461156e-01 5.275968505890841875e+00 2.157278926711040379e-01 8.663392213159275615e-03
2.016722408026755886e+01 3.380940275471904188e-05 4.895929715888168721e-01 4.998104399011901400e+00 2.172907878016719363e-01 9.861654222766044406e-03
2.046822742474916623e+01 3.834549554455391786e-05 4.944171200512875730e-01 4.738100904431921556e+00 2.188536829322398347e-01 1.150883979218400230e-02
2.076923076923077005e+01 4.319939397909552709e-05 4.992412685137583295e-01 4.469627723893276894e+00 2.204165780628077609e-01 1.325027885433133039e-02
2.107023411371237742e+01 4.834324040660461819e-05 5.040654169762290859e-01 4.163011420603685231e+00 2.219794731933756593e-01 1.475072510017140515e-02
2.137123745819398124e+01 5.376654395152450906e-05 5.088895654386997869e-01 3.842522848331525687e+00 2.235423683239435855e-01 1.591443109788674357e-02
2.167224080267558861e+01 5.950077993104357281e-05 5.137137139011704878e-01 3.535112460848629734e+00 2.251052634545114839e-01 1.685522155341631287e-02
2.197324414715719243e+01 6.564380970255964795e-05 5.185378623636411888e-01 3.267184992370523400e+00 2.266681585850793823e-01 1.767462504199273157e-02
2.227424749163879625e+01 7.237623900677833037e-05 5.233620108261118897e-01 3.068427564082899739e+00 2.282310537156472807e-01 1.834173750417293983e-02
2.257525083612040362e+01 7.996429952601794315e-05 5.281861592885827017e-01 2.917799094415951089e+00 2.297939488462151791e-01 1.882016011300196440e-02
2.287625418060200744e+01 8.874790445451769189e-05 5.330103077510535137e-01 2.775527605286320032e+00 2.313568439767831053e-01 1.925491714478379593e-02
2.317725752508361481e+01 9.911627816898952890e-05 5.378344562135242146e-01 2.629630332612458599e+00 2.329197391073510315e-01 1.995945209522813693e-02
2.347826086956521863e+01 1.114755902712493991e-04 5.426586046759949156e-01 2.478702669512567347e+00 2.344826342379189299e-01 2.119756655190120978e-02
2.377926421404682600e+01 1.262129010953554542e-04 5.474827531384656165e-01 2.324101532748263477e+00 2.360455293684868283e-01 2.299389182554425690e-02
2.408026755852842982e+01 1.436591840189334205e-04 5.523069016009363175e-01 2.168645066338413585e+00 2.376084244990547267e-01 2.516598208003286569e-02
2.438127090301003363e+01 1.640530584721475572e-04 5.571310500634070184e-01 2.019509880209529484e+00 2.391713196296226251e-01 2.753110219156218799e-02
2.468227424749164101e+01 1.875082728206802396e-04 5.619551985258778304e-01 1.896173050980693553e+00 2.407342147601905513e-01 3.006414168877369342e-02
2.498327759197324482e+01 2.139926217329169475e-04 5.667793469883485313e-01 1.800583954614669357e+00 2.422971098907584497e-01 3.285638250000934291e-02
2.528428093645485220e+01 2.433314183585409576e-04 5.716034954508193433e-01 1.712502133056831966e+00 2.438600050213263482e-01 3.597238253174509653e-02
2.558528428093645601e+01 2.752493897276720434e-04 5.764276439132900443e-01 1.627985461634899877e+00 2.454229001518942743e-01 3.942504319294903165e-02
2.588628762541806339e+01 3.094556044433692554e-04 5.812517923757607452e-01 1.552449532504879270e+00 2.469857952824621727e-01 4.332026425024981114e-02
2.618729096989966720e+01 3.457565919267114370e-04 5.860759408382314462e-01 1.474875168062935504e+00 2.485486904130300712e-01 4.797576169434217275e-02
2.648829431438127102e+01 3.841611568735981471e-04 5.909000893007021471e-01 1.386069543260597392e+00 2.501115855435979696e-01 5.380262416193562491e-02
2.678929765886287839e+01 4.249301495121578210e-04 5.957242377631729591e-01 1.283012931407610413e+00 2.516744806741658680e-01 6.095555349072303425e-02
2.709030100334448221e+01 4.685367471977240237e-04 6.005483862256436600e-01 1.168394810665932759e+00 2.532373758047338219e-01 6.897934260332569401e-02
2.739130434782608958e+01 5.155373266595027724e-04 6.053725346881144720e-01 1.061064961302365051e+00 2.548002709353016648e-01 7.674563603917801402e-02
2.769230769230769340e+01 5.663950540513126072e-04 6.101966831505851729e-01 9.827886182613532196e-01 2.563631660658696187e-01 8.284070398050254191e-02
2.799331103678930077e+01 6.213254560399147529e-04 6.150208316130558739e-01 9.307607991571296147e-01 2.579260611964375172e-01 8.626053475253847580e-02
2.829431438127090459e+01 6.802285479125977320e-04 6.198449800755265748e-01 8.792564447288601093e-01 2.594889563270054156e-01 8.699058317188400336e-02
2.859531772575251196e+01 7.427356215542691093e-04 6.246691285379972758e-01 8.131964313197646010e-01 2.610518514575733140e-01 8.608077816459190623e-02
2.889632107023411578e+01 8.083489585018689867e-04 6.294932770004679767e-01 7.430087636915903015e-01 2.626147465881412124e-01 8.519471017198866625e-02
2.919732441471571960e+01 8.766159151792758631e-04 6.343174254629387887e-01 6.890371976551096234e-01 2.641776417187091663e-01 8.597097376521344037e-02
2.949832775919732697e+01 9.472733972422918989e-04 6.391415739254096007e-01 6.532814891108825739e-01 2.657405368492770092e-01 8.957061268324306713e-02
2.979933110367893079e+01 1.020324011427889855e-03 6.439657223878803016e-01 6.163494841276419001e-01 2.673034319798449632e-01 9.654365511785868714e-02
3.010033444816053816e+01 1.096042766872206125e-03 6.487898708503510026e-01 5.709432874378739253e-01 2.688663271104128616e-01 1.068799019186411070e-01
3.040133779264214198e+01 1.174939770226037525e-03 6.536140193128217035e-01 5.246453926125320688e-01 2.704292222409807600e-01 1.200216085963449614e-01
3.070234113712374935e+01 1.257706983551770772e-03 6.584381677752924045e-01 4.861351177799991818e-01 2.719921173715486584e-01 1.348098483900342370e-01
3.100334448160535317e+01 1.345160614624884166e-03 6.632623162377631054e-01 4.593217515373876902e-01 2.735550125021165568e-01 1.496496971787551755e-01
3.130434782608696054e+01 1.438172451908431831e-03 6.680864647002338064e-01 4.388129229071174864e-01 2.751179076326845108e-01 1.631432562526395069e-01
3.160535117056856436e+01 1.537579898373960148e-03 6.729106131627047294e-01 4.211433217264162199e-01 2.766808027632523537e-01 1.748743630765730583e-01
3.190635451505016817e+01 1.644079335080242095e-03 6.777347616251754303e-01 4.032329839305299757e-01 2.782436978938203076e-01 1.855802107004895229e-01
3.220735785953177555e+01 1.758129656137838058e-03 6.825589100876461313e-01 3.787706698914911629e-01 2.798065930243882060e-01 1.963934003905143111e-01
3.250836120401338292e+01 1.879904731991588170e-03 6.873830585501168322e-01 3.504033945093440461e-01 2.813694881549561044e-01 2.078646585816490699e-01
3.280936454849498318e+01 2.009323348376138192e-03 6.922072070125875332e-01 3.237688939967766077e-01 2.829323832855240584e-01 2.198109641448857954e-01
3.311036789297659055e+01 2.146154797810740592e-03 6.970313554750582341e-01 2.954113872356163295e-01 2.844952784160919013e-01 2.321181018778311900e-01
3.341137123745819792e+01 2.290162595233556121e-03 7.018555039375289351e-01 2.644490792025017134e-01 2.860581735466598552e-01 2.455234231905328302e-01
3.371237458193979819e+01 2.441226944644569932e-03 7.066796523999998580e-01 2.400778922934579673e-01 2.876210686772276981e-01 2.614600795672574751e-01
3.401337792642140556e+01 2.599391493832970551e-03 7.115038008624705590e-01 2.260078253506781765e-01 2.891839638077956520e-01 2.811178051325859961e-01
3.431438127090301293e+01 2.764811131362347480e-03 7.163279493249412599e-01 2.121019620419289098e-01 2.907468589383635504e-01 3.046549197130563047e-01
3.461538461538462030e+01 2.937621365305956127e-03 7.211520977874119609e-01 1.912113933831706136e-01 2.923097540689314489e-01 3.312139391091804552e-01
3.491638795986622057e+01 3.117786157554025810e-03 7.259762462498826618e-01 1.673411995380996165e-01 2.938726491994994028e-01 3.595310204574434509e-01
3.521739130434782794e+01 3.304993880697011839e-03 7.308003947123533628e-01 1.476615757536702822e-01 2.954355443300672457e-01 3.884710715561183192e-01
3.551839464882943531e+01 3.498655743074647207e-03 7.356245431748240637e-01 1.367802908425872765e-01 2.969984394606351996e-01 4.171864694742643542e-01
3.581939799331104268e+01 3.698025053418598287e-03 7.404486916372949867e-01 1.312946262681098930e-01 2.985613345912030425e-01 4.451990999487356326e-01
3.612040133779264295e+01 3.902412469618076266e-03 7.452728400997656877e-01 1.235403292022536764e-01 3.001242297217709964e-01 4.726923719215102571e-01
3.642140468227425032e+01 4.111434008752679753e-03 7.500969885622363886e-01 1.144413924788169057e-01 3.016871248523388949e-01 5.007564289073687114e-01
3.672240802675585769e+01 4.325203438889652606e-03 7.549211370247070896e-01 1.089624266539229031e-01 3.032500199829067933e-01 5.311104843973825096e-01
3.702341137123745796e+01 4.544376094197545742e-03 7.597452854871777905e-01 1.055223130452230818e-01 3.048129151134747472e-01 5.652843378957680409e-01
3.732441471571906533e+01 4.769975778893072518e-03 7.645694339496484915e-01 1.010060715656355551e-01 3.063758102440425901e-01 6.038631306988045955e-01
3.762541806020067270e+01 5.002995706488251246e-03 7.693935824121191924e-01 9.544926097427247624e-02 3.079387053746105440e-01 6.464936273072146022e-01
3.792642140468228007e+01 5.243850533346197489e-03 7.742177308745898934e-01 9.078165082775195571e-02 3.095016005051783869e-01 6.926657519011868436e-01
3.822742474916388034e+01 5.491841840494835099e-03 7.790418793370608164e-01 8.836688713794552119e-02 3.110644956357463409e-01 7.424079210210628998e-01
3.852842809364548771e+01 5.744843275885025240e-03 7.838660277995315173e-01 8.766493305039611827e-02 3.126273907663142393e-01 7.961040794195914927e-01
3.882943143812709508e+01 5.999380968083738511e-03 7.886901762620022183e-01 8.775600518043333298e-02 3.141902858968821377e-01 8.538107714912671620e-01
3.913043478260869534e+01 6.251176502216559787e-03 7.935143247244729192e-01 8.707527332901240924e-02 3.157531810274500916e-01 9.151851207860312032e-01
3.943143812709030271e+01 6.496067649616284710e-03 7.983384731869436202e-01 8.195184531413701734e-02 3.173160761580179345e-01 9.802444547505103634e-01
3.973244147157191009e+01 6.731082723069070108e-03 8.031626216494143211e-01 7.201083520376144742e-02 3.188789712885858885e-01 1.049848491909834536e+00
4.003344481605351746e+01 6.955369225575454457e-03 8.079867701118850221e-01 6.279649846918033962e-02 3.204418664191537314e-01 1.124987900984892431e+00
4.033444816053511772e+01 7.170690069065519326e-03 8.128109185743559451e-01 5.844218074305641136e-02 3.220047615497216853e-01 1.205532729607308839e+00
4.063545150501672509e+01 7.381293781831024109e-03 8.176350670368266460e-01 5.749390882180261536e-02 3.235676566802895837e-01 1.290013592739940318e+00
4.093645484949833246e+01 7.593113693916573800e-03 8.224592154992973470e-01 5.884390793753289245e-02 3.251305518108574821e-01 1.377029541294435333e+00
4.123745819397993273e+01 7.812425973333799421e-03 8.272833639617680479e-01 6.317478961947546601e-02 3.266934469414254361e-01 1.466994329555549870e+00
4.153846153846154010e+01 8.044265516276525099e-03 8.321075124242387488e-01 6.688495886284534508e-02 3.282563420719932790e-01 1.562325010274689507e+00
4.183946488294314747e+01 8.291018611990150222e-03 8.369316608867094498e-01 6.487802699012686081e-02 3.298192372025612329e-01 1.665715273006855401e+00
4.214046822742475484e+01 8.551627492194674787e-03 8.417558093491801507e-01 5.754630609338366731e-02 3.313821323331290758e-01 1.778119524881577762e+00
4.244147157190635511e+01 8.821712441917853656e-03 8.465799578116510737e-01 4.830414018386906122e-02 3.329450274636970297e-01 1.898246367110138166e+00
4.274247491638796248e+01 9.094651168013194106e-03 8.514041062741217747e-01 3.937652289919062881e-02 3.345079225942649281e-01 2.023729871155598659e+00
4.304347826086956985e+01 9.363334247429373064e-03 8.562282547365924756e-01 3.349556900352171351e-02 3.360708177248328266e-01 2.152650552546841567e+00
4.334448160535117722e+01 9.622069917324688887e-03 8.610524031990631766e-01 3.137873049938599834e-02 3.376337128554007805e-01 2.284133580065068614e+00
4.364548494983277749e+01 9.868053900048773253e-03 8.658765516615338775e-01 3.049803428643130601e-02 3.391966079859686234e-01 2.418036831293598254e+00
4.394648829431438486e+01 1.010197861456118597e-02 8.707007001240045785e-01 2.977997458370686829e-02 3.407595031165365773e-01 2.554732504147057437e+00
4.424749163879599223e+01 1.032765621621648151e-02 8.755248485864752794e-01 2.795088123543691683e-02 3.423223982471044202e-01 2.695508691726899109e+00
4.454849498327759250e+01 1.055083893848031938e-02 8.803489970489459804e-01 2.312235313134910347e-02 3.438852933776723741e-01 2.842787075776446848e+00
4.484949832775919987e+01 1.077762420695700663e-02 8.851731455114169034e-01 1.669188054130125651e-02 3.454481885082402726e-01 2.998978847759291355e+00
4.515050167224080724e+01 1.101288789314130122e-02 8.899972939738876043e-01 1.194718408385981624e-02 3.470110836388081710e-01 3.164106726251302515e+00
4.545150501672241461e+01 1.125912249550765389e-02 8.948214424363583053e-01 9.994761075006720896e-03 3.485739787693761249e-01 3.333996643539669957e+00
4.575250836120401488e+01 1.151592091809192954e-02 8.996455908988290062e-01 9.440527933093828539e-03 3.501368738999439678e-01 3.501015666460370213e+00
4.605351170568562225e+01 1.178018274482809519e-02 9.044697393612997072e-01 8.668929771152805372e-03 3.516997690305119217e-01 3.657499374789588753e+00
4.635451505016722962e+01 1.204695246738458035e-02 9.092938878237704081e-01 7.634261937218544784e-03 3.532626641610798202e-01 3.799685283045145301e+00
4.665551839464882988e+01 1.231065149014284356e-02 9.141180362862411091e-01 7.126704945136032136e-03 3.548255592916477186e-01 3.929553504856689639e+00
4.695652173913043725e+01 1.256637317400753628e-02 9.189421847487120321e-01 7.245342172327612351e-03 3.563884544222156170e-01 4.054114639891719385e+00
4.725752508361204463e+01 1.281090788905760343e-02 9.237663332111827330e-01 7.547944894631209399e-03 3.579513495527835154e-01 4.183778225048198074e+00
4.755852842809365200e+01 1.304326146867466896e-02 9.285904816736534340e-01 7.696650336890965838e-03 3.595142446833514693e-01 4.330672195240793165e+00
4.785953177257525226e+01 1.326459228550547903e-02 9.334146301361241349e-01 7.452868767825387118e-03 3.610771398139193122e-01 4.505530276078894225e+00
4.816053511705685963e+01 1.347765787803330978e-02 9.382387785985948359e-01 6.999351235415573330e-03 3.626400349444872662e-01 4.712135057635601143e+00
4.846153846153846700e+01 1.368597522229668753e-02 9.430629270610655368e-01 6.675709999707649285e-03 3.642029300750551091e-01 4.942068862763940196e+00
4.876254180602006727e+01 1.389293547987684174e-02 9.478870755235362378e-01 6.296142788677814260e-03 3.657658252056230630e-01 5.175144893683189196e+00
4.906354515050167464e+01 1.410108545357518714e-02 9.527112239860071607e-01 5.616855354085565147e-03 3.673287203361910169e-01 5.387866134637769200e+00
4.936454849498328201e+01 1.431172085442423102e-02 9.575353724484778617e-01 4.789970438961819316e-03 3.688916154667588598e-01 5.565401762001217278e+00
4.966555183946488938e+01 1.452485262144074044e-02 9.623595209109485626e-01 4.022037601562878512e-03 3.704545105973268138e-01 5.709017997559981517e+00
4.996655518394648965e+01 1.473951860029299593e-02 9.671836693734192636e-01 3.245061112179545640e-03 3.720174057278946567e-01 5.834631209129388374e+00
5.026755852842809702e+01 1.495432974392061493e-02 9.720078178358899645e-01 2.472861564999003555e-03 3.735803008584626106e-01 5.964733171829385228e+00
5.056856187290970439e+01 1.516808093952386541e-02 9.768319662983606655e-01 1.925859659673244233e-03 3.751431959890304535e-01 6.118662828778896667e+00
5.086956521739130466e+01 1.538024217104807904e-02 9.816561147608313664e-01 1.792280886833969803e-03 3.767060911195984074e-01 6.304872905127815841e+00
5.117056856187291203e+01 1.559118443074656614e-02 9.864802632233020674e-01 1.954231563883562523e-03 3.782689862501663614e-01 6.517804479780599181e+00
5.147157190635451940e+01 1.580207453641778101e-02 9.913044116857729904e-01 2.063807613883897243e-03 3.798318813807342043e-01 6.741544008373952401e+00
5.177257525083612677e+01 1.601446822284990912e-02 9.961285601482436913e-01 2.241684206382734117e-03 3.813947765113021582e-01 6.959009277796118553e+00
5.207357859531772704e+01 1.622971740739659677e-02 1.000952708610714392e+00 2.776630689692389554e-03 3.829576716418700011e-01 7.160264255365750508e+00
5.237458193979933441e+01 1.644836980416821554e-02 1.005776857073185093e+00 3.114875615262535820e-03 3.845205667724379550e-01 7.343760080407315094e+00
5.267558528428094178e+01 1.666976399101365372e-02 1.010601005535655794e+00 2.594318531941321258e-03 3.860834619030057979e-01 7.511645423307387048e+00
5.297658862876254204e+01 1.689199301493543928e-02 1.015425153998126495e+00 1.655288359604934574e-03 3.876463570335737518e-01 7.666043485112412625e+00
5.327759197324414941e+01 1.711231090707343236e-02 1.020249302460597196e+00 9.984249980678364198e-04 3.892092521641417058e-01 7.809694065338820046e+00
5.357859531772575679e+01 1.732790184290979030e-02 1.025073450923068119e+00 7.050052709811813721e-04 3.907721472947095487e-01 7.947071865345371577e+00
5.387959866220736416e+01 1.753677470132280342e-02 1.029897599385538820e+00 4.657890973129561233e-04 3.923350424252775026e-01 8.081981758083124134e+00
5.418060200668896442e+01 1.773846350155583798e-02 1.034721747848009521e+00 2.272030076501594363e-04 3.938979375558453455e-01 8.214239695134459396e+00
5.448160535117057179e+01 1.793426123490457838e-02 1.039545896310480222e+00 1.836224308678919680e-04 3.954608326864132994e-01 8.340342670641565093e+00
5.478260869565217916e+01 1.812688133376588046e-02 1.044370044772950923e+00 3.669266631553545267e-04 3.970237278169811423e-01 8.457293344881156472e+00
5.508361204013378654e+01 1.831965177846445539e-02 1.049194193235421624e+00 5.444819198122856710e-04 3.985866229475490963e-01 8.564323477001444473e+00
5.538461538461538680e+01 1.851550400279023192e-02 1.054018341697892325e+00 5.263818886172427509e-04 4.001495180781170502e-01 8.661096296190404331e+00
5.568561872909699417e+01 1.871606121533491221e-02 1.058842490160363248e+00 4.815587894614543115e-04 4.017124132086848931e-01 8.746801107474917458e+00
5.598662207357860154e+01 1.892106416778351410e-02 1.063666638622833949e+00 5.151583711614511184e-04 4.032753083392528470e-01 8.823244167399282745e+00
5.628762541806020181e+01 1.912825259282366699e-02 1.068490787085304650e+00 4.574365825790072549e-04 4.048382034698206899e-01 8.898202976832035205e+00
5.658862876254180918e+01 1.933370828176625769e-02 1.073314935547775351e+00 3.180716165233792351e-04 4.064010986003886439e-01 8.982782757893405190e+00
5.688963210702341655e+01 1.953258948920103683e-02 1.078139084010246052e+00 3.065508073527950213e-04 4.079639937309564868e-01 9.083008968513661685e+00
5.719063545150502392e+01 1.972013687340198190e-02 1.082963232472716752e+00 4.521289216876573942e-04 4.095268888615244407e-01 9.193864290776947001e+00
5.749163879598662419e+01 1.989278525298315142e-02 1.087787380935187453e+00 6.068472356731472155e-04 4.110897839920923946e-01 9.302282986801134967e+00
5.779264214046823156e+01 2.004916532929911649e-02 1.092611529397658154e+00 6.020651780190481141e-04 4.126526791226602375e-01 9.395342655340098048e+00
5.809364548494983893e+01 2.019074647854302365e-02 1.097435677860129077e+00 3.817758939873188481e-04 4.142155742532281915e-01 9.464736556932189515e+00
5.839464882943143920e+01 2.032189542801981358e-02 1.102259826322599778e+00 1.400930992296098147e-04 4.157784693837960344e-01 9.505347424737481177e+00
5.869565217391304657e+01 2.044923632682733514e-02 1.107083974785070479e+00 2.846658965312401490e-05 4.173413645143639883e-01 9.513724723681166395e+00
5.899665551839465394e+01 2.058038741154585849e-02 1.111908123247541180e+00 3.234526583330315412e-06 4.189042596449318312e-01 9.490018082420949241e+00
5.929765886287626131e+01 2.072236028836912936e-02 1.116732271710011881e+00 1.687261665062697895e-06 4.204671547754997851e-01 9.439577292670351838e+00
5.959866220735786158e+01 2.088004958616074269e-02 1.121556420172482582e+00 1.409816635149385026e-05 4.220300499060677391e-01 9.370040169448623502e+00
5.989966555183946895e+01 2.105523490689429483e-02 1.126380568634953283e+00 7.052392167896424458e-05 4.235929450366355820e-01 9.286150490197780272e+00
6.020066889632107632e+01 2.124634620680548869e-02 1.131204717097424206e+00 1.878442657995587945e-04 4.251558401672035359e-01 9.187809143326569838e+00
6.050167224080267658e+01 2.144897426810273011e-02 1.136028865559894907e+00 2.662942296304072814e-04 4.267187352977713788e-01 9.073163098517850855e+00
6.080267558528428395e+01 2.165686375378630610e-02 1.140853014022365608e+00 2.009290436156348941e-04 4.282816304283393327e-01 8.943507364540053572e+00
6.110367892976589133e+01 2.186302254519580449e-02 1.145677162484836309e+00 8.089198498528961574e-05 4.298445255589071756e-01 8.805839251683522662e+00
6.140468227424749870e+01 2.206065541229085963e-02 1.150501310947307010e+00 2.029415557930660849e-05 4.314074206894751295e-01 8.671431449423801396e+00
6.170568561872909896e+01 2.224381886840851030e-02 1.155325459409777711e+00 2.589266836922595388e-05 4.329703158200430835e-01 8.551119002962163762e+00
6.200668896321070633e+01 2.240787181381985113e-02 1.160149607872248412e+00 1.004661889051176735e-04 4.345332109506109264e-01 8.449024420242395195e+00
6.230769230769231370e+01 2.254985567324613305e-02 1.164973756334719335e+00 2.284845670280380382e-04 4.360961060811788803e-01 8.357901004299618464e+00
6.260869565217392108e+01 2.266885592127258070e-02 1.169797904797189814e+00 3.050261481042316407e-04 4.376590012117467232e-01 8.260350608170977438e+00
6.290969899665552134e+01 2.276624814636050639e-02 1.174622053259660737e+00 3.079623156116555746e-04 4.392218963423146771e-01 8.137144013190821923e+00
6.321070234113712871e+01 2.284563508042614446e-02 1.179446201722131438e+00 3.083531045970678577e-04 4.407847914728825200e-01 7.977553736771341164e+00
6.351170568561873608e+01 2.291232197338241572e-02 1.184270350184602139e+00 2.481279405038923813e-04 4.423476866034504740e-01 7.783906025300001197e+00
6.381270903010033635e+01 2.297235350642676949e-02 1.189094498647072840e+00 1.203098454845453747e-04 4.439105817340184279e-01 7.567341025221715256e+00
6.411371237458195083e+01 2.303135490761252027e-02 1.193918647109543540e+00 3.187684491005938120e-05 4.454734768645862708e-01 7.339360004918706437e+00
6.441471571906355109e+01 2.309355593436699175e-02 1.198742795572014241e+00 4.518242521678253775e-06 4.470363719951542247e-01 7.106562052008936980e+00
6.471571906354515136e+01 2.316133895569291723e-02 1.203566944034484942e+00 3.411828399464769613e-07 4.485992671257220676e-01 6.871586992679566741e+00
6.501672240802676583e+01 2.323544190451067720e-02 1.208391092496955865e+00 1.371469787489313483e-08 4.501621622562900216e-01 6.636567670756639892e+00
6.531772575250836610e+01 2.331565899269332637e-02 1.213215240959426566e+00 2.934282390938799973e-10 4.517250573868578645e-01 6.403670843996920325e+00
6.561872909698996637e+01 2.340166037406034641e-02 1.218039389421897267e+00 3.341349388468462642e-12 4.532879525174258184e-01 6.172163723803154589e+00
6.591973244147158084e+01 2.349351199665964882e-02 1.222863537884367968e+00 2.025087850097153752e-14 4.548508476479937723e-01 5.936605985893903537e+00
6.622073578595318111e+01 2.359164237187407268e-02 1.227687686346838669e+00 6.532319242747411186e-17 4.564137427785616152e-01 5.689876409417537140e+00
6.652173913043478137e+01 2.369629087679503421e-02 1.232511834809309370e+00 1.121482254191941043e-19 4.579766379091295692e-01 5.429104277504286813e+00
6.682274247491639585e+01 2.380673733418676302e-02 1.237335983271780071e+00 1.024752217173128118e-22 4.595395330396974121e-01 5.159011905228270578e+00
6.712374581939799612e+01 2.392072568186170631e-02 1.242160131734250772e+00 4.983641347105916338e-26 4.611024281702653660e-01 4.889637791710614856e+00
6.742474916387959638e+01 2.403440735974113340e-02 1.246984280196721695e+00 1.289959711303708730e-29 4.626653233008332089e-01 4.630675767589834457e+00
6.772575250836121086e+01 2.414289268305559039e-02 1.251808428659192396e+00 1.777079940998120525e-33 4.642282184314011628e-01 4.386824946464884967e+00
6.802675585284281112e+01 2.424122588052876962e-02 1.256632577121663097e+00 1.302984457653902703e-37 4.657911135619691168e-01 4.156443558754173040e+00
6.832775919732442560e+01 2.432541354817245940e-02 1.261456725584133798e+00 5.084789260119308518e-42 4.673540086925369597e-01 3.933322396294677059e+00
6.862876254180602587e+01 2.439311453443821290e-02 1.266280874046604499e+00 1.056107515935748359e-46 4.689169038231049136e-01 3.710732962131515489e+00
6.892976588628762613e+01 2.444374764708009268e-02 1.271105022509075200e+00 1.167467395759036460e-51 4.704797989536727565e-01 3.486148601215857123e+00
6.923076923076924061e+01 2.447802632208008825e-02 1.275929170971545901e+00 6.868831145209686057e-57 4.720426940842407104e-01 3.263493587337582102e+00
6.953177257525084087e+01 2.449717452310108332e-02 1.280753319434016824e+00 2.150910661402696648e-62 4.736055892148085533e-01 3.050411392385813603e+00
6.983277591973244114e+01 2.450220367720109746e-02 1.285577467896487525e+00 3.584787003341092961e-68 4.751684843453765072e-01 2.852154796287698968e+00
7.013377926421405562e+01 2.449357728403978030e-02 1.290401616358958226e+00 3.179843841205929531e-74 4.767313794759444612e-01 2.667348338320632450e+00
7.043478260869565588e+01 2.447138489185765250e-02 1.295225764821428927e+00 1.501238457919862219e-80 4.782942746065123041e-01 2.489508262799640548e+00
7.073578595317725615e+01 2.443589331990926247e-02 1.300049913283899627e+00 3.772202706244098630e-87 4.798571697370802580e-01 2.312782483740472017e+00
7.103678929765887062e+01 2.438816586334444439e-02 1.304874061746370328e+00 5.044775165491773847e-94 4.814200648676481009e-01 2.136580477014762280e+00
7.133779264214047089e+01 2.433042089617426518e-02 1.309698210208841029e+00 3.590790444967618034e-101 4.829829599982160548e-01 1.965372685212684267e+00
7.163879598662208537e+01 2.426593642257361683e-02 1.314522358671311952e+00 1.360315850509193088e-108 4.845458551287838977e-01 1.804655812256548142e+00
7.193979933110368563e+01 2.419851829265887155e-02 1.319346507133782653e+00 2.742779586028102689e-116 4.861087502593518517e-01 1.656930068485845675e+00
7.224080267558528590e+01 2.413173260106665080e-02 1.324170655596253354e+00 2.943360861037594011e-124 4.876716453899198056e-01 1.520648829924671874e+00
7.254180602006690037e+01 2.406818252921110249e-02 1.328994804058724055e+00 1.681115548953467032e-132 4.892345405204876485e-01 1.392390926057666123e+00
7.284280936454850064e+01 2.400907161974214984e-02 1.333818952521194756e+00 2.699519410182311807e-134 4.907974356510556024e-01 1.270268258317571508e+00
7.314381270903010090e+01 2.395417654632203686e-02 1.338643100983665457e+00 5.530175875355034599e-126 4.923603307816234453e-01 1.155819156596151975e+00
7.344481605351171538e+01 2.390221021335611762e-02 1.343467249446136158e+00 6.029661982009189662e-118 4.939232259121913993e-01 1.052770003259740905e+00
7.374581939799331565e+01 2.385143626972495087e-02 1.348291397908606859e+00 3.499036253061316441e-110 4.954861210427592422e-01 9.636692727296420902e-01
7.404682274247491591e+01 2.380032229467724664e-02 1.353115546371077782e+00 1.080700543747973806e-102 4.970490161733271961e-01 8.873470110624700480e-01
7.434782608695653039e+01 2.374800202476169686e-02 1.357939694833548483e+00 1.776494020513521843e-95 4.986119113038951500e-01 8.192731737636729239e-01
7.464882943143813065e+01 2.369436719719987886e-02 1.362763843296019184e+00 1.554259685361879324e-88 5.001748064344629929e-01 7.541138836005956136e-01
7.494983277591973092e+01 2.363973046030988512e-02 1.367587991758489885e+00 7.237438176332030130e-82 5.017377015650309469e-01 6.882286547691744971e-01
7.525083612040134540e+01 2.358416854254203124e-02 1.372412140220960586e+00 1.793690895530388439e-75 5.033005966955987898e-01 6.206974509682020580e-01
7.555183946488294566e+01 2.352680737186800888e-02 1.377236288683431287e+00 2.365983942449228061e-69 5.048634918261667437e-01 5.529966187780976927e-01
7.585284280936456014e+01 2.346536982916640202e-02 1.382060437145901988e+00 1.661029838574520941e-63 5.064263869567345866e-01 4.880138690679768909e-01
7.615384615384616041e+01 2.339622667557995916e-02 1.386884585608372911e+00 6.206468102600555634e-58 5.079892820873025405e-01 4.288947707684547805e-01
7.645484949832776067e+01 2.331499758705318434e-02 1.391708734070843612e+00 1.234278242846998863e-52 5.095521772178704945e-01 3.780423115429734082e-01
7.675585284280937515e+01 2.321753207823243001e-02 1.396532882533314313e+00 1.306420755813167742e-47 5.111150723484383374e-01 3.365477887110757127e-01
7.705685618729097541e+01 2.310096096131532967e-02 1.401357030995785014e+00 7.359605274719435818e-43 5.126779674790062913e-01 3.041165509222622521e-01
7.735785953177257568e+01 2.296450124688071900e-02 1.406181179458255714e+00 2.206619362092047380e-38 5.142408626095741342e-01 2.792398205550468693e-01
7.765886287625419016e+01 2.280980278431490871e-02 1.411005327920726415e+00 3.521289887071772418e-34 5.158037577401420881e-01 2.593851415131655513e-01
7.795986622073579042e+01 2.264077846403671559e-02 1.415829476383197116e+00 2.990732612781556182e-30 5.173666528707099310e-01 2.413747115999446691e-01
7.826086956521739069e+01 2.246299703190795041e-02 1.420653624845668039e+00 1.351931994007670523e-26 5.189295480012778849e-01 2.222547556529569368e-01
7.856187290969900516e+01 2.228280643696698565e-02 1.425477773308138740e+00 3.252621718309129638e-23 5.204924431318458389e-01 2.004317886636313994e-01
7.886287625418060543e+01 2.210639514896939675e-02 1.430301921770609441e+00 4.164987682832718444e-20 5.220553382624136818e-01 1.763026855010469962e-01
7.916387959866221991e+01 2.193899709937427098e-02 1.435126070233080142e+00 2.838542084641152170e-17 5.236182333929816357e-01 1.518496818723443498e-01
7.946488294314382017e+01 2.178440324405914175e-02 1.439950218695550843e+00 1.029623404233971306e-14 5.251811285235494786e-01 1.294746864509378759e-01
7.976588628762542044e+01 2.164485602902946337e-02 1.444774367158021544e+00 1.987755329426815508e-12 5.267440236541174325e-01 1.108425388849792609e-01
8.006688963210703491e+01 2.152128356014327767e-02 1.449598515620492245e+00 2.042438081903487200e-10 5.283069187846852754e-01 9.634539620682525118e-02
8.036789297658863518e+01 2.141371545756265427e-02 1.454422664082963168e+00 1.116956667107746870e-08 5.298698139152532294e-01 8.529201559920090991e-02
8.066889632107023544e+01 2.132166498354727893e-02 1.459246812545433869e+00 3.251061648692442015e-07 5.314327090458211833e-01 7.648480935911976253e-02
8.096989966555184992e+01 2.124429966947759610e-02 1.464070961007904570e+00 5.036346160500978600e-06 5.329956041763890262e-01 6.874704023491179372e-02
8.127090301003345019e+01 2.118034809375845054e-02 1.468895109470375271e+00 4.152483106961242434e-05 5.345584993069569801e-01 6.120023378091585947e-02
8.157190635451505045e+01 2.112784623654964666e-02 1.473719257932845972e+00 1.822251091224083455e-04 5.361213944375248230e-01 5.336664553376531395e-02
8.187290969899666493e+01 2.108393244784288745e-02 1.478543406395316673e+00 4.256965709025705910e-04 5.376842895680927770e-01 4.521226793648219777e-02
8.217391304347826519e+01 2.104489687823695235e-02 1.483367554857787374e+00 5.307918678232998420e-04 5.392471846986606199e-01 3.711547490708293207e-02
8.247491638795986546e+01 2.100657723339537444e-02 1.488191703320258075e+00 3.658388354193409676e-04 5.408100798292285738e-01 2.969028016805013576e-02
8.277591973244147994e+01 2.096502512353796283e-02 1.493015851782728998e+00 1.994559434576271477e-04 5.423729749597965277e-01 2.349865268904637733e-02
8.307692307692308020e+01 2.091723147347492387e-02 1.497840000245199699e+00 2.184505384702508074e-04 5.439358700903643706e-01 1.880697506620597828e-02
8.337792642140469468e+01 2.086166311458170428e-02 1.502664148707670400e+00 2.688823649965930811e-04 5.454987652209323246e-01 1.552035800084971932e-02
8.367892976588629494e+01 2.079844078279050740e-02 1.507488297170141101e+00 1.947728214435068413e-04 5.470616603515001675e-01 1.329467466850002728e-02
8.397993311036789521e+01 2.072913741375345328e-02 1.512312445632611801e+00 8.798639121794621615e-05 5.486245554820681214e-01 1.172229285426848802e-02
8.428093645484950969e+01 2.065631680644818002e-02 1.517136594095082502e+00 9.879755748983578547e-05 5.501874506126359643e-01 1.048209068854659941e-02
8.458193979933110995e+01 2.058299652524446174e-02 1.521960742557553203e+00 2.825930327322747726e-04 5.517503457432039182e-01 9.399947229823752554e-03
8.488294314381271022e+01 2.051218139543215316e-02 1.526784891020024126e+00 5.036080200325563500e-04 5.533132408737718722e-01 8.425226019567050306e-03
8.518394648829432469e+01 2.044650954166831597e-02 1.531609039482494827e+00 4.803472043060121586e-04 5.548761360043397151e-01 7.563080436291325787e-03
8.548494983277592496e+01 2.038795326655938600e-02 1.536433187944965528e+00 2.438925801028391123e-04 5.564390311349076690e-01 6.809649165100666729e-03
8.578595317725752523e+01 2.033748785362581718e-02 1.541257336407436229e+00 6.590918435471149130e-05 5.580019262654755119e-01 6.125976045863693042e-03
8.608695652173913970e+01 2.029470313556558728e-02 1.546081484869906930e+00 9.479704991004629091e-06 5.595648213960434658e-01 5.459565143390866446e-03
8.638795986622073997e+01 2.025744944510107781e-02 1.550905633332377631e+00 7.256801608934946319e-07 5.611277165266113087e-01 4.785494404217100275e-03
8.668896321070235444e+01 2.022171070071302271e-02 1.555729781794848332e+00 2.958544540089495939e-08 5.626906116571792627e-01 4.120786036324649432e-03
8.698996655518395471e+01 2.018191654516927891e-02 1.560553930257319255e+00 1.969606075648970521e-09 5.642535067877472166e-01 3.494590235401904242e-03
8.729096989966555498e+01 2.013181372242332789e-02 1.565378078719789956e+00 4.906458992917945413e-08 5.658164019183150595e-01 2.908955960646817697e-03
8.759197324414716945e+01 2.006583546797822623e-02 1.570202227182260657e+00 9.641732030208676186e-07 5.673792970488830134e-01 2.337685766078807098e-03
8.789297658862876972e+01 1.998069978547678538e-02 1.575026375644731358e+00 1.008576521188009960e-05 5.689421921794508563e-01 1.764706103260460946e-03
8.819397993311036998e+01 1.987681536646367444e-02 1.579850524107202059e+00 5.615185700989279856e-05 5.705050873100188102e-01 1.215653878246746077e-03
8.849498327759198446e+01 1.975904790756116344e-02 1.584674672569672760e+00 1.663875570251847848e-04 5.720679824405866531e-01 7.461781190181985190e-04
8.879598662207358473e+01 1.963652717662160013e-02 1.589498821032143461e+00 2.624091771155143268e-04 5.736308775711546071e-01 4.012264364943318056e-04
8.909698996655518499e+01 1.952142378046062970e-02 1.594322969494614162e+00 2.202615269744182013e-04 5.751937727017225610e-01 1.868729393350077083e-04
8.939799331103679947e+01 1.942691108189414928e-02 1.599147117957085085e+00 9.840104809470526974e-05 5.767566678322904039e-01 7.483837606065641486e-05
8.969899665551839973e+01 1.936475470308315558e-02 1.603971266419555786e+00 2.339711205737262758e-05 5.783195629628583578e-01 2.564683533143128564e-05
9.000000000000000000e+01 1.934307130197557636e-02 1.608795414882026487e+00 2.960917031776782943e-06 5.798824580934262007e-01 7.496691571954784609e-06
