0.000000000000000000e+00 1.439132683645512701e-05 5.100975964336534885e-04 1.300283711273240127e-03 1.065447847640905998e-04 4.183172513514785140e-03
3.010033444816053727e-01 1.434011743585754713e-05 1.013476326654817739e-02 1.186307364710113398e-03 1.943580387449127993e-03 3.883731643566219055e-03
6.020066889632107454e-01 1.426833884847325990e-05 1.975942893666270128e-02 9.253484058989030212e-04 3.780615990134165386e-03 3.203822048131565407e-03
9.030100334448161181e-01 1.437580924757734088e-05 2.938409460677722518e-02 6.324136956326555006e-04 5.617651592819202996e-03 2.507983987416270363e-03
1.204013377926421491e+00 1.486614062731686565e-05 3.900876027689174907e-02 4.244541692016441225e-04 7.454687195504240173e-03 2.131626412581328223e-03
1.505016722408026864e+00 1.582127860711818698e-05 4.863342594700627297e-02 3.847237880173082084e-04 9.291722798189277349e-03 2.132938639766675422e-03
1.806020066889632236e+00 1.712805846080306521e-05 5.825809161712079687e-02 4.704961919225647440e-04 1.112875840087431539e-02 2.281922179294061399e-03
2.107023411371237387e+00 1.849719708947902385e-05 6.788275728723532076e-02 5.302444940630821404e-04 1.296579400355935170e-02 2.285402176241115631e-03
2.408026755852842982e+00 1.957296908497209792e-05 7.750742295734984466e-02 5.054802078324021047e-04 1.480282960624438975e-02 2.031051097598538489e-03
2.709030100334448576e+00 2.008634926888101577e-05 8.713208862746436856e-02 4.874318645947147539e-04 1.663986520892942605e-02 1.683828991548328314e-03
3.010033444816053727e+00 1.997725312013526981e-05 9.675675429757889245e-02 5.178260040135145492e-04 1.847690081161446410e-02 1.559907891292516271e-03
3.311036789297658878e+00 1.942251526511563415e-05 1.063814199676934164e-01 5.241505187269045575e-04 2.031393641429950214e-02 1.839360625482895899e-03
3.612040133779264472e+00 1.875636591719570149e-05 1.160060856378079402e-01 4.975994022895397243e-04 2.215097201698454019e-02 2.381722674838119592e-03
3.913043478260870067e+00 1.833198413372188714e-05 1.256307513079224503e-01 5.351576165654494928e-04 2.398800761966957823e-02 2.871047143932934417e-03
4.214046822742474774e+00 1.840526496312429092e-05 1.352554169780370019e-01 6.976395224820773578e-04 2.582504322235461280e-02 3.133302027570447797e-03
4.515050167224080369e+00 1.910117927503877258e-05 1.448800826481514981e-01 9.812453402078980414e-04 2.766207882503965085e-02 3.231120770105333322e-03
4.816053511705685963e+00 2.046200795678895993e-05 1.545047483182660497e-01 1.425822043363285819e-03 2.949911442772468889e-02 3.269979924217088826e-03
5.117056856187291558e+00 2.251868913404771574e-05 1.641294139883805459e-01 2.098824922938826928e-03 3.133615003040972347e-02 3.250265043348501016e-03
5.418060200668897153e+00 2.531616168493624870e-05 1.737540796584950975e-01 2.997357552872405816e-03 3.317318563309476498e-02 3.137513610454599391e-03
5.719063545150501859e+00 2.887247118410399933e-05 1.833787453286095936e-01 4.226001172222165411e-03 3.501022123577980649e-02 2.972900090974945134e-03
6.020066889632107454e+00 3.312189915795241639e-05 1.930034109987241453e-01 6.304185610513169877e-03 3.684725683846483413e-02 2.867728676128800894e-03
6.321070234113713049e+00 3.791997467370755481e-05 2.026280766688386414e-01 1.000144993929352917e-02 3.868429244114987564e-02 2.902856360496755377e-03
6.622073578595317755e+00 4.313679727161673572e-05 2.122527423389531931e-01 1.586301260938526025e-02 4.052132804383491715e-02 3.022125944581820819e-03
6.923076923076923350e+00 4.877069389247005576e-05 2.218774080090676892e-01 2.451614335141614684e-02 4.235836364651994479e-02 3.052389424361179847e-03
7.224080267558528945e+00 5.496606234569504870e-05 2.315020736791822409e-01 3.757536408080235785e-02 4.419539924920498630e-02 2.887970608347837503e-03
7.525083612040134540e+00 6.187970382044850448e-05 2.411267393492967370e-01 5.755933778767299835e-02 4.603243485189002782e-02 2.615058581781311894e-03
7.826086956521740134e+00 6.947466643751032639e-05 2.507514050194112887e-01 8.729401624298757656e-02 4.786947045457506933e-02 2.375325840243360312e-03
8.127090301003345729e+00 7.741465051880471815e-05 2.603760706895257848e-01 1.299351177468931751e-01 4.970650605726009696e-02 2.180251489033410792e-03
8.428093645484949548e+00 8.518915415228991875e-05 2.700007363596403365e-01 1.887737600005933714e-01 5.154354165994513848e-02 1.994432966081605314e-03
8.729096989966555142e+00 9.243534186076715750e-05 2.796254020297548881e-01 2.669016599201544659e-01 5.338057726263017999e-02 1.930260855597388343e-03
9.030100334448160737e+00 9.926003198908937798e-05 2.892500676998693843e-01 3.668550043435989116e-01 5.521761286531520763e-02 2.159399515501591715e-03
9.331103678929766332e+00 1.063330096078687269e-04 2.988747333699838804e-01 4.887337544486839436e-01 5.705464846800024914e-02 2.626156473648502947e-03
9.632107023411371927e+00 1.146507452254770396e-04 3.084993990400984321e-01 6.268710672032375975e-01 5.889168407068529065e-02 3.016276091426992739e-03
9.933110367892977521e+00 1.250716486313386178e-04 3.181240647102129837e-01 7.717966348574329949e-01 6.072871967337031829e-02 3.054107412538812488e-03
1.023411371237458312e+01 1.378721314814731536e-04 3.277487303803274798e-01 9.174773987989288671e-01 6.256575527605535980e-02 2.748215727025635040e-03
1.053511705685618871e+01 1.525831386394175453e-04 3.373733960504419760e-01 1.060793528503011673e+00 6.440279087874040131e-02 2.357312836013307922e-03
1.083612040133779431e+01 1.682350970768140127e-04 3.469980617205565276e-01 1.196393439314666463e+00 6.623982648142542895e-02 2.199474042643223895e-03
1.113712374581939812e+01 1.839272143875758506e-04 3.566227273906710793e-01 1.317779721993651787e+00 6.807686208411047046e-02 2.458589669044866990e-03
1.143812709030100372e+01 1.994446259849965417e-04 3.662473930607855754e-01 1.419772750412388707e+00 6.991389768679551198e-02 3.048731123753187222e-03
1.173913043478260931e+01 2.155795248554389265e-04 3.758720587309000716e-01 1.501242157186174930e+00 7.175093328948053961e-02 3.647680930306935153e-03
1.204013377926421491e+01 2.339335606037615440e-04 3.854967244010146232e-01 1.566340939173000546e+00 7.358796889216558113e-02 3.965515108032570055e-03
1.234113712374582050e+01 2.562571707545895278e-04 3.951213900711291749e-01 1.622173504167109259e+00 7.542500449485062264e-02 3.989701025695703389e-03
1.264214046822742610e+01 2.836753813810520618e-04 4.047460557412436710e-01 1.678317301822952246e+00 7.726204009753566415e-02 3.893816690804746770e-03
1.294314381270903169e+01 3.162669173247869832e-04 4.143707214113581672e-01 1.741068712818715225e+00 7.909907570022069179e-02 3.818069070162630804e-03
1.324414715719063551e+01 3.532872884685175538e-04 4.239953870814727188e-01 1.808082282187293721e+00 8.093611130290573330e-02 3.913314482972750537e-03
1.354515050167224111e+01 3.939285735730352453e-04 4.336200527515872705e-01 1.873488046723289724e+00 8.277314690559077481e-02 4.467193121850051261e-03
1.384615384615384670e+01 4.381439488971382691e-04 4.432447184217017666e-01 1.934458806813678988e+00 8.461018250827580245e-02 5.680356044746591969e-03
1.414715719063545230e+01 4.870069870771640431e-04 4.528693840918162627e-01 1.994001345218640031e+00 8.644721811096084396e-02 7.261507899779594960e-03
1.444816053511705789e+01 5.423936163768868770e-04 4.624940497619308144e-01 2.055619946865509640e+00 8.828425371364588548e-02 8.484933405776363957e-03
1.474916387959866348e+01 6.062474580849341052e-04 4.721187154320453661e-01 2.115425549526642968e+00 9.012128931633091311e-02 8.832647766697563838e-03
1.505016722408026908e+01 6.799628898933735011e-04 4.817433811021598622e-01 2.171148649123532781e+00 9.195832491901595462e-02 8.489402012775593143e-03
1.535117056856187467e+01 7.642930261396808965e-04 4.913680467722743583e-01 2.229348776383798914e+00 9.379536052170099614e-02 8.101022089552935637e-03
1.565217391304348027e+01 8.597766629611023866e-04 5.009927124423888545e-01 2.289173476120842210e+00 9.563239612438603765e-02 8.131434159757923788e-03
1.595317725752508409e+01 9.673053878643789703e-04 5.106173781125034061e-01 2.337757657226777752e+00 9.746943172707106529e-02 8.507221926240536233e-03
1.625418060200669146e+01 1.088385537331148633e-03 5.202420437826178468e-01 2.372517662381000036e+00 9.930646732975610680e-02 8.817276096769088162e-03
1.655518394648829528e+01 1.224899236888280039e-03 5.298667094527323984e-01 2.404497307621309865e+00 1.011435029324411483e-01 8.821822102737656920e-03
1.685618729096989910e+01 1.378517496676802878e-03 5.394913751228469501e-01 2.436104493639479340e+00 1.029805385351261759e-01 8.739260577270270211e-03
1.715719063545150647e+01 1.550122249118906408e-03 5.491160407929615017e-01 2.456075861120829096e+00 1.048175741378112175e-01 8.971707030850534573e-03
1.745819397993311028e+01 1.739568114548992184e-03 5.587407064630760534e-01 2.459136901934572350e+00 1.066546097404962590e-01 9.588169374714183846e-03
1.775919732441471766e+01 1.945950734547436441e-03 5.683653721331904940e-01 2.454590252097118341e+00 1.084916453431812866e-01 1.021372528435191517e-02
1.806020066889632147e+01 2.168367301983030633e-03 5.779900378033050456e-01 2.447873445502766643e+00 1.103286809458663281e-01 1.047550149116305632e-02
1.836120401337792885e+01 2.406966096329188950e-03 5.876147034734195973e-01 2.430556109870193993e+00 1.121657165485513696e-01 1.046991540102215797e-02
1.866220735785953266e+01 2.663846347737390194e-03 5.972393691435340379e-01 2.394829558213556364e+00 1.140027521512364111e-01 1.068452707458288596e-02
1.896321070234114003e+01 2.943201935277758776e-03 6.068640348136485896e-01 2.340900137481616294e+00 1.158397877539214388e-01 1.147426931965824827e-02
1.926421404682274385e+01 3.250287167245600323e-03 6.164887004837631412e-01 2.274569545348385624e+00 1.176768233566064803e-01 1.273047914156029241e-02
1.956521739130434767e+01 3.589444193419583529e-03 6.261133661538776929e-01 2.204392043288090353e+00 1.195138589592915218e-01 1.406351119721550684e-02
1.986622073578595504e+01 3.962199611927455338e-03 6.357380318239922445e-01 2.132951282279127003e+00 1.213508945619765494e-01 1.516661287186369701e-02
2.016722408026755886e+01 4.366629296177540302e-03 6.453626974941066852e-01 2.057746256618179448e+00 1.231879301646615910e-01 1.599040581063246313e-02
2.046822742474916623e+01 4.798465457312154313e-03 6.549873631642212368e-01 1.980367113316115812e+00 1.250249657673466464e-01 1.673006601110406041e-02
2.076923076923077005e+01 5.253232064510639926e-03 6.646120288343357885e-01 1.901987772784735631e+00 1.268620013700316740e-01 1.768208927946507414e-02
2.107023411371237742e+01 5.727982486972150490e-03 6.742366945044502291e-01 1.817914772647107657e+00 1.286990369727167294e-01 1.890216672267916106e-02
2.137123745819398124e+01 6.221585359282010355e-03 6.838613601745647808e-01 1.728209576268596726e+00 1.305360725754017570e-01 1.987971844070899469e-02
2.167224080267558861e+01 6.733694037898859536e-03 6.934860258446793324e-01 1.639998005776798884e+00 1.323731081780867846e-01 1.980671104598880419e-02
2.197324414715719243e+01 7.263596097171032273e-03 7.031106915147938841e-01 1.556365263382772479e+00 1.342101437807718400e-01 1.843303238307921962e-02
2.227424749163879625e+01 7.810194664448954528e-03 7.127353571849084357e-01 1.476357018291697187e+00 1.360471793834568677e-01 1.652687231044914704e-02
2.257525083612040362e+01 8.373331571369204904e-03 7.223600228550228763e-01 1.396797428222604998e+00 1.378842149861418953e-01 1.536794524428643921e-02
2.287625418060200744e+01 8.955365097634842772e-03 7.319846885251374280e-01 1.312770834534803921e+00 1.397212505888269507e-01 1.586334559296985816e-02
2.317725752508361481e+01 9.561505267261837318e-03 7.416093541952519796e-01 1.226565189076654905e+00 1.415582861915119783e-01 1.793403579253473670e-02
2.347826086956521863e+01 1.019831413779035550e-02 7.512340198653664203e-01 1.147664595057854786e+00 1.433953217941970060e-01 2.045441939968298956e-02
2.377926421404682600e+01 1.087122490374132187e-02 7.608586855354809719e-01 1.081561549502639386e+00 1.452323573968820614e-01 2.204579323159942469e-02
2.408026755852842982e+01 1.158261591312661348e-02 7.704833512055955236e-01 1.026086295839740536e+00 1.470693929995670890e-01 2.233480732782935560e-02
2.438127090301003363e+01 1.233132069150751596e-02 7.801080168757100752e-01 9.749267637922911511e-01 1.489064286022521166e-01 2.238124533437792912e-02
2.468227424749164101e+01 1.311317592285342858e-02 7.897326825458246269e-01 9.212841686142998476e-01 1.507434642049371720e-01 2.366800251155458390e-02
2.498327759197324482e+01 1.392154895604306129e-02 7.993573482159390675e-01 8.643499816646902367e-01 1.525804998076221997e-01 2.662468515906969355e-02
2.528428093645485220e+01 1.474729048283420982e-02 8.089820138860536192e-01 8.082535047895111902e-01 1.544175354103072551e-01 3.016536176341444095e-02
2.558528428093645601e+01 1.557864239651980329e-02 8.186066795561681708e-01 7.538349737567999753e-01 1.562545710129922827e-01 3.273669475221219899e-02
2.588628762541806339e+01 1.640223072987861269e-02 8.282313452262826114e-01 7.004841769814157404e-01 1.580916066156773103e-01 3.375147633794361307e-02
2.618729096989966720e+01 1.720579248329928007e-02 8.378560108963971631e-01 6.502073379118160634e-01 1.599286422183623657e-01 3.382279037528233140e-02
2.648829431438127102e+01 1.798201329910592561e-02 8.474806765665117148e-01 6.044854715253233923e-01 1.617656778210473933e-01 3.380627765324147049e-02
2.678929765886287839e+01 1.873169563929666381e-02 8.571053422366262664e-01 5.624810407330675943e-01 1.636027134237324210e-01 3.404364736792005880e-02
2.709030100334448221e+01 1.946432830768251090e-02 8.667300079067408181e-01 5.238072521190423325e-01 1.654397490264174764e-01 3.439323261779853036e-02
2.739130434782608958e+01 2.019526998827333303e-02 8.763546735768552587e-01 4.896962252430130946e-01 1.672767846291025040e-01 3.455551601447957866e-02
2.769230769230769340e+01 2.094058909636558469e-02 8.859793392469698103e-01 4.590537599008513991e-01 1.691138202317875316e-01 3.450255529981065966e-02
2.799331103678930077e+01 2.171192962056829948e-02 8.956040049170843620e-01 4.269284111880040644e-01 1.709508558344725870e-01 3.488267379197246276e-02
2.829431438127090459e+01 2.251365360679206604e-02 9.052286705871988026e-01 3.919282175552634140e-01 1.727878914371576147e-01 3.678130977648787908e-02
2.859531772575251196e+01 2.334304238248458702e-02 9.148533362573133543e-01 3.592099385606166706e-01 1.746249270398426423e-01 4.083143798559832338e-02
2.889632107023411578e+01 2.419264078125440628e-02 9.244780019274279059e-01 3.309991513160515098e-01 1.764619626425276977e-01 4.664938960743145874e-02
2.919732441471571960e+01 2.505309698087301862e-02 9.341026675975424576e-01 3.042191081123084007e-01 1.782989982452127253e-01 5.313878909816911744e-02
2.949832775919732697e+01 2.591534220762723578e-02 9.437273332676570092e-01 2.779688864062468956e-01 1.801360338478977530e-01 5.914501706157741789e-02
2.979933110367893079e+01 2.677190619133877972e-02 9.533519989377714499e-01 2.529482311937938932e-01 1.819730694505828084e-01 6.392799305855004222e-02
3.010033444816053816e+01 2.761766157873808344e-02 9.629766646078860015e-01 2.293797029483689298e-01 1.838101050532678360e-01 6.749659657327959639e-02
3.040133779264214198e+01 2.845012904067538428e-02 9.726013302780005532e-01 2.097924853111186594e-01 1.856471406559528914e-01 7.069618018687721939e-02
3.070234113712374935e+01 2.926916156979380082e-02 9.822259959481149938e-01 1.961506940478812688e-01 1.874841762586379190e-01 7.468181313967658941e-02
3.100334448160535317e+01 3.007586685994104170e-02 9.918506616182295454e-01 1.859168714937869948e-01 1.893212118613229467e-01 8.015565678214850442e-02
3.130434782608696054e+01 3.087097937169819631e-02 1.001475327288344097e+00 1.754078261602742828e-01 1.911582474640080020e-01 8.723773303232248977e-02
3.160535117056856436e+01 3.165317166758000594e-02 1.011099992958458538e+00 1.643453228024681634e-01 1.929952830666930297e-01 9.592080110127818027e-02
3.190635451505016817e+01 3.241782904389999692e-02 1.020724658628573200e+00 1.550694861535533431e-01 1.948323186693780573e-01 1.062382454028834439e-01
3.220735785953177555e+01 3.315676686551275593e-02 1.030349324298687641e+00 1.480977650309888149e-01 1.966693542720631127e-01 1.178123166145877837e-01
3.250836120401338292e+01 3.385929754010133519e-02 1.039973989968802082e+00 1.404421658200343814e-01 1.985063898747481403e-01 1.296745029176610831e-01
3.280936454849498318e+01 3.451466353155840938e-02 1.049598655638916744e+00 1.296359510454541120e-01 2.003434254774331680e-01 1.412793541974846079e-01
3.311036789297659055e+01 3.511501224117211106e-02 1.059223321309031185e+00 1.173413608396224050e-01 2.021804610801182234e-01 1.534976243895712911e-01
3.341137123745819792e+01 3.565738566750357302e-02 1.068847986979145848e+00 1.072100128874126923e-01 2.040174966828032510e-01 1.674766672696441916e-01
3.371237458193979819e+01 3.614354938053244287e-02 1.078472652649260288e+00 1.005896454165016024e-01 2.058545322854882786e-01 1.825794849105240314e-01
3.401337792642140556e+01 3.657798190165479496e-02 1.088097318319374729e+00 9.587329447245702962e-02 2.076915678881733340e-01 1.968996582154778907e-01
3.431438127090301293e+01 3.696575135099173376e-02 1.097721983989489392e+00 9.107046451563986789e-02 2.095286034908583617e-01 2.097748561912982090e-01
3.461538461538462030e+01 3.731183159080815603e-02 1.107346649659603832e+00 8.556794249028222554e-02 2.113656390935433893e-01 2.221132885291330628e-01
3.491638795986622057e+01 3.762160935701214931e-02 1.116971315329718495e+00 8.023879779109041599e-02 2.132026746962284447e-01 2.343286763782912174e-01
3.521739130434782794e+01 3.790066789565408462e-02 1.126595980999832936e+00 7.585338195955031171e-02 2.150397102989134723e-01 2.456912247154214579e-01
3.551839464882943531e+01 3.815229213527319280e-02 1.136220646669947376e+00 7.116908299362036117e-02 2.168767459015985000e-01 2.561250771931532499e-01
3.581939799331104268e+01 3.837346721962706791e-02 1.145845312340062039e+00 6.456339180179221371e-02 2.187137815042835554e-01 2.677687552078502620e-01
3.612040133779264295e+01 3.855229291582400880e-02 1.155469978010176479e+00 5.624567882170805611e-02 2.205508171069685830e-01 2.836712518865880939e-01
3.642140468227425032e+01 3.866959833150428183e-02 1.165094643680290920e+00 4.727126528342232709e-02 2.223878527096536384e-01 3.041666806274356261e-01
3.672240802675585769e+01 3.870512526002043568e-02 1.174719309350405583e+00 3.858225200364725355e-02 2.242248883123386660e-01 3.252793630486970899e-01
3.702341137123745796e+01 3.864589584239507686e-02 1.184343975020520023e+00 3.154709138905735510e-02 2.260619239150236937e-01 3.422242387029648114e-01
3.732441471571906533e+01 3.849312094387944555e-02 1.193968640690634464e+00 2.732212081107330756e-02 2.278989595177087490e-01 3.545760889333963162e-01
3.762541806020067270e+01 3.826453243786351321e-02 1.203593306360749127e+00 2.531901851196843162e-02 2.297359951203937767e-01 3.671883519571212950e-01
3.792642140468228007e+01 3.799061328244009161e-02 1.213217972030863567e+00 2.382342372903029082e-02 2.315730307230788043e-01 3.860950566257371208e-01
3.822742474916388034e+01 3.770531835086742001e-02 1.222842637700978230e+00 2.224876800247311062e-02 2.334100663257638597e-01 4.139104693728771767e-01
3.852842809364548771e+01 3.743426163207846241e-02 1.232467303371092671e+00 2.090761644031196090e-02 2.352471019284488873e-01 4.487055353419640569e-01
3.882943143812709508e+01 3.718516862873599838e-02 1.242091969041207111e+00 1.925550415371342014e-02 2.370841375311339150e-01 4.862740227827268003e-01
3.913043478260869534e+01 3.694522065641270281e-02 1.251716634711321774e+00 1.668355950390246895e-02 2.389211731338189704e-01 5.229685581207951239e-01
3.943143812709030271e+01 3.668701069909462847e-02 1.261341300381436215e+00 1.392611153223711172e-02 2.407582087365039980e-01 5.570509500592778496e-01
3.973244147157191009e+01 3.638039649105793971e-02 1.270965966051550877e+00 1.190946238233860088e-02 2.425952443391890256e-01 5.889051607961518497e-01
4.003344481605351746e+01 3.600430535178237440e-02 1.280590631721665318e+00 1.059626141214337243e-02 2.444322799418740810e-01 6.212817524590379392e-01
4.033444816053511772e+01 3.555278863964853736e-02 1.290215297391779758e+00 9.759995165110113557e-03 2.462693155445591087e-01 6.591430648311914497e-01
4.063545150501672509e+01 3.503330502385045009e-02 1.299839963061894421e+00 9.344484115420480588e-03 2.481063511472441363e-01 7.072601669149717329e-01
4.093645484949833246e+01 3.445985562860097440e-02 1.309464628732008862e+00 9.131035680999858087e-03 2.499433867499291917e-01 7.662011355692583958e-01
4.123745819397993273e+01 3.384606496432474021e-02 1.319089294402123302e+00 8.924317015552076307e-03 2.517804223526142193e-01 8.312496731004619388e-01
4.153846153846154010e+01 3.320215864445867637e-02 1.328713960072237965e+00 8.521258162440049563e-03 2.536174579552992192e-01 8.965869017608919522e-01
4.183946488294314747e+01 3.253631217527880315e-02 1.338338625742352406e+00 7.716578172293987216e-03 2.554544935579842746e-01 9.605811035798430542e-01
4.214046822742475484e+01 3.185782261877732197e-02 1.347963291412466846e+00 6.814353286359479955e-03 2.572915291606693300e-01 1.026895929825124121e+00
4.244147157190635511e+01 3.117891867972811745e-02 1.357587957082581509e+00 6.239221149178863363e-03 2.591285647633543299e-01 1.100979106796025286e+00
4.274247491638796248e+01 3.051354273103877926e-02 1.367212622752695950e+00 5.792163643367342386e-03 2.609656003660393853e-01 1.185632091925374665e+00
4.304347826086956985e+01 2.987352286850528810e-02 1.376837288422810612e+00 5.201236944515066560e-03 2.628026359687244407e-01 1.279778135346339107e+00
4.334448160535117722e+01 2.926397045985409950e-02 1.386461954092925053e+00 4.633324718843557025e-03 2.646396715714094405e-01 1.381183040443777932e+00
4.364548494983277749e+01 2.868026746442039684e-02 1.396086619763039494e+00 4.174880188711906082e-03 2.664767071740944959e-01 1.489799720534054517e+00
4.394648829431438486e+01 2.810872753341598501e-02 1.405711285433154156e+00 3.675061842224091550e-03 2.683137427767795513e-01 1.608388841158338245e+00
4.424749163879599223e+01 2.753169518332760496e-02 1.415335951103268597e+00 3.133248684709764951e-03 2.701507783794645512e-01 1.740185242609099348e+00
4.454849498327759250e+01 2.693551217134087725e-02 1.424960616773383260e+00 2.708636907339929695e-03 2.719878139821496066e-01 1.885707176942993391e+00
4.484949832775919987e+01 2.631758063830514152e-02 1.434585282443497700e+00 2.455939755528498136e-03 2.738248495848346620e-01 2.041124180874072103e+00
4.515050167224080724e+01 2.568853007517809400e-02 1.444209948113612141e+00 2.248776842351540156e-03 2.756618851875196619e-01 2.199639391279368805e+00
4.545150501672241461e+01 2.506800823528362518e-02 1.453834613783726804e+00 2.009551240672336272e-03 2.774989207902047172e-01 2.355796286221856217e+00
4.575250836120401488e+01 2.447635361160389184e-02 1.463459279453841244e+00 1.828171408625080567e-03 2.793359563928897726e-01 2.509910510481224932e+00
4.605351170568562225e+01 2.392661964238119651e-02 1.473083945123955685e+00 1.842491023004293269e-03 2.811729919955747725e-01 2.668458790528093427e+00
4.635451505016722962e+01 2.342057796607542250e-02 1.482708610794070347e+00 2.083355440036810651e-03 2.830100275982598279e-01 2.839953468120823388e+00
4.665551839464882988e+01 2.294947340660493523e-02 1.492333276464184788e+00 2.381978547172060572e-03 2.848470632009448833e-01 3.029327234579175521e+00
4.695652173913043725e+01 2.249788292350826668e-02 1.501957942134299229e+00 2.550030461739208072e-03 2.866840988036298832e-01 3.233659471007512387e+00
4.725752508361204463e+01 2.204851564626143789e-02 1.511582607804413891e+00 2.497026760708051085e-03 2.885211344063149386e-01 3.442935066012498879e+00
4.755852842809365200e+01 2.158662443838640921e-02 1.521207273474528332e+00 2.199878645932941846e-03 2.903581700089999940e-01 3.646664799095300946e+00
4.785953177257525226e+01 2.110343328596267498e-02 1.530831939144642995e+00 1.868259778815511366e-03 2.921952056116849938e-01 3.839955990358022930e+00
4.816053511705685963e+01 2.059801547913387917e-02 1.540456604814757435e+00 1.775672757519937460e-03 2.940322412143700492e-01 4.024320385456785942e+00
4.846153846153846700e+01 2.007698477568896356e-02 1.550081270484871876e+00 1.826787436174285130e-03 2.958692768170551046e-01 4.205748220809057081e+00
4.876254180602006727e+01 1.955188836616991027e-02 1.559705936154986539e+00 1.780862414542279219e-03 2.977063124197401045e-01 4.392435881011294896e+00
4.906354515050167464e+01 1.903515285077279906e-02 1.569330601825100979e+00 1.699914629653881404e-03 2.995433480224251599e-01 4.591312400232419932e+00
4.936454849498328201e+01 1.853607709292900627e-02 1.578955267495215642e+00 1.755958578697072421e-03 3.013803836251102153e-01 4.804084605670729147e+00
4.966555183946488938e+01 1.805826228032651748e-02 1.588579933165330083e+00 1.901762957303593802e-03 3.032174192277952707e-01 5.026101847799945510e+00
4.996655518394648965e+01 1.759924617287374204e-02 1.598204598835444523e+00 2.015182075360351550e-03 3.050544548304802706e-01 5.249340620332121787e+00
5.026755852842809702e+01 1.715236303576392340e-02 1.607829264505559186e+00 2.040147680659490544e-03 3.068914904331653259e-01 5.467317868780875223e+00
5.056856187290970439e+01 1.671012897605883216e-02 1.617453930175673626e+00 1.928221362885306584e-03 3.087285260358503813e-01 5.678605188000131143e+00
5.086956521739130466e+01 1.626782839743621395e-02 1.627078595845788067e+00 1.736237787989504443e-03 3.105655616385353812e-01 5.886351812008306261e+00
5.117056856187291203e+01 1.582575741264814415e-02 1.636703261515902730e+00 1.579362941512859166e-03 3.124025972412204366e-01 6.094495512265060810e+00
5.147157190635451940e+01 1.538909852394272637e-02 1.646327927186017170e+00 1.478577541321254981e-03 3.142396328439054920e-01 6.305131561281738684e+00
5.177257525083612677e+01 1.496552910612883487e-02 1.655952592856131611e+00 1.424987806938244695e-03 3.160766684465904919e-01 6.519712442191059054e+00
5.207357859531772704e+01 1.456176179706985228e-02 1.665577258526246274e+00 1.371030765484835970e-03 3.179137040492755473e-01 6.741026009686522436e+00
5.237458193979933441e+01 1.418064673181665229e-02 1.675201924196360714e+00 1.229188822278974927e-03 3.197507396519606027e-01 6.972425911902045748e+00
5.267558528428094178e+01 1.382008963048577711e-02 1.684826589866475377e+00 1.012119724209220931e-03 3.215877752546456025e-01 7.215407390586755731e+00
5.297658862876254204e+01 1.347415528074902800e-02 1.694451255536589818e+00 7.960552276999513900e-04 3.234248108573306579e-01 7.468553222930438551e+00
5.327759197324414941e+01 1.313575515220587187e-02 1.704075921206704258e+00 6.173127350661520045e-04 3.252618464600157133e-01 7.728035696584919734e+00
5.357859531772575679e+01 1.279963581322808922e-02 1.713700586876818921e+00 5.283988529598284377e-04 3.270988820627007132e-01 7.986064909924179389e+00
5.387959866220736416e+01 1.246428683875757532e-02 1.723325252546933362e+00 5.669289659228159790e-04 3.289359176653857686e-01 8.226977175960769273e+00
5.418060200668896442e+01 1.213196432506422409e-02 1.732949918217048024e+00 6.134802346277102875e-04 3.307729532680708240e-01 8.429292422600280332e+00
5.448160535117057179e+01 1.180701503947695179e-02 1.742574583887162465e+00 5.413430283041121031e-04 3.326099888707558239e-01 8.578622769688678318e+00
5.478260869565217916e+01 1.149355047336898111e-02 1.752199249557276906e+00 4.561738781998929447e-04 3.344470244734408793e-01 8.680418449490971966e+00
5.508361204013378654e+01 1.119377711514444110e-02 1.761823915227391568e+00 5.290225307678384035e-04 3.362840600761259346e-01 8.757788144262853791e+00
5.538461538461538680e+01 1.090780811899389607e-02 1.771448580897506009e+00 7.177307343216341807e-04 3.381210956788109345e-01 8.836587979427857675e+00
5.568561872909699417e+01 1.063485022032970538e-02 1.781073246567620449e+00 8.140818100937107817e-04 3.399581312814959899e-01 8.933547612914175318e+00
5.598662207357860154e+01 1.037482615235195589e-02 1.790697912237735112e+00 7.166964371745916228e-04 3.417951668841810453e-01 9.053943647804747030e+00
5.628762541806020181e+01 1.012926212141441497e-02 1.800322577907849553e+00 5.258479496287604693e-04 3.436322024868660452e-01 9.191578169464786896e+00
5.658862876254180918e+01 9.900785186225564971e-03 1.809947243577963993e+00 3.900822419359772572e-04 3.454692380895511006e-01 9.328967722281756636e+00
5.688963210702341655e+01 9.691492199289252971e-03 1.819571909248078656e+00 3.999847143044397459e-04 3.473062736922361560e-01 9.444145181081536222e+00
5.719063545150502392e+01 9.501156849883543934e-03 1.829196574918193097e+00 5.656415509801512344e-04 3.491433092949211558e-01 9.522097791668858946e+00
5.749163879598662419e+01 9.326291403923261600e-03 1.838821240588307759e+00 7.862371194587030893e-04 3.509803448976062112e-01 9.560063630100151144e+00
5.779264214046823156e+01 9.160516695721375099e-03 1.848445906258422200e+00 8.725316095827169438e-04 3.528173805002912666e-01 9.564113625178329414e+00
5.809364548494983893e+01 8.995968472776312910e-03 1.858070571928536641e+00 7.373525836375521706e-04 3.546544161029762665e-01 9.544245917455148387e+00
5.839464882943143920e+01 8.825047392293408621e-03 1.867695237598651303e+00 5.295647231208849490e-04 3.564914517056613219e-01 9.510662791437079377e+00
5.869565217391304657e+01 8.641844481752711596e-03 1.877319903268765744e+00 4.361563436531436374e-04 3.583284873083463773e-01 9.467180246166236657e+00
5.899665551839465394e+01 8.442872427317778955e-03 1.886944568938880407e+00 4.509884362226194814e-04 3.601655229110313772e-01 9.405102204730219739e+00
5.929765886287626131e+01 8.227095804777356108e-03 1.896569234608994847e+00 4.317107400706885682e-04 3.620025585137164326e-01 9.309816134641124563e+00
5.959866220735786158e+01 7.995579825046037620e-03 1.906193900279109288e+00 3.242173913096918600e-04 3.638395941164014880e-01 9.178174772256719294e+00
5.989966555183946895e+01 7.751257138932399551e-03 1.915818565949223951e+00 2.139337171489003769e-04 3.656766297190864878e-01 9.024967715381949418e+00
6.020066889632107632e+01 7.499150846722915306e-03 1.925443231619338391e+00 1.715122215296021376e-04 3.675136653217715432e-01 8.868481377969121837e+00
6.050167224080267658e+01 7.246845358587255398e-03 1.935067897289452832e+00 1.964967631237087529e-04 3.693507009244565986e-01 8.711530661345676663e+00
6.080267558528428395e+01 7.004438696593819937e-03 1.944692562959567494e+00 2.863991166095092192e-04 3.711877365271416540e-01 8.538974455563572263e+00
6.110367892976589133e+01 6.783226388478469718e-03 1.954317228629681935e+00 4.201824610309877017e-04 3.730247721298266539e-01 8.335430328940443445e+00
6.140468227424749870e+01 6.593142341206842914e-03 1.963941894299796376e+00 4.873540813378537256e-04 3.748618077325117093e-01 8.104131916089126975e+00
6.170568561872909896e+01 6.439972256341242041e-03 1.973566559969911038e+00 4.042083731466486474e-04 3.766988433351967647e-01 7.864045485179024020e+00
6.200668896321070633e+01 6.323727157994284663e-03 1.983191225640025479e+00 2.481873508154208490e-04 3.785358789378817645e-01 7.629288919942546876e+00
6.230769230769231370e+01 6.238983608439913064e-03 1.992815891310140142e+00 1.234907795749938314e-04 3.803729145405668199e-01 7.396550190749008991e+00
6.260869565217392108e+01 6.176920597398562716e-03 2.002440556980254804e+00 4.995741404439576360e-05 3.822099501432518753e-01 7.150973756310356144e+00
6.290969899665552134e+01 6.127989332400328969e-03 2.012065222650369467e+00 1.489979233832849208e-05 3.840469857459368752e-01 6.879728783604477371e+00
6.321070234113712871e+01 6.084064375709115000e-03 2.021689888320483686e+00 4.541480328790657245e-06 3.858840213486219306e-01 6.583522132465688514e+00
6.351170568561873608e+01 6.039400891324536204e-03 2.031314553990598348e+00 1.065600040365029938e-05 3.877210569513069860e-01 6.278872359141625559e+00
6.381270903010033635e+01 5.990367462205395399e-03 2.040939219660713011e+00 3.968640606780422488e-05 3.895580925539919859e-01 5.985795104949700018e+00
6.411371237458195083e+01 5.934445130152046256e-03 2.050563885330827230e+00 9.674134903082546926e-05 3.913951281566770413e-01 5.712277318337584120e+00
6.441471571906355109e+01 5.869245326648373645e-03 2.060188551000941892e+00 1.510980557507395376e-04 3.932321637593620967e-01 5.452809684543316493e+00
6.471571906354515136e+01 5.792206912078442550e-03 2.069813216671056555e+00 1.520616636350548886e-04 3.950691993620470965e-01 5.198110493932539988e+00
6.501672240802676583e+01 5.701164515132734964e-03 2.079437882341170774e+00 9.861237208165546831e-05 3.969062349647321519e-01 4.941746711995206098e+00
6.531772575250836610e+01 5.595361332338785916e-03 2.089062548011285436e+00 4.095936886616635632e-05 3.987432705674172073e-01 4.679882800439560953e+00
6.561872909698996637e+01 5.476149405926183759e-03 2.098687213681400099e+00 1.078886682054917601e-05 4.005803061701022072e-01 4.409733423118537665e+00
6.591973244147158084e+01 5.346866766617983102e-03 2.108311879351514762e+00 1.782950504865594764e-06 4.024173417727872626e-01 4.131603443572210210e+00
6.622073578595318111e+01 5.212004295200297482e-03 2.117936545021628980e+00 1.831317500435959600e-07 4.042543773754723180e-01 3.852344554311540659e+00
6.652173913043478137e+01 5.076232081560901228e-03 2.127561210691743643e+00 1.160677862375699434e-08 4.060914129781573179e-01 3.583370638765823735e+00
6.682274247491639585e+01 4.943779255076922834e-03 2.137185876361858305e+00 4.516094208289034808e-10 4.079284485808423733e-01 3.334065483780622952e+00
6.712374581939799612e+01 4.818199025517188629e-03 2.146810542031972524e+00 1.075045359719026149e-11 4.097654841835274286e-01 3.108475186777955201e+00
6.742474916387959638e+01 4.702172166998246951e-03 2.156435207702087187e+00 1.562194598895185141e-13 4.116025197862124285e-01 2.906550663468639328e+00
6.772575250836121086e+01 4.597046955503192658e-03 2.166059873372201849e+00 1.383797435424640662e-15 4.134395553888974839e-01 2.725051725086898191e+00
6.802675585284281112e+01 4.502228639641295271e-03 2.175684539042316068e+00 7.465392355010464217e-18 4.152765909915825393e-01 2.556865549710138019e+00
6.832775919732442560e+01 4.414949657835070748e-03 2.185309204712430731e+00 2.451517256865687961e-20 4.171136265942675392e-01 2.391567277280434389e+00
6.862876254180602587e+01 4.330964309692895975e-03 2.194933870382545393e+00 4.898583985583172392e-23 4.189506621969525946e-01 2.220180094542682170e+00
6.892976588628762613e+01 4.246177203705272553e-03 2.204558536052659612e+00 7.549624485366228511e-26 4.207876977996376500e-01 2.042811568359766294e+00
6.923076923076924061e+01 4.158453306590994235e-03 2.214183201722774275e+00 1.439668510034659846e-23 4.226247334023226498e-01 1.870135861329097260e+00
6.953177257525084087e+01 4.068502306846512491e-03 2.223807867392888937e+00 7.903564032227981430e-21 4.244617690050077052e-01 1.713372203026065410e+00
6.983277591973244114e+01 3.979197302147078480e-03 2.233432533063003600e+00 2.638751346770925491e-18 4.262988046076927606e-01 1.573850765112630778e+00
7.013377926421405562e+01 3.893703335214007254e-03 2.243057198733117819e+00 5.357814244695012381e-16 4.281358402103777605e-01 1.445089125611911163e+00
7.043478260869565588e+01 3.813557782279830728e-03 2.252681864403232481e+00 6.615924339117135548e-14 4.299728758130628159e-01 1.322390116924081038e+00
7.073578595317725615e+01 3.737785188154649392e-03 2.262306530073347144e+00 4.968291856342245268e-12 4.318099114157478713e-01 1.206364976370156050e+00
7.103678929765887062e+01 3.663408976136125431e-03 2.271931195743461362e+00 2.269014979051639610e-10 4.336469470184328712e-01 1.098276974263224348e+00
7.133779264214047089e+01 3.586970132881720907e-03 2.281555861413576025e+00 6.302042368206777376e-09 4.354839826211179266e-01 9.963174105017775783e-01
7.163879598662208537e+01 3.506296733865643060e-03 2.291180527083690688e+00 1.064483580780614476e-07 4.373210182238029820e-01 8.977899273354327248e-01
7.193979933110368563e+01 3.421757992789240671e-03 2.300805192753804906e+00 1.093478650734183431e-06 4.391580538264880373e-01 8.026991476693098315e-01
7.224080267558528590e+01 3.336436617180887475e-03 2.310429858423919569e+00 6.831173915023622324e-06 4.409950894291730372e-01 7.139019058800022410e-01
7.254180602006690037e+01 3.255067259490488068e-03 2.320054524094034232e+00 2.595338856757731491e-05 4.428321250318580926e-01 6.345990927043129171e-01
7.284280936454850064e+01 3.182180216953883409e-03 2.329679189764148450e+00 5.996619441593899701e-05 4.446691606345431480e-01 5.661680227500112128e-01
7.314381270903010090e+01 3.120346310710309448e-03 2.339303855434263113e+00 8.426216252865435395e-05 4.465061962372281479e-01 5.076555025570079760e-01
7.344481605351171538e+01 3.069365883602593551e-03 2.348928521104377776e+00 7.200661781313746955e-05 4.483432318399132033e-01 4.563980031804417692e-01
7.374581939799331565e+01 3.026677853438187928e-03 2.358553186774491994e+00 3.742196576978599489e-05 4.501802674425982587e-01 4.092932266584691781e-01
7.404682274247491591e+01 2.988604780274124999e-03 2.368177852444606657e+00 1.182949320594407053e-05 4.520173030452832585e-01 3.647436976498786287e-01
7.434782608695653039e+01 2.951735408912739209e-03 2.377802518114721320e+00 2.313666692521462555e-06 4.538543386479683139e-01 3.239381577152297687e-01
7.464882943143813065e+01 2.913873449442967202e-03 2.387427183784835538e+00 7.616333676956540340e-07 4.556913742506533693e-01 2.894142606684952934e-01
7.494983277591973092e+01 2.874343214628692980e-03 2.397051849454950201e+00 3.731899701995710397e-06 4.575284098533383692e-01 2.615908071927425804e-01
7.525083612040134540e+01 2.833776129101998713e-03 2.406676515125064864e+00 1.690847004098477717e-05 4.593654454560234246e-01 2.371139400078598192e-01
7.555183946488294566e+01 2.793643005856714153e-03 2.416301180795179526e+00 4.682251122492644594e-05 4.612024810587084800e-01 2.115060053621156400e-01
7.585284280936456014e+01 2.755724001445154520e-03 2.425925846465293745e+00 7.885683968565819556e-05 4.630395166613934799e-01 1.833810327147272212e-01
7.615384615384616041e+01 2.721556350008825717e-03 2.435550512135408407e+00 8.076773832223949512e-05 4.648765522640785353e-01 1.553076895524017065e-01
7.645484949832776067e+01 2.691874142716580223e-03 2.445175177805523070e+00 5.030951959265896024e-05 4.667135878667635907e-01 1.306290465612421903e-01
7.675585284280937515e+01 2.666210568902766063e-03 2.454799843475637289e+00 1.905794685152529671e-05 4.685506234694485905e-01 1.103546676521955233e-01
7.705685618729097541e+01 2.642960351242818005e-03 2.464424509145751951e+00 4.390517832748834757e-06 4.703876590721336459e-01 9.345042161499740596e-02
7.735785953177257568e+01 2.620034106826107673e-03 2.474049174815866614e+00 6.151330746693990841e-07 4.722246946748187013e-01 7.913216545856145701e-02
7.765886287625419016e+01 2.595816608128203098e-03 2.483673840485980833e+00 5.241352854446455677e-08 4.740617302775037012e-01 6.761190145942051755e-02
7.795986622073579042e+01 2.569851651469340879e-03 2.493298506156095495e+00 2.765402573066427659e-09 4.758987658801887566e-01 5.875166493746074997e-02
7.826086956521739069e+01 2.542844316809832975e-03 2.502923171826210158e+00 1.774426226586813324e-09 4.777358014828738120e-01 5.134333604487037461e-02
7.856187290969900516e+01 2.516071569957846043e-03 2.512547837496324377e+00 3.505489910938827942e-08 4.795728370855588119e-01 4.431832008709951642e-02
7.886287625418060543e+01 2.490657775092163049e-03 2.522172503166439039e+00 4.424685201307134848e-07 4.814098726882438672e-01 3.786994635487400673e-02
7.916387959866221991e+01 2.467107039186877768e-03 2.531797168836553702e+00 3.396644089954163097e-06 4.832469082909289226e-01 3.276675297667497322e-02
7.946488294314382017e+01 2.445165438594798946e-03 2.541421834506668365e+00 1.585739511947437802e-05 4.850839438936139225e-01 2.905408045592116836e-02
7.976588628762542044e+01 2.423894264921195012e-03 2.551046500176782583e+00 4.502287353296235121e-05 4.869209794962989779e-01 2.590411931757744327e-02
8.006688963210703491e+01 2.401885956593192550e-03 2.560671165846897246e+00 7.775502760466966579e-05 4.887580150989840333e-01 2.246005603949066676e-02
8.036789297658863518e+01 2.377626478566020884e-03 2.570295831517011909e+00 8.187155707835385408e-05 4.905950507016690332e-01 1.856253538282504403e-02
8.066889632107023544e+01 2.349918044732362665e-03 2.579920497187126127e+00 5.422826832693437155e-05 4.924320863043540886e-01 1.475835517280145968e-02
8.096989966555184992e+01 2.318149078499687037e-03 2.589545162857240790e+00 3.139027098599008587e-05 4.942691219070391440e-01 1.169154772024317591e-02
8.127090301003345019e+01 2.282272471536816658e-03 2.599169828527355453e+00 4.078904295436710581e-05 4.961061575097241438e-01 9.544600383765769469e-03
8.157190635451505045e+01 2.242619437060770337e-03 2.608794494197469671e+00 7.143995792415338902e-05 4.979431931124091992e-01 8.104625833461729170e-03
8.187290969899666493e+01 2.199853005968169413e-03 2.618419159867584334e+00 8.461056542437473847e-05 4.997802287150942546e-01 7.178569530048005583e-03
8.217391304347826519e+01 2.155227420069671333e-03 2.628043825537698996e+00 6.145028696779916287e-05 5.016172643177793100e-01 6.717735829548683070e-03
8.247491638795986546e+01 2.110958535900924783e-03 2.637668491207813215e+00 2.715823938530235890e-05 5.034542999204644209e-01 6.591430641587346304e-03
8.277591973244147994e+01 2.070248749846909184e-03 2.647293156877927878e+00 7.299823465607223379e-06 5.052913355231494208e-01 6.449527128261136125e-03
8.307692307692308020e+01 2.036612655283409710e-03 2.656917822548042540e+00 1.193268594823341091e-06 5.071283711258344207e-01 5.910836684355311177e-03
8.337792642140469468e+01 2.012605017229863579e-03 2.666542488218156759e+00 1.186254465152245803e-07 5.089654067285195316e-01 4.862465000465680288e-03
8.367892976588629494e+01 1.998560437143948997e-03 2.676167153888271422e+00 7.171850201930344106e-09 5.108024423312045315e-01 3.533681065063079378e-03
8.397993311036789521e+01 1.992118095943897545e-03 2.685791819558386084e+00 2.636927885861225299e-10 5.126394779338895313e-01 2.289069301325438472e-03
8.428093645484950969e+01 1.988935564577716444e-03 2.695416485228500303e+00 5.896292082038986013e-12 5.144765135365746422e-01 1.376506114026696936e-03
8.458193979933110995e+01 1.984302564202690498e-03 2.705041150898614966e+00 8.018135985354418657e-14 5.163135491392596421e-01 8.391301645585260913e-04
8.488294314381271022e+01 1.974830709558654356e-03 2.714665816568729628e+00 6.631040764269733738e-16 5.181505847419446420e-01 5.824805412164156711e-04
8.518394648829432469e+01 1.959391745590451789e-03 2.724290482238844291e+00 3.442136154972071992e-18 5.199876203446297529e-01 4.700328998041988717e-04
8.548494983277592496e+01 1.938974718816495902e-03 2.733915147908958510e+00 2.876286689789297099e-17 5.218246559473147528e-01 3.896372514413012347e-04
8.578595317725752523e+01 1.915754195945977307e-03 2.743539813579073172e+00 4.695348899098579949e-15 5.236616915499997527e-01 3.016819314604925997e-04
8.608695652173913970e+01 1.892001516521140238e-03 2.753164479249187835e+00 4.663063269768049099e-13 5.254987271526848636e-01 2.402506408237382429e-04
8.638795986622073997e+01 1.869382009100401367e-03 2.762789144919302053e+00 2.816361777934846731e-11 5.273357627553698634e-01 2.477703235521866920e-04
8.668896321070235444e+01 1.848820917704350596e-03 2.772413810589416716e+00 1.034473257403654066e-09 5.291727983580548633e-01 3.093901435507581308e-04
8.698996655518395471e+01 1.830779337378553957e-03 2.782038476259531379e+00 2.310807599486453380e-08 5.310098339607399742e-01 3.632275106593184171e-04
8.729096989966555498e+01 1.815652472870594092e-03 2.791663141929645597e+00 3.139221781014784190e-07 5.328468695634249741e-01 3.723879440083307179e-04
8.759197324414716945e+01 1.804069700548226358e-03 2.801287807599760260e+00 2.593545692151980127e-06 5.346839051661099740e-01 3.621255642881399573e-04
8.789297658862876972e+01 1.796985796287505193e-03 2.810912473269874923e+00 1.303105269693742151e-05 5.365209407687950849e-01 3.671460367195151760e-04
8.819397993311036998e+01 1.795497896843021570e-03 2.820537138939989141e+00 3.981794031145141242e-05 5.383579763714800848e-01 3.692870928138541398e-04
8.849498327759198446e+01 1.800352766226274558e-03 2.830161804610103804e+00 7.399319394104198562e-05 5.401950119741650846e-01 3.234055814137592848e-04
8.879598662207358473e+01 1.811243830995023368e-03 2.839786470280218467e+00 8.362159555512612070e-05 5.420320475768501955e-01 2.262566259775166040e-04
8.909698996655518499e+01 1.826231509926465194e-03 2.849411135950333129e+00 5.747233186360163685e-05 5.438690831795351954e-01 1.220543544171025935e-04
8.939799331103679947e+01 1.841751723796266607e-03 2.859035801620447348e+00 2.402220560066921208e-05 5.457061187822201953e-01 5.015788601614399873e-05
8.969899665551839973e+01 1.853484528267026771e-03 2.868660467290562011e+00 6.106335101851396485e-06 5.475431543849053062e-01 1.564107673757453128e-05
9.000000000000000000e+01 1.857858011398457907e-03 2.878285132960676673e+00 9.439784512606381315e-07 5.493801899875903061e-01 3.696599374419473115e-06
