0.000000000000000000e+00 1.509574983811672288e-91 5.339032996677977039e-01 3.218369027010919899e-06 4.418051033925710080e-01 1.911917054979050498e-05
3.010033444816053727e-01 1.155068879385447097e-88 5.421963469112925926e-01 6.450699785525279316e-06 4.451143843560762536e-01 4.250667107966066852e-05
6.020066889632107454e-01 1.540480748357460404e-85 5.504893941547873704e-01 1.227022427648592865e-05 4.484236653195814437e-01 8.839739123492492377e-05
9.030100334448161181e-01 1.790484456531534407e-82 5.587824413982822591e-01 2.217534210338128854e-05 4.517329462830866893e-01 1.721868336781147229e-04
1.204013377926421491e+00 1.813638826429490252e-79 5.670754886417770368e-01 3.813530359885003261e-05 4.550422272465919349e-01 3.146199166736847442e-04
1.505016722408026864e+00 1.601022079453389777e-76 5.753685358852719256e-01 6.253374964291986179e-05 4.583515082100971250e-01 5.401157789679426413e-04
1.806020066889632236e+00 1.231715677903551254e-73 5.836615831287667033e-01 9.804191250978804657e-05 4.616607891736023705e-01 8.725589903371063242e-04
2.107023411371237387e+00 8.258300744257131529e-71 5.919546303722615921e-01 1.474858610581721258e-04 4.649700701371076161e-01 1.328487864033480554e-03
2.408026755852842982e+00 4.825458024294626242e-68 6.002476776157563698e-01 2.138229313040856483e-04 4.682793511006128062e-01 1.908621166277254871e-03
2.709030100334448576e+00 2.457280186492816453e-65 6.085407248592512586e-01 3.003458698255313569e-04 4.715886320641180518e-01 2.589796358342311665e-03
3.010033444816053727e+00 1.090535784057075538e-62 6.168337721027460363e-01 4.111487329507656878e-04 4.748979130276232974e-01 3.320279888715912259e-03
3.311036789297658878e+00 4.217890161825294732e-60 6.251268193462409251e-01 5.517121437976916284e-04 4.782071939911284875e-01 4.021604754534387899e-03
3.612040133779264472e+00 1.421745741182008096e-57 6.334198665897357028e-01 7.292586722993261170e-04 4.815164749546337331e-01 4.599083596281773427e-03
3.913043478260870067e+00 4.176585963391360541e-55 6.417129138332305915e-01 9.524175692312253057e-04 4.848257559181389786e-01 4.960604597751492803e-03
4.214046822742474774e+00 1.069290133446578244e-52 6.500059610767254803e-01 1.229861739422928764e-03 4.881350368816441687e-01 5.039637324641776592e-03
4.515050167224080369e+00 2.385868903165199856e-50 6.582990083202202580e-01 1.568003110315593137e-03 4.914443178451494143e-01 4.815106552092128511e-03
4.816053511705685963e+00 4.639564441405988685e-48 6.665920555637150358e-01 1.968457564068417254e-03 4.947535988086546599e-01 4.320171258654171252e-03
5.117056856187291558e+00 7.863045859614190008e-46 6.748851028072099245e-01 2.426535809542830404e-03 4.980628797721598500e-01 3.635355432743418193e-03
5.418060200668897153e+00 1.161425776881543205e-43 6.831781500507048133e-01 2.932109097765031765e-03 5.013721607356651511e-01 2.867907478836657226e-03
5.719063545150501859e+00 1.495147955569392002e-41 6.914711972941995910e-01 3.473572115756924737e-03 5.046814416991702856e-01 2.125377506730178560e-03
6.020066889632107454e+00 1.677548401801390580e-39 6.997642445376943687e-01 4.044335931131637536e-03 5.079907226626755312e-01 1.493605854314643397e-03
6.321070234113713049e+00 1.640482515366887337e-37 7.080572917811892575e-01 4.649804539602744868e-03 5.113000036261807768e-01 1.026336844256539984e-03
6.622073578595317755e+00 1.398243964953072531e-35 7.163503390246841462e-01 5.311867868079595684e-03 5.146092845896860224e-01 7.474556829535657218e-04
6.923076923076923350e+00 1.038772094595017742e-33 7.246433862681789240e-01 6.068238609142836103e-03 5.179185655531912680e-01 6.610978472354856828e-04
7.224080267558528945e+00 6.726624954947979010e-32 7.329364335116738127e-01 6.965615499018809435e-03 5.212278465166964025e-01 7.625613865127696313e-04
7.525083612040134540e+00 3.796911135070984628e-30 7.412294807551685905e-01 8.048100163007982852e-03 5.245371274802016481e-01 1.044689263189083712e-03
7.826086956521740134e+00 1.868272656916052815e-28 7.495225279986634792e-01 9.344434932589056747e-03 5.278464084437068937e-01 1.498586402162522787e-03
8.127090301003345729e+00 8.014039403332670517e-27 7.578155752421582569e-01 1.085839649562372021e-02 5.311556894072121393e-01 2.111595369962557082e-03
8.428093645484949548e+00 2.997051952722439244e-25 7.661086224856531457e-01 1.256563164670484144e-02 5.344649703707173849e-01 2.867116090641735719e-03
8.729096989966555142e+00 9.772493451754331861e-24 7.744016697291480344e-01 1.441781775655648357e-02 5.377742513342226305e-01 3.749193221479880933e-03
9.030100334448160737e+00 2.778621951896350013e-22 7.826947169726428122e-01 1.635240068935715774e-02 5.410835322977278761e-01 4.750724052233772435e-03
9.331103678929766332e+00 6.890022526078844702e-21 7.909877642161375899e-01 1.830448843066752665e-02 5.443928132612330106e-01 5.880143826376560932e-03
9.632107023411371927e+00 1.490199690018921253e-19 7.992808114596324787e-01 2.021738052111475559e-02 5.477020942247382562e-01 7.160285851812850030e-03
9.933110367892977521e+00 2.811771809589926330e-18 8.075738587031273674e-01 2.204949654330547182e-02 5.510113751882435018e-01 8.616024620923234609e-03
1.023411371237458312e+01 4.629378382763709489e-17 8.158669059466221452e-01 2.377732332426008705e-02 5.543206561517487474e-01 1.025298853446230708e-02
1.053511705685618871e+01 6.652523813816851206e-16 8.241599531901169229e-01 2.539548606042904208e-02 5.576299371152539930e-01 1.203500106529643149e-02
1.083612040133779431e+01 8.346560029213978678e-15 8.324530004336118116e-01 2.691554333461852397e-02 5.609392180787592386e-01 1.387013981583503329e-02
1.113712374581939812e+01 9.146341753367983177e-14 8.407460476771067004e-01 2.836455669574498503e-02 5.642484990422643731e-01 1.561336602191363068e-02
1.143812709030100372e+01 8.757825917299655846e-13 8.490390949206014781e-01 2.978337932764362969e-02 5.675577800057696187e-01 1.708840959576131413e-02
1.173913043478260931e+01 7.331218205904865262e-12 8.573321421640962559e-01 3.122371839387477060e-02 5.708670609692748643e-01 1.812481736230376825e-02
1.204013377926421491e+01 5.368381128719583419e-11 8.656251894075911446e-01 3.274301147703784221e-02 5.741763419327801099e-01 1.860000530882624167e-02
1.234113712374582050e+01 3.441044957140195095e-10 8.739182366510860334e-01 3.439717386315607056e-02 5.774856228962853555e-01 1.847323698653952767e-02
1.264214046822742610e+01 1.932171802437551249e-09 8.822112838945808111e-01 3.623280927956381431e-02 5.807949038597906011e-01 1.780054631918624383e-02
1.294314381270903169e+01 9.512006906607775117e-09 8.905043311380756998e-01 3.828158947877505908e-02 5.841041848232957356e-01 1.672643505227966801e-02
1.324414715719063551e+01 4.109240950592171798e-08 8.987973783815705886e-01 4.055937587932190169e-02 5.874134657868009812e-01 1.545646128723899247e-02
1.354515050167224111e+01 1.559294082514654644e-07 9.070904256250653663e-01 4.307110781200276101e-02 5.907227467503062268e-01 1.422012559728122634e-02
1.384615384615384670e+01 5.202327897129154968e-07 9.153834728685601441e-01 4.582013320405259327e-02 5.940320277138114724e-01 1.323341922454980384e-02
1.414715719063545230e+01 1.527564790358859868e-06 9.236765201120550328e-01 4.881856895013163278e-02 5.973413086773167180e-01 1.266671814116008925e-02
1.444816053511705789e+01 3.951482049097269649e-06 9.319695673555499216e-01 5.209439214268090507e-02 6.006505896408218526e-01 1.262043267666954592e-02
1.474916387959866348e+01 9.013839312167457016e-06 9.402626145990446993e-01 5.569169809374056174e-02 6.039598706043272092e-01 1.311055314354936732e-02
1.505016722408026908e+01 1.815186063947069690e-05 9.485556618425394770e-01 5.966272708403028840e-02 6.072691515678323437e-01 1.406784869935107964e-02
1.535117056856187467e+01 3.231492163967319194e-05 9.568487090860343658e-01 6.405319686974422777e-02 6.105784325313375893e-01 1.535448763995391451e-02
1.565217391304348027e+01 5.097014047331921015e-05 9.651417563295292545e-01 6.888523992506358218e-02 6.138877134948428349e-01 1.679787801373636494e-02
1.595317725752508409e+01 7.151801565553805233e-05 9.734348035730240323e-01 7.414383945262638387e-02 6.171969944583480805e-01 1.823466842827986892e-02
1.625418060200669146e+01 8.997611074403890578e-05 9.817278508165188100e-01 7.977236742072515985e-02 6.205062754218533261e-01 1.955197789871743891e-02
1.655518394648829528e+01 1.030616674425415918e-04 9.900208980600136988e-01 8.568055871412313951e-02 6.238155563853584606e-01 2.071191416257358794e-02
1.685618729096989910e+01 1.104956865538934805e-04 9.983139453035085875e-01 9.176466504550370717e-02 6.271248373488637062e-01 2.175062225622500026e-02
1.715719063545150647e+01 1.157043489260560737e-04 1.006606992547003365e+00 9.793574299281994355e-02 6.304341183123689518e-01 2.275259759492075790e-02
1.745819397993311028e+01 1.241015963374913469e-04 1.014900039790498365e+00 1.041491082547466029e-01 6.337433992758741974e-01 2.381083477283682873e-02
1.775919732441471766e+01 1.401771818235541341e-04 1.023193087033993143e+00 1.104266090852556309e-01 6.370526802393794430e-01 2.498935681479355631e-02
1.806020066889632147e+01 1.657549128638305326e-04 1.031486134277487920e+00 1.168639057534182346e-01 6.403619612028846886e-01 2.630396616099950347e-02
1.836120401337792885e+01 2.007411440254403315e-04 1.039779181520982698e+00 1.236176694097766704e-01 6.436712421663899342e-01 2.772940194664786154e-02
1.866220735785953266e+01 2.452905067403613197e-04 1.048072228764477476e+00 1.308725575773989069e-01 6.469805231298950687e-01 2.922927436360586023e-02
1.896321070234114003e+01 3.008741284739769196e-04 1.056365276007972476e+00 1.387941426480315543e-01 6.502898040934003143e-01 3.079448685722202539e-02
1.926421404682274385e+01 3.688169660665755866e-04 1.064658323251467253e+00 1.474795722470197412e-01 6.535990850569055599e-01 3.247197380598255967e-02
1.956521739130434767e+01 4.476154214508475853e-04 1.072951370494962031e+00 1.569199487207446897e-01 6.569083660204108055e-01 3.437105523637293270e-02
1.986622073578595504e+01 5.320103624107687910e-04 1.081244417738457031e+00 1.669856302489524935e-01 6.602176469839160511e-01 3.664667098308574400e-02
2.016722408026755886e+01 6.154675908886655467e-04 1.089537464981951809e+00 1.774387951491250281e-01 6.635269279474211856e-01 3.946988343883885142e-02
2.046822742474916623e+01 6.945619559055030883e-04 1.097830512225446586e+00 1.879698824705325899e-01 6.668362089109264312e-01 4.299928068732675190e-02
2.076923076923077005e+01 7.718840689220928843e-04 1.106123559468941586e+00 1.982493560967072965e-01 6.701454898744316768e-01 4.736085133992005980e-02
2.107023411371237742e+01 8.551901834939425098e-04 1.114416606712436142e+00 2.079849048138751877e-01 6.734547708379369224e-01 5.263420747364580543e-02
2.137123745819398124e+01 9.533752584568676823e-04 1.122709653955931142e+00 2.169751464093550297e-01 6.767640518014421680e-01 5.883810568870512236e-02
2.167224080267558861e+01 1.072081672664058037e-03 1.131002701199425919e+00 2.251515679891356592e-01 6.800733327649474136e-01 6.591220287044942394e-02
2.197324414715719243e+01 1.211963819159956593e-03 1.139295748442920697e+00 2.325999008086534481e-01 6.833826137284526592e-01 7.370119153699510040e-02
2.227424749163879625e+01 1.370856197364445474e-03 1.147588795686415697e+00 2.395523760684551973e-01 6.866918946919577937e-01 8.195363675110020618e-02
2.257525083612040362e+01 1.548534553727640194e-03 1.155881842929910475e+00 2.463466134103104721e-01 6.900011756554630393e-01 9.034546994509558282e-02
2.287625418060200744e+01 1.751193078470538508e-03 1.164174890173405252e+00 2.533565212822290746e-01 6.933104566189682849e-01 9.852898371771096064e-02
2.317725752508361481e+01 1.993108100276354874e-03 1.172467937416900252e+00 2.609124814501696532e-01 6.966197375824735305e-01 1.061990902563577782e-01
2.347826086956521863e+01 2.294461975774951534e-03 1.180760984660394808e+00 2.692357347095988840e-01 6.999290185459787761e-01 1.131646556712275487e-01
2.377926421404682600e+01 2.675930969678992025e-03 1.189054031903889808e+00 2.784092216191371150e-01 7.032382995094839107e-01 1.194130652018314392e-01
2.408026755852842982e+01 3.152391307616199921e-03 1.197347079147384585e+00 2.883930290405780639e-01 7.065475804729892673e-01 1.251561360062766470e-01
2.438127090301003363e+01 3.729623484419448617e-03 1.205640126390879363e+00 2.990727248596291021e-01 7.098568614364944018e-01 1.308425597230881698e-01
2.468227424749164101e+01 4.407372701233581297e-03 1.213933173634374363e+00 3.103133514448705998e-01 7.131661423999996474e-01 1.371197415140282816e-01
2.498327759197324482e+01 5.188628449267601236e-03 1.222226220877869141e+00 3.219897236354797299e-01 7.164754233635048930e-01 1.447338002113179312e-01
2.528428093645485220e+01 6.090759254935343946e-03 1.230519268121363918e+00 3.339773519882304753e-01 7.197847043270100276e-01 1.543757930103614728e-01
2.558528428093645601e+01 7.152006835080979875e-03 1.238812315364858918e+00 3.461114826350568108e-01 7.230939852905153842e-01 1.665111655175023075e-01
2.588628762541806339e+01 8.426916930322997032e-03 1.247105362608353696e+00 3.581422665647077674e-01 7.264032662540205187e-01 1.812534626938202831e-01
2.618729096989966720e+01 9.966547201863453984e-03 1.255398409851848474e+00 3.697204557319491158e-01 7.297125472175257643e-01 1.983431514410171070e-01
2.648829431438127102e+01 1.178697244779616619e-02 1.263691457095343473e+00 3.804359552043217185e-01 7.330218281810310099e-01 2.172568584517597379e-01
2.678929765886287839e+01 1.384284165847959359e-02 1.271984504338838029e+00 3.899066004286756426e-01 7.363311091445362555e-01 2.374110730082555631e-01
2.709030100334448221e+01 1.602941427188725107e-02 1.280277551582333029e+00 3.978892694737519165e-01 7.396403901080415011e-01 2.583688595362543805e-01
2.739130434782608958e+01 1.822123109315122030e-02 1.288570598825827807e+00 4.043726461425498075e-01 7.429496710715466357e-01 2.799450744196472773e-01
2.769230769230769340e+01 2.032453288549198114e-02 1.296863646069322584e+00 4.096166847351142559e-01 7.462589520350519923e-01 3.021511309279273361e-01
2.799331103678930077e+01 2.230526184701807357e-02 1.305156693312817584e+00 4.141245893073232653e-01 7.495682329985571268e-01 3.250043845446614066e-01
2.829431438127090459e+01 2.417624566877850378e-02 1.313449740556312362e+00 4.185584567417292567e-01 7.528775139620623724e-01 3.483024358188850922e-01
2.859531772575251196e+01 2.596492724123245638e-02 1.321742787799807139e+00 4.236283575510898514e-01 7.561867949255676180e-01 3.714844581605963314e-01
2.889632107023411578e+01 2.769529084238551986e-02 1.330035835043302139e+00 4.299900748250359839e-01 7.594960758890727526e-01 3.936576425385100442e-01
2.919732441471571960e+01 2.939397056189492138e-02 1.338328882286796917e+00 4.381793382986071683e-01 7.628053568525781092e-01 4.137845645615279011e-01
2.949832775919732697e+01 3.110198060940540243e-02 1.346621929530291695e+00 4.485952907363923714e-01 7.661146378160832437e-01 4.309548806868793158e-01
2.979933110367893079e+01 3.287082594922196427e-02 1.354914976773786695e+00 4.615291791838256330e-01 7.694239187795886004e-01 4.446387870320022695e-01
3.010033444816053816e+01 3.474139915749271945e-02 1.363208024017281250e+00 4.772202442785587473e-01 7.727331997430937349e-01 4.548431794100445402e-01
3.040133779264214198e+01 3.672118571439999396e-02 1.371501071260776250e+00 4.959119414631385503e-01 7.760424807065989805e-01 4.621378609425218498e-01
3.070234113712374935e+01 3.877526172109833219e-02 1.379794118504271028e+00 5.178797447358792772e-01 7.793517616701042261e-01 4.675574461133124027e-01
3.100334448160535317e+01 4.083468949507514795e-02 1.388087165747765805e+00 5.434085857592494406e-01 7.826610426336093607e-01 4.724041271279167953e-01
3.130434782608696054e+01 4.281477609261159084e-02 1.396380212991260805e+00 5.727140176323797238e-01 7.859703235971147173e-01 4.779894844756840677e-01
3.160535117056856436e+01 4.463298996845936617e-02 1.404673260234755583e+00 6.058237108161128592e-01 7.892796045606198518e-01 4.853742259488479927e-01
3.190635451505016817e+01 4.622293659648778197e-02 1.412966307478250361e+00 6.424578034185137732e-01 7.925888855241250974e-01 4.951863091992025345e-01
3.220735785953177555e+01 4.755112419016965797e-02 1.421259354721745360e+00 6.819582546746036922e-01 7.958981664876303430e-01 5.075930917336564097e-01
3.250836120401338292e+01 4.864539265600446166e-02 1.429552401965239916e+00 7.233107423719615792e-01 7.992074474511355886e-01 5.224511605540784753e-01
3.280936454849498318e+01 4.962750366544372432e-02 1.437845449208734916e+00 7.652763982427203127e-01 8.025167284146408342e-01 5.395722601736460122e-01
3.311036789297659055e+01 5.071627452222511601e-02 1.446138496452229694e+00 8.066122881743441608e-01 8.058260093781459688e-01 5.589740834782297441e-01
3.341137123745819792e+01 5.216431458586053005e-02 1.454431543695724471e+00 8.463234258399054966e-01 8.091352903416513254e-01 5.809815266094483510e-01
3.371237458193979819e+01 5.413543763419498972e-02 1.462724590939219471e+00 8.838706396264941478e-01 8.124445713051564599e-01 6.061203826093805036e-01
3.401337792642140556e+01 5.659419841821693858e-02 1.471017638182714249e+00 9.192669822537072877e-01 8.157538522686617055e-01 6.348623190703095442e-01
3.431438127090301293e+01 5.929495057243493877e-02 1.479310685426209027e+00 9.530288599439553643e-01 8.190631332321669511e-01 6.673690861548206010e-01
3.461538461538462030e+01 6.189065377750056079e-02 1.487603732669704026e+00 9.859943314416002025e-01 8.223724141956720857e-01 7.033904241605737351e-01
3.491638795986622057e+01 6.408539977321275893e-02 1.495896779913198804e+00 1.019062445985986720e+00 8.256816951591774423e-01 7.423863400744097341e-01
3.521739130434782794e+01 6.572339851742686756e-02 1.504189827156693582e+00 1.052928840400897625e+00 8.289909761226825768e-01 7.838148577210861667e-01
3.551839464882943531e+01 6.677181523155302501e-02 1.512482874400188582e+00 1.087887767172606823e+00 8.323002570861878224e-01 8.274236932603786787e-01
3.581939799331104268e+01 6.724899851256319061e-02 1.520775921643683137e+00 1.123744024534460983e+00 8.356095380496930680e-01 8.733693142079425042e-01
3.612040133779264295e+01 6.718238473181391279e-02 1.529068968887178137e+00 1.159842768080275865e+00 8.389188190131983136e-01 9.220731302095760418e-01
3.642140468227425032e+01 6.662846249445041058e-02 1.537362016130672915e+00 1.195195269931286441e+00 8.422280999767035592e-01 9.738680514222014528e-01
3.672240802675585769e+01 6.571085210283750255e-02 1.545655063374167693e+00 1.228663297759581940e+00 8.455373809402086938e-01 1.028610241040763373e+00
3.702341137123745796e+01 6.460939788691232033e-02 1.553948110617662692e+00 1.259163843261038584e+00 8.488466619037140504e-01 1.085461926990012982e+00
3.732441471571906533e+01 6.348292558759936755e-02 1.562241157861157470e+00 1.285862187589778438e+00 8.521559428672191849e-01 1.142974525882393122e+00
3.762541806020067270e+01 6.237981494979383257e-02 1.570534205104652248e+00 1.308326463694480024e+00 8.554652238307244305e-01 1.199461214135499221e+00
3.792642140468228007e+01 6.121480160729529663e-02 1.578827252348147026e+00 1.326618044445024847e+00 8.587745047942296761e-01 1.253520992697792158e+00
3.822742474916388034e+01 5.984320317527066363e-02 1.587120299591642025e+00 1.341293772913747739e+00 8.620837857577348107e-01 1.304523574612139969e+00
3.852842809364548771e+01 5.818428060203068020e-02 1.595413346835136803e+00 1.353306172366026683e+00 8.653930667212401673e-01 1.352898675020994590e+00
3.882943143812709508e+01 5.630257413522365278e-02 1.603706394078631581e+00 1.363810180972164110e+00 8.687023476847453018e-01 1.400159870006141727e+00
3.913043478260869534e+01 5.438882574561940825e-02 1.611999441322126581e+00 1.373914174531657872e+00 8.720116286482505474e-01 1.448680987499157080e+00
3.943143812709030271e+01 5.266112257745302755e-02 1.620292488565621358e+00 1.384435656409938042e+00 8.753209096117557930e-01 1.501298428519022954e+00
3.973244147157191009e+01 5.125947331770827620e-02 1.628585535809116136e+00 1.395724537536286558e+00 8.786301905752610386e-01 1.560833144738747569e+00
4.003344481605351746e+01 5.019173759422676517e-02 1.636878583052610914e+00 1.407595198296204941e+00 8.819394715387662842e-01 1.629627192021315230e+00
4.033444816053511772e+01 4.933726378302544235e-02 1.645171630296105914e+00 1.419371757720939042e+00 8.852487525022714188e-01 1.709184163850026472e+00
4.063545150501672509e+01 4.848600605677295255e-02 1.653464677539600691e+00 1.430017380741203104e+00 8.885580334657767754e-01 1.799986767960251033e+00
4.093645484949833246e+01 4.739885064593227226e-02 1.661757724783095469e+00 1.438304371139454529e+00 8.918673144292819099e-01 1.901526042843493913e+00
4.123745819397993273e+01 4.588352376692819007e-02 1.670050772026590247e+00 1.442991358025127457e+00 8.951765953927871555e-01 2.012513417936462989e+00
4.153846153846154010e+01 4.386618854063423223e-02 1.678343819270085246e+00 1.442996164973044504e+00 8.984858763562924011e-01 2.131180630537721221e+00
4.183946488294314747e+01 4.142314726962748050e-02 1.686636866513580024e+00 1.437569011212410652e+00 9.017951573197975357e-01 2.255540724525877394e+00
4.214046822742475484e+01 3.874997289407308004e-02 1.694929913757074802e+00 1.426466369488199382e+00 9.051044382833028923e-01 2.383512677495750243e+00
4.244147157190635511e+01 3.608202730969063687e-02 1.703222961000569580e+00 1.410102018184984596e+00 9.084137192468080269e-01 2.512893971935791892e+00
4.274247491638796248e+01 3.360919864167281196e-02 1.711516008244064579e+00 1.389625264890498757e+00 9.117230002103132724e-01 2.641255419156172124e+00
4.304347826086956985e+01 3.142722720834500993e-02 1.719809055487559357e+00 1.366869316299189396e+00 9.150322811738185180e-01 2.765879882609113771e+00
4.334448160535117722e+01 2.954177756001779773e-02 1.728102102731054135e+00 1.344138395101866390e+00 9.183415621373237636e-01 2.883849409158699029e+00
4.364548494983277749e+01 2.790840935774192844e-02 1.736395149974549135e+00 1.323854282064724774e+00 9.216508431008290092e-01 2.992322401675749255e+00
4.394648829431438486e+01 2.647360494730039565e-02 1.744688197218043912e+00 1.308138024619079243e+00 9.249601240643341438e-01 3.088971232614377893e+00
4.424749163879599223e+01 2.519190585634120336e-02 1.752981244461538690e+00 1.298433031115886038e+00 9.282694050278395004e-01 3.172495248273406343e+00
4.454849498327759250e+01 2.402260410803426505e-02 1.761274291705033468e+00 1.295266033373605685e+00 9.315786859913446349e-01 3.243085756578748313e+00
4.484949832775919987e+01 2.292777417034400425e-02 1.769567338948528468e+00 1.298197305955159697e+00 9.348879669548498805e-01 3.302695671719600323e+00
4.515050167224080724e+01 2.188355395984797544e-02 1.777860386192023245e+00 1.305952434305623688e+00 9.381972479183551261e-01 3.354971187785981357e+00
4.545150501672241461e+01 2.089362609767896409e-02 1.786153433435518023e+00 1.316679808354399350e+00 9.415065288818602607e-01 3.404761066601988961e+00
4.575250836120401488e+01 1.998682923579089832e-02 1.794446480679012801e+00 1.328256757558526013e+00 9.448158098453656173e-01 3.457236133766251385e+00
4.605351170568562225e+01 1.919545979513616676e-02 1.802739527922507801e+00 1.338574366166671803e+00 9.481250908088707519e-01 3.516791494303014520e+00
4.635451505016722962e+01 1.852737292340462041e-02 1.811032575166002578e+00 1.345756882490125594e+00 9.514343717723761085e-01 3.586004059606616057e+00
4.665551839464882988e+01 1.794839329472178516e-02 1.819325622409497356e+00 1.348302579990472205e+00 9.547436527358812430e-01 3.664929081111046649e+00
4.695652173913043725e+01 1.738529755683180036e-02 1.827618669652992134e+00 1.345157192766464949e+00 9.580529336993863776e-01 3.750935896996694829e+00
4.725752508361204463e+01 1.675104803167770315e-02 1.835911716896487134e+00 1.335741826883591665e+00 9.613622146628917342e-01 3.839138685968682907e+00
4.755852842809365200e+01 1.598344998904843717e-02 1.844204764139981911e+00 1.319953667162145905e+00 9.646714956263968688e-01 3.923320404861843969e+00
4.785953177257525226e+01 1.507753691523254329e-02 1.852497811383476689e+00 1.298144862028505653e+00 9.679807765899022254e-01 3.997121615425589969e+00
4.816053511705685963e+01 1.409013498343035693e-02 1.860790858626971467e+00 1.271071910866098831e+00 9.712900575534073599e-01 4.055208296064876095e+00
4.846153846153846700e+01 1.310993120221222094e-02 1.869083905870466467e+00 1.239804104193412471e+00 9.745993385169127166e-01 4.094166419237181387e+00
4.876254180602006727e+01 1.221052827609838201e-02 1.877376953113961244e+00 1.205589315449511867e+00 9.779086194804178511e-01 4.112981343946865209e+00
4.906354515050167464e+01 1.141726360482455196e-02 1.885670000357456022e+00 1.169694418006122616e+00 9.812179004439229857e-01 4.113087433403137538e+00
4.936454849498328201e+01 1.070782658990504857e-02 1.893963047600951022e+00 1.133254565314353757e+00 9.845271814074283423e-01 4.098049446258412054e+00
4.966555183946488938e+01 1.004085251784106979e-02 1.902256094844445800e+00 1.097168830697237585e+00 9.878364623709334769e-01 4.072943923707478930e+00
4.996655518394648965e+01 9.388303007469255002e-03 1.910549142087940577e+00 1.062064735695272821e+00 9.911457433344388335e-01 4.043496492738847259e+00
5.026755852842809702e+01 8.750316646422263978e-03 1.918842189331435355e+00 1.028327345934493042e+00 9.944550242979439680e-01 4.015065591256285593e+00
5.056856187290970439e+01 8.148896153562843955e-03 1.927135236574930355e+00 9.961639595779444578e-01 9.977643052614491026e-01 3.991650119245877981e+00
5.086956521739130466e+01 7.611983659345066509e-03 1.935428283818425133e+00 9.656663995115548627e-01 1.001073586224954459e+00 3.975168257932447435e+00
5.117056856187291203e+01 7.161213467355083927e-03 1.943721331061919910e+00 9.368440096895850333e-01 1.004382867188459594e+00 3.965228243660181562e+00
5.147157190635451940e+01 6.808251767503944486e-03 1.952014378305414688e+00 9.096243124081965226e-01 1.007692148151964950e+00 3.959477836989585775e+00
5.177257525083612677e+01 6.556644778227229547e-03 1.960307425548909688e+00 8.838404128930495984e-01 1.011001429115470085e+00 3.954441460290633259e+00
5.207357859531772704e+01 6.404024421723276440e-03 1.968600472792404465e+00 8.592320115913192335e-01 1.014310710078975442e+00 3.946610777938200698e+00
5.237458193979933441e+01 6.341198548615631370e-03 1.976893520035899243e+00 8.354769816173418517e-01 1.017619991042480576e+00 3.933482668780426739e+00
5.267558528428094178e+01 6.347427331250519306e-03 1.985186567279394021e+00 8.122500986628422570e-01 1.020929272005985711e+00 3.914237780427390678e+00
5.297658862876254204e+01 6.385493064799263076e-03 1.993479614522889021e+00 7.892872132207542357e-01 1.024238552969491067e+00 3.889825638081580106e+00
5.327759197324414941e+01 6.404265149580362117e-03 2.001772661766383798e+00 7.664271301950781323e-01 1.027547833932996202e+00 3.862383373922634533e+00
5.357859531772575679e+01 6.354107965214919607e-03 2.010065709009878354e+00 7.436123537109113890e-01 1.030857114896501558e+00 3.834150291161434687e+00
5.387959866220736416e+01 6.209467231294916144e-03 2.018358756253373798e+00 7.208484911104356962e-01 1.034166395860006693e+00 3.806267520165300677e+00
5.418060200668896442e+01 5.982626452155169645e-03 2.026651803496868354e+00 6.981411993925882298e-01 1.037475676823511828e+00 3.777947790490459035e+00
5.448160535117057179e+01 5.715804327391763549e-03 2.034944850740362909e+00 6.754404705378345142e-01 1.040784957787017184e+00 3.746387274381628885e+00
5.478260869565217916e+01 5.455573896059775010e-03 2.043237897983857909e+00 6.526202363125931383e-01 1.044094238750522319e+00 3.707506689008280176e+00
5.508361204013378654e+01 5.228490874393070670e-03 2.051530945227352909e+00 6.295074678686212177e-01 1.047403519714027675e+00 3.657287198757232183e+00
5.538461538461538680e+01 5.034950335308170828e-03 2.059823992470847465e+00 6.059545092978131375e-01 1.050712800677532810e+00 3.593250772300132123e+00
5.568561872909699417e+01 4.861762540589088626e-03 2.068117039714342464e+00 5.819292704753246115e-01 1.054022081641038167e+00 3.515592567108687838e+00
5.598662207357860154e+01 4.699091489377471564e-03 2.076410086957837464e+00 5.575877900018934019e-01 1.057331362604543301e+00 3.427586515597615957e+00
5.628762541806020181e+01 4.547288166855184208e-03 2.084703134201332020e+00 5.332970285710667557e-01 1.060640643568048436e+00 3.335096702071199459e+00
5.658862876254180918e+01 4.411301478156983910e-03 2.092996181444827020e+00 5.095919341356502930e-01 1.063949924531553792e+00 3.245281165273539603e+00
5.688963210702341655e+01 4.291542240747413944e-03 2.101289228688322019e+00 4.870741627652039885e-01 1.067259205495058927e+00 3.164820551745930910e+00
5.719063545150502392e+01 4.180808173079350598e-03 2.109582275931816575e+00 4.662816850693284332e-01 1.070568486458564283e+00 3.098177672771232238e+00
5.749163879598662419e+01 4.069321881113958581e-03 2.117875323175311575e+00 4.475704242483771744e-01 1.073877767422069418e+00 3.046424770280650840e+00
5.779264214046823156e+01 3.952645004941127659e-03 2.126168370418806575e+00 4.310460492210313466e-01 1.077187048385574553e+00 3.007023649947132338e+00
5.809364548494983893e+01 3.835663828029402863e-03 2.134461417662301130e+00 4.165666310439504194e-01 1.080496329349079909e+00 2.974639027322650620e+00
5.839464882943143920e+01 3.729584867295582772e-03 2.142754464905796130e+00 4.038114178327341097e-01 1.083805610312585044e+00 2.942709061288213856e+00
5.869565217391304657e+01 3.644520861402512305e-03 2.151047512149291130e+00 3.923875803975492293e-01 1.087114891276090400e+00 2.905227807222359182e+00
5.899665551839465394e+01 3.583640303621056598e-03 2.159340559392785686e+00 3.819351727332838675e-01 1.090424172239595535e+00 2.858130605154925341e+00
5.929765886287626131e+01 3.543137197159022637e-03 2.167633606636280241e+00 3.721955806733007743e-01 1.093733453203100892e+00 2.799855067791696683e+00
5.959866220735786158e+01 3.516926010249865706e-03 2.175926653879775685e+00 3.630276439507589270e-01 1.097042734166606026e+00 2.731004683221097018e+00
5.989966555183946895e+01 3.501137185894257105e-03 2.184219701123270241e+00 3.543791075848678473e-01 1.100352015130111161e+00 2.653403976191571978e+00
6.020066889632107632e+01 3.494483679554204626e-03 2.192512748366764797e+00 3.462378352520776303e-01 1.103661296093616517e+00 2.569029390379468758e+00
6.050167224080267658e+01 3.494741860526144692e-03 2.200805795610259796e+00 3.385899688429889198e-01 1.106970577057121652e+00 2.479249717759424154e+00
6.080267558528428395e+01 3.495077335976813290e-03 2.209098842853754796e+00 3.314012349550558567e-01 1.110279858020627008e+00 2.384578879780903549e+00
6.110367892976589133e+01 3.484085278008600996e-03 2.217391890097249352e+00 3.246202098304432626e-01 1.113589138984132143e+00 2.284887341312629161e+00
6.140468227424749870e+01 3.450124437931199710e-03 2.225684937340744352e+00 3.181885601947856967e-01 1.116898419947637500e+00 2.179867401127348892e+00
6.170568561872909896e+01 3.386774742499420836e-03 2.233977984584239351e+00 3.120403017179335659e-01 1.120207700911142634e+00 2.069530084689531257e+00
6.200668896321070633e+01 3.295747353837102760e-03 2.242271031827733907e+00 3.060809193473886802e-01 1.123516981874647769e+00 1.954569919923331511e+00
6.230769230769231370e+01 3.186244008698637265e-03 2.250564079071228907e+00 3.001525049854908977e-01 1.126826262838153125e+00 1.836504955991985266e+00
6.260869565217392108e+01 3.071933461238760075e-03 2.258857126314723907e+00 2.940044286079782077e-01 1.130135543801658260e+00 1.717566536369101282e+00
6.290969899665552134e+01 2.966694034689250793e-03 2.267150173558218462e+00 2.872930358320724964e-01 1.133444824765163617e+00 1.600388266419559002e+00
6.321070234113712871e+01 2.880121617118195764e-03 2.275443220801713462e+00 2.796254860393960207e-01 1.136754105728668751e+00 1.487615291110677918e+00
6.351170568561873608e+01 2.814756693031660994e-03 2.283736268045208462e+00 2.706449544541905672e-01 1.140063386692173886e+00 1.381578743211030691e+00
6.381270903010033635e+01 2.767017609412108971e-03 2.292029315288703017e+00 2.601345439838709805e-01 1.143372667655679242e+00 1.284124045026986183e+00
6.411371237458195083e+01 2.731346818105744988e-03 2.300322362532198017e+00 2.481044276488831579e-01 1.146681948619184377e+00 1.196574282555230795e+00
6.441471571906355109e+01 2.704214853446329590e-03 2.308615409775693017e+00 2.348275516199574697e-01 1.149991229582689733e+00 1.119728991531002693e+00
6.471571906354515136e+01 2.684753961646808851e-03 2.316908457019187573e+00 2.208046758362246231e-01 1.153300510546194868e+00 1.053805953975175846e+00
6.501672240802676583e+01 2.671920587807559075e-03 2.325201504262682128e+00 2.066642173852761832e-01 1.156609791509700225e+00 9.983195621141811582e-01
6.531772575250836610e+01 2.660854584143952217e-03 2.333494551506177572e+00 1.930264977457507858e-01 1.159919072473205359e+00 9.519828848667586385e-01
6.561872909698996637e+01 2.641227069799927454e-03 2.341787598749672128e+00 1.803754904086297683e-01 1.163228353436710494e+00 9.127501107534171654e-01
6.591973244147158084e+01 2.598818882171014324e-03 2.350080645993166684e+00 1.689781093921290667e-01 1.166537634400215850e+00 8.780633549671112981e-01
6.622073578595318111e+01 2.519928970391914231e-03 2.358373693236661683e+00 1.588725593196302632e-01 1.169846915363720985e+00 8.452719586922492478e-01
6.652173913043478137e+01 2.396647943459143289e-03 2.366666740480156683e+00 1.499211134094043940e-01 1.173156196327226342e+00 8.121111955453650388e-01
6.682274247491639585e+01 2.230022373788969302e-03 2.374959787723651239e+00 1.419000359595846139e-01 1.176465477290731476e+00 7.770971550976166764e-01
6.712374581939799612e+01 2.029233771247333437e-03 2.383252834967146239e+00 1.345895353752298296e-01 1.179774758254236611e+00 7.397185632754108564e-01
6.742474916387959638e+01 1.807997468172042139e-03 2.391545882210641238e+00 1.278327778966971695e-01 1.183084039217741967e+00 7.003677107802293023e-01
6.772575250836121086e+01 1.581452188637288850e-03 2.399838929454135794e+00 1.215508378258883387e-01 1.186393320181247102e+00 6.600316336831918429e-01
6.802675585284281112e+01 1.365467404292064002e-03 2.408131976697630794e+00 1.157207916793266539e-01 1.189702601144752458e+00 6.198421832012408483e-01
6.832775919732442560e+01 1.176987415436452382e-03 2.416425023941125794e+00 1.103376677373056058e-01 1.193011882108257593e+00 5.806368110416457728e-01
6.862876254180602587e+01 1.032392765754969015e-03 2.424718071184620349e+00 1.053827346191294340e-01 1.196321163071762950e+00 5.426857287777789862e-01
6.892976588628762613e+01 9.426988170005205737e-04 2.433011118428115349e+00 1.008119641402879796e-01 1.199630444035268084e+00 5.056825062572333218e-01
6.923076923076924061e+01 9.080606593550257953e-04 2.441304165671610349e+00 9.656540482516594304e-02 1.202939724998773219e+00 4.689895614683184943e-01
6.953177257525084087e+01 9.160100828463401193e-04 2.449597212915104905e+00 9.258762266224782045e-02 1.206249005962278575e+00 4.320223415198235495e-01
6.983277591973244114e+01 9.458282188628499470e-04 2.457890260158599904e+00 8.884573671594969690e-02 1.209558286925783710e+00 3.945994992964140247e-01
7.013377926421405562e+01 9.767339110095020222e-04 2.466183307402094904e+00 8.533517093794830422e-02 1.212867567889289067e+00 3.571106854606380665e-01
7.043478260869565588e+01 9.944556489903620938e-04 2.474476354645589460e+00 8.207091274014072235e-02 1.216176848852794201e+00 3.204450706678115268e-01
7.073578595317725615e+01 9.925622580969179713e-04 2.482769401889084016e+00 7.906946713306549357e-02 1.219486129816299336e+00 2.857328052320188272e-01
7.103678929765887062e+01 9.699769504085677075e-04 2.491062449132579459e+00 7.633052689211757003e-02 1.222795410779804692e+00 2.540229002503847089e-01
7.133779264214047089e+01 9.289714978932867191e-04 2.499355496376074015e+00 7.382658805648983913e-02 1.226104691743309827e+00 2.260255717206154924e-01
7.163879598662208537e+01 8.755589692056599781e-04 2.507648543619568571e+00 7.150439998344468306e-02 1.229413972706815183e+00 2.019955176710543920e-01
7.193979933110368563e+01 8.197052087120112150e-04 2.515941590863063571e+00 6.929653003369858066e-02 1.232723253670320318e+00 1.817619672305202660e-01
7.224080267558528590e+01 7.719361549993859154e-04 2.524234638106558570e+00 6.713686501844674803e-02 1.236032534633825675e+00 1.648585270608334818e-01
7.254180602006690037e+01 7.371225220702719901e-04 2.532527685350053126e+00 6.497232619984488755e-02 1.239341815597330809e+00 1.506874513660793335e-01
7.284280936454850064e+01 7.106074013111743229e-04 2.540820732593548126e+00 6.276507142786916238e-02 1.242651096560835944e+00 1.386634215104610712e-01
7.314381270903010090e+01 6.809864100779344613e-04 2.549113779837043126e+00 6.048428648437026434e-02 1.245960377524341300e+00 1.283055372095343039e-01
7.344481605351171538e+01 6.381604232544433502e-04 2.557406827080537681e+00 5.809238071207700749e-02 1.249269658487846435e+00 1.192698743208245454e-01
7.374581939799331565e+01 5.804899201545472886e-04 2.565699874324032681e+00 5.553437640673495462e-02 1.252578939451351792e+00 1.113326316976687158e-01
7.404682274247491591e+01 5.156677645194092949e-04 2.573992921567527681e+00 5.273925806657254328e-02 1.255888220414856926e+00 1.043441191271771151e-01
7.434782608695653039e+01 4.552310849792850622e-04 2.582285968811022236e+00 4.963733023319134852e-02 1.259197501378362061e+00 9.817656083366747832e-02
7.464882943143813065e+01 4.073665099510714849e-04 2.590579016054517236e+00 4.618981253878438192e-02 1.262506782341867417e+00 9.268480050415285609e-02
7.494983277591973092e+01 3.730830413527382017e-04 2.598872063298012236e+00 4.241949883357430673e-02 1.265816063305372552e+00 8.769096037556511902e-02
7.525083612040134540e+01 3.475584950862466117e-04 2.607165110541506792e+00 3.842822987519172589e-02 1.269125344268877909e+00 8.299502432821607989e-02
7.555183946488294566e+01 3.247836344062422580e-04 2.615458157785001791e+00 3.439038814717022829e-02 1.272434625232383043e+00 7.840512208555988627e-02
7.585284280936456014e+01 3.019728770027702795e-04 2.623751205028496347e+00 3.052069076906918990e-02 1.275743906195888400e+00 7.377473208283426287e-02
7.615384615384616041e+01 2.808777641388873259e-04 2.632044252271991347e+00 2.702532584063083512e-02 1.279053187159393534e+00 6.903055235801248968e-02
7.645484949832776067e+01 2.653304664947678726e-04 2.640337299515486347e+00 2.405291965740865082e-02 1.282362468122898669e+00 6.417733581327042525e-02
7.675585284280937515e+01 2.569776022214570856e-04 2.648630346758980902e+00 2.166236617784055019e-02 1.285671749086404025e+00 5.927619731516529933e-02
7.705685618729097541e+01 2.526602319110594040e-04 2.656923394002475902e+00 1.981793370776784025e-02 1.288981030049909160e+00 5.440721752693993690e-02
7.735785953177257568e+01 2.457747530273876060e-04 2.665216441245970902e+00 1.841141533746785963e-02 1.292290311013414517e+00 4.963686106601386538e-02
7.765886287625419016e+01 2.306731968909414901e-04 2.673509488489465458e+00 1.730124968592060622e-02 1.295599591976919651e+00 4.500786640594942739e-02
7.795986622073579042e+01 2.065486368408965881e-04 2.681802535732960457e+00 1.635361543652508187e-02 1.298908872940425008e+00 4.055410526258756282e-02
7.826086956521739069e+01 1.778251131819609543e-04 2.690095582976455457e+00 1.547200033866683727e-02 1.302218153903930142e+00 3.632540278019102259e-02
7.856187290969900516e+01 1.511631285656621338e-04 2.698388630219950013e+00 1.460816325346193760e-02 1.305527434867435277e+00 3.240019960799117582e-02
7.886287625418060543e+01 1.316811631389098265e-04 2.706681677463445013e+00 1.375534899316704397e-02 1.308836715830940634e+00 2.887273476908178843e-02
7.916387959866221991e+01 1.208832091068759538e-04 2.714974724706939568e+00 1.293063176113839509e-02 1.312145996794445768e+00 2.581983534245353359e-02
7.946488294314382017e+01 1.169794893928330273e-04 2.723267771950434568e+00 1.215540296862491036e-02 1.315455277757951125e+00 2.326709788595050787e-02
7.976588628762542044e+01 1.167712851370771818e-04 2.731560819193929568e+00 1.144136171463784775e-02 1.318764558721456259e+00 2.117500784644671744e-02
8.006688963210703491e+01 1.178082388496579010e-04 2.739853866437424124e+00 1.078548570313959953e-02 1.322073839684961394e+00 1.945252479606389417e-02
8.036789297658863518e+01 1.197241864776068691e-04 2.748146913680919123e+00 1.017335365881703521e-02 1.325383120648466750e+00 1.798862029584626793e-02
8.066889632107023544e+01 1.241201056367966708e-04 2.756439960924414123e+00 9.587346143774169716e-03 1.328692401611971885e+00 1.668295096080533307e-02
8.096989966555184992e+01 1.330006023737668140e-04 2.764733008167908679e+00 9.015268195806133353e-03 1.332001682575477242e+00 1.546069357688998301e-02
8.127090301003345019e+01 1.465330559294777794e-04 2.773026055411403679e+00 8.455653791135527356e-03 1.335310963538982376e+00 1.426946308773431593e-02
8.157190635451505045e+01 1.615772951111850431e-04 2.781319102654898234e+00 7.917849854169860951e-03 1.338620244502487733e+00 1.306832627272624774e-02
8.187290969899666493e+01 1.724268307374207947e-04 2.789612149898393234e+00 7.417211318598813073e-03 1.341929525465992867e+00 1.182203676603042417e-02
8.217391304347826519e+01 1.738814180852434792e-04 2.797905197141888234e+00 6.967638003623071417e-03 1.345238806429498002e+00 1.050677916490120462e-02
8.247491638795986546e+01 1.647498189506511944e-04 2.806198244385382790e+00 6.574627225938466275e-03 1.348548087393003359e+00 9.123031834087901373e-03
8.277591973244147994e+01 1.491455374825675093e-04 2.814491291628877789e+00 6.231669809020713713e-03 1.351857368356508493e+00 7.704708233175830423e-03
8.307692307692308020e+01 1.345591942329460217e-04 2.822784338872372789e+00 5.921323549398527578e-03 1.355166649320013850e+00 6.315652496198357300e-03
8.337792642140469468e+01 1.281234361439564061e-04 2.831077386115867345e+00 5.620301484301547072e-03 1.358475930283518984e+00 5.032707197151329963e-03
8.367892976588629494e+01 1.333906483558200634e-04 2.839370433359362345e+00 5.306311629162293632e-03 1.361785211247024119e+00 3.922874431014666471e-03
8.397993311036789521e+01 1.490528052588183886e-04 2.847663480602857344e+00 4.963893605266240378e-03 1.365094492210529475e+00 3.025206930928818309e-03
8.428093645484950969e+01 1.698672254191009254e-04 2.855956527846351900e+00 4.587263345917388761e-03 1.368403773174034610e+00 2.344713711606557973e-03
8.458193979933110995e+01 1.893858276733243850e-04 2.864249575089846900e+00 4.179712802622840943e-03 1.371713054137539967e+00 1.858633745528321746e-03
8.488294314381271022e+01 2.033406397725368020e-04 2.872542622333341455e+00 3.750592375589953745e-03 1.375022335101045101e+00 1.529463982438627632e-03
8.518394648829432469e+01 2.116719385019304124e-04 2.880835669576836455e+00 3.311639126376831645e-03 1.378331616064550458e+00 1.317314036911745347e-03
8.548494983277592496e+01 2.175001336556852348e-04 2.889128716820331455e+00 2.874196883621993152e-03 1.381640897028055592e+00 1.186716327499286357e-03
8.578595317725752523e+01 2.235425778571938939e-04 2.897421764063826011e+00 2.448013357239802595e-03 1.384950177991560727e+00 1.107592678995413188e-03
8.608695652173913970e+01 2.288882722672658970e-04 2.905714811307321011e+00 2.041358960742852956e-03 1.388259458955066084e+00 1.053559989416603688e-03
8.638795986622073997e+01 2.290426319261270607e-04 2.914007858550816010e+00 1.661665853584466885e-03 1.391568739918571218e+00 1.001275048515057895e-03
8.668896321070235444e+01 2.193422505049672487e-04 2.922300905794310566e+00 1.315895039903811677e-03 1.394878020882076575e+00 9.323913519090089568e-04
8.698996655518395471e+01 1.988691725733027986e-04 2.930593953037805566e+00 1.010249855203388964e-03 1.398187301845581709e+00 8.368948484926288329e-04
8.729096989966555498e+01 1.717704789662815570e-04 2.938887000281300566e+00 7.493557482975434468e-04 1.401496582809086844e+00 7.151670870054868592e-04
8.759197324414716945e+01 1.453941858736053773e-04 2.947180047524795121e+00 5.353474157146209667e-04 1.404805863772592200e+00 5.768577254240094465e-04
8.789297658862876972e+01 1.271426120921208139e-04 2.955473094768290121e+00 3.673327479223710080e-04 1.408115144736097335e+00 4.366943504707452022e-04
8.819397993311036998e+01 1.221499882101601041e-04 2.963766142011784677e+00 2.414952080899681534e-04 1.411424425699602692e+00 3.091336556579711765e-04
8.849498327759198446e+01 1.323128316928519745e-04 2.972059189255279676e+00 1.518045569059431126e-04 1.414733706663107826e+00 2.041632430760789219e-04
8.879598662207358473e+01 1.560025745858938670e-04 2.980352236498774676e+00 9.108133855785699223e-05 1.418042987626613183e+00 1.256182460057718539e-04
8.909698996655518499e+01 1.880682871683841809e-04 2.988645283742269232e+00 5.208387507832600683e-05 1.421352268590118317e+00 7.194339223204590018e-05
8.939799331103679947e+01 2.205732637119977180e-04 2.996938330985764232e+00 2.835107555539080815e-05 1.424661549553623452e+00 3.833175095791408767e-05
8.969899665551839973e+01 2.447333704458134183e-04 3.005231378229259231e+00 1.467496573083232770e-05 1.427970830517128809e+00 1.899386059875532041e-05
9.000000000000000000e+01 2.536567899797059441e-04 3.013524425472753787e+00 7.216834786953222782e-06 1.431280111480633943e+00 8.751199074884664068e-06
