0.000000000000000000e+00 2.312016171183233577e-297 6.667008521825541489e-01 1.834627991904255081e-06 6.422810303790098541e-01 4.550707260874104097e-06
3.010033444816053727e-01 1.076824986072546397e-292 6.702490286627680316e-01 5.192282311925021947e-06 6.438923808634181567e-01 1.457358196879479423e-05
6.020066889632107454e-01 9.090600553863755094e-288 6.737972051429819142e-01 1.287220408036368519e-05 6.455037313478264593e-01 3.922406439006115666e-05
9.030100334448161181e-01 6.955101188498592641e-283 6.773453816231957969e-01 2.801504600425733441e-05 6.471150818322348730e-01 8.872331385878685786e-05
1.204013377926421491e+00 4.822563873754615883e-278 6.808935581034096796e-01 5.373685492003083409e-05 6.487264323166431756e-01 1.686637655740142795e-04
1.505016722408026864e+00 3.030514844252450518e-273 6.844417345836235622e-01 9.147318918651328062e-05 6.503377828010514783e-01 2.694664530776398571e-04
1.806020066889632236e+00 1.725913281038846309e-268 6.879899110638374449e-01 1.398434931390506002e-04 6.519491332854597809e-01 3.618149401107184008e-04
2.107023411371237387e+00 8.908116594823770998e-264 6.915380875440513275e-01 1.958039711312639013e-04 6.535604837698680836e-01 4.082885135222608249e-04
2.408026755852842982e+00 4.166941692395413648e-259 6.950862640242652102e-01 2.583947791725533074e-04 6.551718342542763862e-01 3.872101244182832671e-04
2.709030100334448576e+00 1.766500673616867805e-254 6.986344405044790928e-01 3.324680177891831470e-04 6.567831847386847999e-01 3.086207503667590807e-04
3.010033444816053727e+00 6.786960030514587886e-250 7.021826169846929755e-01 4.284923746640957446e-04 6.583945352230931025e-01 2.067294825475034801e-04
3.311036789297658878e+00 2.363208966552263866e-245 7.057307934649068581e-01 5.573916919738016807e-04 6.600058857075014052e-01 1.163800632057896355e-04
3.612040133779264472e+00 7.457522329457459868e-241 7.092789699451207408e-01 7.244840143245731686e-04 6.616172361919097078e-01 5.506221060618236450e-05
3.913043478260870067e+00 2.132813379378651100e-236 7.128271464253346235e-01 9.284429321224623582e-04 6.632285866763180104e-01 2.189413554389824966e-05
4.214046822742474774e+00 5.528117501936168492e-232 7.163753229055485061e-01 1.166536694678439040e-03 6.648399371607263131e-01 7.316580158473389547e-06
4.515050167224080369e+00 1.298578026553499519e-227 7.199234993857623888e-01 1.440033077899283880e-03 6.664512876451347267e-01 2.055986807221504609e-06
4.816053511705685963e+00 2.764556512310476753e-223 7.234716758659763824e-01 1.752230341160658121e-03 6.680626381295430294e-01 4.938609622198693172e-07
5.117056856187291558e+00 5.333960528835705477e-219 7.270198523461902651e-01 2.099972372965066246e-03 6.696739886139513320e-01 1.523743552894129228e-07
5.418060200668897153e+00 9.326985339498645257e-215 7.305680288264041478e-01 2.469372904124480638e-03 6.712853390983596347e-01 3.154818410496084677e-07
5.719063545150501859e+00 1.478087798439818925e-210 7.341162053066180304e-01 2.844676820538941022e-03 6.728966895827679373e-01 1.345506941243253837e-06
6.020066889632107454e+00 2.122887030076011594e-206 7.376643817868319131e-01 3.226047942970978761e-03 6.745080400671762400e-01 5.074496144692531450e-06
6.321070234113713049e+00 2.763258563208573637e-202 7.412125582670457957e-01 3.644227899569638714e-03 6.761193905515846536e-01 1.616436641586607300e-05
6.622073578595317755e+00 3.259751035576470021e-198 7.447607347472596784e-01 4.167212091995046129e-03 6.777307410359929563e-01 4.352942801545514639e-05
6.923076923076923350e+00 3.485105149279118571e-194 7.483089112274735610e-01 4.902696416683606680e-03 6.793420915204012589e-01 9.951367568761917200e-05
7.224080267558528945e+00 3.376884199454586999e-190 7.518570877076874437e-01 5.993850062208806034e-03 6.809534420048095615e-01 1.945517152765598526e-04
7.525083612040134540e+00 2.965415567172224093e-186 7.554052641879013263e-01 7.594924254582491666e-03 6.825647924892178642e-01 3.293357191709846360e-04
7.826086956521740134e+00 2.360067136999041610e-182 7.589534406681152090e-01 9.820724190473204343e-03 6.841761429736261668e-01 4.925269818916966054e-04
8.127090301003345729e+00 1.702287225590431181e-178 7.625016171483290917e-01 1.268931496048079921e-02 6.857874934580345805e-01 6.700242368512187262e-04
8.428093645484949548e+00 1.112785099092947101e-174 7.660497936285429743e-01 1.609347955883712322e-02 6.873988439424428831e-01 8.579377447979916410e-04
8.729096989966555142e+00 6.592650225012350602e-171 7.695979701087568570e-01 1.982549746192130771e-02 6.890101944268511858e-01 1.061120114243317529e-03
9.030100334448160737e+00 3.539804968706815019e-167 7.731461465889707396e-01 2.365024037274929616e-02 6.906215449112594884e-01 1.271242928288635532e-03
9.331103678929766332e+00 1.722540721956205292e-163 7.766943230691846223e-01 2.739247196501866030e-02 6.922328953956677910e-01 1.445113798175250543e-03
9.632107023411371927e+00 7.596802273332231660e-160 7.802424995493985049e-01 3.099266804974225645e-02 6.938442458800760937e-01 1.513765534594035522e-03
9.933110367892977521e+00 3.036432356012089937e-156 7.837906760296123876e-01 3.450414825719829576e-02 6.954555963644845074e-01 1.427941738897461942e-03
1.023411371237458312e+01 1.099937890871038184e-152 7.873388525098262702e-01 3.804691387615785625e-02 6.970669468488928100e-01 1.206041194218057363e-03
1.053511705685618871e+01 3.611143808320653234e-149 7.908870289900401529e-01 4.176728133150182237e-02 6.986782973333011126e-01 9.389523849473075962e-04
1.083612040133779431e+01 1.074468725021802024e-145 7.944352054702540356e-01 4.584439966070424227e-02 7.002896478177094153e-01 7.415190860513244317e-04
1.113712374581939812e+01 2.897446694293297322e-142 7.979833819504679182e-01 5.054088606661270855e-02 7.019009983021177179e-01 6.882713415613014429e-04
1.143812709030100372e+01 7.081253146631585471e-139 8.015315584306818009e-01 5.625555010460131511e-02 7.035123487865260206e-01 7.809533322378686476e-04
1.173913043478260931e+01 1.568476748030819505e-135 8.050797349108956835e-01 6.353129875638302559e-02 7.051236992709344342e-01 9.637241003585819091e-04
1.204013377926421491e+01 3.148615723543229863e-132 8.086279113911096772e-01 7.299232571272833148e-02 7.067350497553427369e-01 1.168279823937158016e-03
1.234113712374582050e+01 5.728424026587971831e-129 8.121760878713235599e-01 8.521151751154180942e-02 7.083464002397510395e-01 1.359838504821731875e-03
1.264214046822742610e+01 9.445498676035991069e-126 8.157242643515374425e-01 1.005466861449494792e-01 7.099577507241593421e-01 1.556867200918104609e-03
1.294314381270903169e+01 1.411526954932764252e-122 8.192724408317513252e-01 1.190379170387193541e-01 7.115691012085676448e-01 1.807964435375243682e-03
1.324414715719063551e+01 1.911737796495784303e-119 8.228206173119652078e-01 1.404771188727629572e-01 7.131804516929760585e-01 2.142065518712198049e-03
1.354515050167224111e+01 2.346619415410127387e-116 8.263687937921790905e-01 1.646735225123884538e-01 7.147918021773843611e-01 2.547498468051555016e-03
1.384615384615384670e+01 2.610552864630774163e-113 8.299169702723929731e-01 1.917793903237721420e-01 7.164031526617926637e-01 3.018549425633871609e-03
1.414715719063545230e+01 2.632074286215534609e-110 8.334651467526068558e-01 2.224646652275557024e-01 7.180145031462009664e-01 3.619242367601196390e-03
1.444816053511705789e+01 2.405137604573243302e-107 8.370133232328207384e-01 2.578344886469070008e-01 7.196258536306092690e-01 4.460123970767064690e-03
1.474916387959866348e+01 1.991857063388987528e-104 8.405614997130346211e-01 2.991630287577952130e-01 7.212372041150175717e-01 5.570349516907417524e-03
1.505016722408026908e+01 1.495041287251062674e-101 8.441096761932485038e-01 3.475883563776566154e-01 7.228485545994258743e-01 6.793442124130209814e-03
1.535117056856187467e+01 1.017010174584544848e-98 8.476578526734623864e-01 4.038525122987477456e-01 7.244599050838342880e-01 7.846172195188230378e-03
1.565217391304348027e+01 6.270105164547200321e-96 8.512060291536762691e-01 4.681178138237132025e-01 7.260712555682425906e-01 8.517212917309696651e-03
1.595317725752508409e+01 3.503499736897091734e-93 8.547542056338901517e-01 5.399224819113094265e-01 7.276826060526508932e-01 8.829232093885228810e-03
1.625418060200669146e+01 1.774219760637347304e-90 8.583023821141040344e-01 6.183595454337078579e-01 7.292939565370591959e-01 9.014354200700690906e-03
1.655518394648829528e+01 8.143125262582595692e-88 8.618505585943179170e-01 7.024692252563832229e-01 7.309053070214674985e-01 9.320645740433494697e-03
1.685618729096989910e+01 3.387298910456998350e-85 8.653987350745317997e-01 7.916970220681002202e-01 7.325166575058759122e-01 9.813763862119987899e-03
1.715719063545150647e+01 1.277011935886841195e-82 8.689469115547456823e-01 8.862348922619989189e-01 7.341280079902842148e-01 1.035048797748143803e-02
1.745819397993311028e+01 4.363306712952546950e-80 8.724950880349595650e-01 9.871345676927534285e-01 7.357393584746925175e-01 1.076832743136265855e-02
1.775919732441471766e+01 1.351189324661516819e-77 8.760432645151734476e-01 1.096139313464892906e+00 7.373507089591008201e-01 1.113764267616543235e-02
1.806020066889632147e+01 3.792247496691321065e-75 8.795914409953873303e-01 1.215198280451811330e+00 7.389620594435091228e-01 1.182790082925140769e-02
1.836120401337792885e+01 9.646226955427679427e-73 8.831396174756012130e-01 1.345713530845542127e+00 7.405734099279174254e-01 1.328169541614360009e-02
1.866220735785953266e+01 2.223816483487444432e-70 8.866877939558150956e-01 1.487749489519718971e+00 7.421847604123257280e-01 1.566703327875566473e-02
1.896321070234114003e+01 4.646451594995311841e-68 8.902359704360289783e-01 1.639549011152112046e+00 7.437961108967341417e-01 1.870919969914223643e-02
1.926421404682274385e+01 8.798836204513519496e-66 8.937841469162428609e-01 1.797597434944364858e+00 7.454074613811424443e-01 2.185922612080173216e-02
1.956521739130434767e+01 1.510117497874837585e-63 8.973323233964567436e-01 1.957218624199171142e+00 7.470188118655507470e-01 2.468742277981280167e-02
1.986622073578595504e+01 2.348974445476292611e-61 9.008804998766706262e-01 2.113479752414665125e+00 7.486301623499590496e-01 2.721013147014962608e-02
2.016722408026755886e+01 3.311526654557900173e-59 9.044286763568845089e-01 2.262136943208912676e+00 7.502415128343673523e-01 2.988310572056238762e-02
2.046822742474916623e+01 4.231175180598888860e-57 9.079768528370983915e-01 2.400413981925195284e+00 7.518528633187757659e-01 3.324700262988039556e-02
2.076923076923077005e+01 4.899784063307286627e-55 9.115250293173122742e-01 2.527463126335181443e+00 7.534642138031840686e-01 3.752128518191230611e-02
2.107023411371237742e+01 5.142525725620479618e-53 9.150732057975261569e-01 2.644376856934797626e+00 7.550755642875923712e-01 4.249160520468157204e-02
2.137123745819398124e+01 4.891702585183266562e-51 9.186213822777400395e-01 2.753678253671964615e+00 7.566869147720006739e-01 4.774492235030335097e-02
2.167224080267558861e+01 4.217238169114939053e-49 9.221695587579539222e-01 2.858413777405550693e+00 7.582982652564089765e-01 5.300440280382472114e-02
2.197324414715719243e+01 3.295195924984939412e-47 9.257177352381678048e-01 2.961223313867104245e+00 7.599096157408172791e-01 5.828935192987564490e-02
2.227424749163879625e+01 2.333565265601247903e-45 9.292659117183816875e-01 3.063787607835375848e+00 7.615209662252256928e-01 6.379529826537130854e-02
2.257525083612040362e+01 1.497769185525611880e-43 9.328140881985955701e-01 3.166744013997373042e+00 7.631323167096339954e-01 6.958119695430320384e-02
2.287625418060200744e+01 8.712780542012199100e-42 9.363622646788094528e-01 3.269827265691761298e+00 7.647436671940422981e-01 7.531809972264043307e-02
2.317725752508361481e+01 4.593634322742642025e-40 9.399104411590233354e-01 3.371980705756747909e+00 7.663550176784506007e-01 8.039730148316734382e-02
2.347826086956521863e+01 2.195051788686273053e-38 9.434586176392372181e-01 3.471415379326303174e+00 7.679663681628589034e-01 8.444074387850522556e-02
2.377926421404682600e+01 9.506549920647884654e-37 9.470067941194512118e-01 3.565742040162375392e+00 7.695777186472672060e-01 8.780021031762780259e-02
2.408026755852842982e+01 3.731575309388987980e-35 9.505549705996650944e-01 3.652261193515033533e+00 7.711890691316756197e-01 9.146204112049427515e-02
2.438127090301003363e+01 1.327560003549083791e-33 9.541031470798789771e-01 3.728406921968191234e+00 7.728004196160839223e-01 9.626893624469406996e-02
2.468227424749164101e+01 4.280659147767666439e-32 9.576513235600928597e-01 3.792271529469812386e+00 7.744117701004922250e-01 1.021620190787234927e-01
2.498327759197324482e+01 1.251019091347411835e-30 9.611995000403067424e-01 3.843049674186624021e+00 7.760231205849005276e-01 1.082885954722960786e-01
2.528428093645485220e+01 3.313727418528981573e-29 9.647476765205206251e-01 3.881193211630225459e+00 7.776344710693088302e-01 1.139553760636977109e-01
2.558528428093645601e+01 7.955592906835021106e-28 9.682958530007345077e-01 3.908202285652347285e+00 7.792458215537172439e-01 1.194599847640014229e-01
2.588628762541806339e+01 1.731152788340954447e-26 9.718440294809483904e-01 3.926219248297897479e+00 7.808571720381254355e-01 1.259436861337262237e-01
2.618729096989966720e+01 3.414369008495039827e-25 9.753922059611622730e-01 3.937620838436744819e+00 7.824685225225338492e-01 1.344368683206699500e-01
2.648829431438127102e+01 6.103853358702425140e-24 9.789403824413761557e-01 3.944529713301149432e+00 7.840798730069421518e-01 1.450448926552003193e-01
2.678929765886287839e+01 9.890636669186271801e-23 9.824885589215900383e-01 3.948034965644589889e+00 7.856912234913504545e-01 1.570097304052093801e-01
2.709030100334448221e+01 1.452716486865290195e-21 9.860367354018039210e-01 3.947359309081070577e+00 7.873025739757587571e-01 1.695328168449929396e-01
2.739130434782608958e+01 1.934133414068848876e-20 9.895849118820178036e-01 3.939826185248064938e+00 7.889139244601670597e-01 1.825940529886982688e-01
2.769230769230769340e+01 2.334300072965676306e-19 9.931330883622316863e-01 3.922252380186757481e+00 7.905252749445754734e-01 1.970767989465848080e-01
2.799331103678930077e+01 2.553945212789635060e-18 9.966812648424456800e-01 3.893128326316905419e+00 7.921366254289837761e-01 2.141816215115270317e-01
2.829431438127090459e+01 2.533240804503396910e-17 1.000229441322659563e+00 3.853926008998668884e+00 7.937479759133920787e-01 2.347136032731309829e-01
2.859531772575251196e+01 2.278157761014524067e-16 1.003777617802873445e+00 3.808401554412817358e+00 7.953593263978003813e-01 2.587476266689293092e-01
2.889632107023411578e+01 1.857698225644110172e-15 1.007325794283087328e+00 3.760403631827655691e+00 7.969706768822086840e-01 2.856194218480883618e-01
2.919732441471571960e+01 1.373739306513948323e-14 1.010873970763301211e+00 3.711781281763358642e+00 7.985820273666170976e-01 3.140086451533224410e-01
2.949832775919732697e+01 9.213847609489608789e-14 1.014422147243515093e+00 3.661670920196019363e+00 8.001933778510254003e-01 3.422911768839359548e-01
2.979933110367893079e+01 5.606300054297225982e-13 1.017970323723728976e+00 3.607417467446389914e+00 8.018047283354337029e-01 3.694514784529634999e-01
3.010033444816053816e+01 3.095493350876927454e-12 1.021518500203942859e+00 3.546547911611307669e+00 8.034160788198420056e-01 3.961092115001788039e-01
3.040133779264214198e+01 1.551528211208731777e-11 1.025066676684156741e+00 3.478763223421295514e+00 8.050274293042503082e-01 4.245783448935645521e-01
3.070234113712374935e+01 7.062781288336172100e-11 1.028614853164370624e+00 3.406850888117125109e+00 8.066387797886586108e-01 4.575421903836954240e-01
3.100334448160535317e+01 2.921855058268453308e-10 1.032163029644584507e+00 3.335949160464957597e+00 8.082501302730669135e-01 4.964012584092172831e-01
3.130434782608696054e+01 1.099473511513582376e-09 1.035711206124798389e+00 3.271581528163671759e+00 8.098614807574753272e-01 5.408269543384380817e-01
3.160535117056856436e+01 3.767560895142425738e-09 1.039259382605012272e+00 3.217608127742201063e+00 8.114728312418836298e-01 5.897725323533447028e-01
3.190635451505016817e+01 1.177514208057910635e-08 1.042807559085226154e+00 3.175128980983745297e+00 8.130841817262919324e-01 6.425765905341068729e-01
3.220735785953177555e+01 3.363683956121516258e-08 1.046355735565440037e+00 3.142616637396420387e+00 8.146955322107002351e-01 6.987769458479632378e-01
3.250836120401338292e+01 8.806841939382553635e-08 1.049903912045653920e+00 3.116833200979357343e+00 8.163068826951085377e-01 7.569256073282740749e-01
3.280936454849498318e+01 2.121128423849277147e-07 1.053452088525867802e+00 3.093875699359723619e+00 8.179182331795169514e-01 8.141798766849065450e-01
3.311036789297659055e+01 4.721448877567378957e-07 1.057000265006081685e+00 3.069972286029697184e+00 8.195295836639252540e-01 8.679478433360346967e-01
3.341137123745819792e+01 9.768284084042075517e-07 1.060548441486295568e+00 3.042056778083068735e+00 8.211409341483335567e-01 9.186057665965913221e-01
3.371237458193979819e+01 1.890850126062540785e-06 1.064096617966509450e+00 3.008295846848722199e+00 8.227522846327418593e-01 9.705792533612561668e-01
3.401337792642140556e+01 3.448683671892145780e-06 1.067644794446723333e+00 2.968529042972400056e+00 8.243636351171501619e-01 1.030156805949373311e+00
3.431438127090301293e+01 5.967077465765275530e-06 1.071192970926937216e+00 2.924290767158255200e+00 8.259749856015584646e-01 1.101630615130988256e+00
3.461538461538462030e+01 9.851102396706352862e-06 1.074741147407151098e+00 2.878123908171622336e+00 8.275863360859667672e-01 1.185177135972967477e+00
3.491638795986622057e+01 1.558284274039432236e-05 1.078289323887364981e+00 2.832356688378171228e+00 8.291976865703751809e-01 1.278083045366796622e+00
3.521739130434782794e+01 2.368246715439105893e-05 1.081837500367578864e+00 2.788015167025014840e+00 8.308090370547834835e-01 1.377628465916414857e+00
3.551839464882943531e+01 3.464794702942211563e-05 1.085385676847792746e+00 2.744575010591507880e+00 8.324203875391917862e-01 1.482756914818271765e+00
3.581939799331104268e+01 4.890795848794742906e-05 1.088933853328006629e+00 2.700699552835262196e+00 8.340317380236000888e-01 1.593358432307813821e+00
3.612040133779264295e+01 6.683635683861897827e-05 1.092482029808220512e+00 2.655407218149090198e+00 8.356430885080083915e-01 1.708549065044420390e+00
3.642140468227425032e+01 8.884475052682210613e-05 1.096030206288434394e+00 2.608860297786515847e+00 8.372544389924168051e-01 1.826364908179380464e+00
3.672240802675585769e+01 1.154934187601327578e-04 1.099578382768648277e+00 2.562328665596689259e+00 8.388657894768251078e-01 1.945677911891763090e+00
3.702341137123745796e+01 1.474958802973541454e-04 1.103126559248862160e+00 2.517451483798291534e+00 8.404771399612334104e-01 2.068247314349159538e+00
3.732441471571906533e+01 1.855174966494523643e-04 1.106674735729076042e+00 2.475245091096625938e+00 8.420884904456417130e-01 2.197994734927484650e+00
3.762541806020067270e+01 2.298091366204312849e-04 1.110222912209289925e+00 2.435344812544244064e+00 8.436998409300500157e-01 2.337375734310361608e+00
3.792642140468228007e+01 2.798910616650823226e-04 1.113771088689503808e+00 2.395895188237024964e+00 8.453111914144584293e-01 2.484238718579961258e+00
3.822742474916388034e+01 3.345575066243245527e-04 1.117319265169717690e+00 2.354295988662080674e+00 8.469225418988666210e-01 2.632610286789942577e+00
3.852842809364548771e+01 3.923130127751772744e-04 1.120867441649931573e+00 2.308559973131135035e+00 8.485338923832750346e-01 2.777104996797179925e+00
3.882943143812709508e+01 4.520523560498721362e-04 1.124415618130145456e+00 2.258542542622556493e+00 8.501452428676833373e-01 2.917226170626530113e+00
3.913043478260869534e+01 5.135809360890695660e-04 1.127963794610359338e+00 2.206227295737505756e+00 8.517565933520916399e-01 3.058219628625606479e+00
3.943143812709030271e+01 5.776397599631832207e-04 1.131511971090573221e+00 2.154801297271397686e+00 8.533679438364999426e-01 3.208180438544510515e+00
3.973244147157191009e+01 6.454323212771821954e-04 1.135060147570787104e+00 2.107056902103694895e+00 8.549792943209082452e-01 3.373327814601897234e+00
4.003344481605351746e+01 7.180013804699808370e-04 1.138608324051000986e+00 2.064059012776891855e+00 8.565906448053166589e-01 3.553890440939889039e+00
4.033444816053511772e+01 7.958865091853065381e-04 1.142156500531214869e+00 2.024716308012509458e+00 8.582019952897249615e-01 3.743072561992896841e+00
4.063545150501672509e+01 8.792338254712907036e-04 1.145704677011428751e+00 1.986251792014543271e+00 8.598133457741332641e-01 3.930569734506759172e+00
4.093645484949833246e+01 9.681441020804101979e-04 1.149252853491642856e+00 1.945190073590176594e+00 8.614246962585415668e-01 4.108933055106719578e+00
4.123745819397993273e+01 1.062870869641604652e-03 1.152801029971856739e+00 1.898525822482499903e+00 8.630360467429498694e-01 4.278068584549576059e+00
4.153846153846154010e+01 1.163680120161976342e-03 1.156349206452070622e+00 1.844836035901317173e+00 8.646473972273582831e-01 4.444270575677478519e+00
4.183946488294314747e+01 1.270580895517901040e-03 1.159897382932284504e+00 1.784982685606363750e+00 8.662587477117664747e-01 4.614924415072777286e+00
4.214046822742475484e+01 1.383344050430883321e-03 1.163445559412498387e+00 1.721977481548419453e+00 8.678700981961748884e-01 4.793420918981902368e+00
4.244147157190635511e+01 1.502004312197248882e-03 1.166993735892712269e+00 1.659891250505772131e+00 8.694814486805831910e-01 4.977809668284116640e+00
4.274247491638796248e+01 1.627560961040445692e-03 1.170541912372926152e+00 1.602242673268411854e+00 8.710927991649914937e-01 5.163013552160784059e+00
4.304347826086956985e+01 1.762316156225246381e-03 1.174090088853140035e+00 1.550626668626412519e+00 8.727041496493997963e-01 5.343772925879254565e+00
4.334448160535117722e+01 1.909519840553860386e-03 1.177638265333353917e+00 1.504229847771876516e+00 8.743155001338080989e-01 5.516110012566232790e+00
4.364548494983277749e+01 2.072545301562278910e-03 1.181186441813567800e+00 1.460470977316848495e+00 8.759268506182165126e-01 5.677784460589069049e+00
4.394648829431438486e+01 2.254194783175838147e-03 1.184734618293781683e+00 1.416459485279403685e+00 8.775382011026248152e-01 5.829305691489122587e+00
4.424749163879599223e+01 2.456593034352130920e-03 1.188282794773995565e+00 1.370448451785363231e+00 8.791495515870331179e-01 5.975094918455416071e+00
4.454849498327759250e+01 2.681609458917273703e-03 1.191830971254209448e+00 1.322361192979700784e+00 8.807609020714414205e-01 6.122604158801608243e+00
4.484949832775919987e+01 2.931310331277432908e-03 1.195379147734423331e+00 1.273105228924756638e+00 8.823722525558497232e-01 6.278900838278370422e+00
4.515050167224080724e+01 3.207927498257522655e-03 1.198927324214637213e+00 1.223359725698494938e+00 8.839836030402581368e-01 6.447249216378489578e+00
4.545150501672241461e+01 3.513221825194050209e-03 1.202475500694851096e+00 1.172915061621074173e+00 8.855949535246664395e-01 6.626227229152195974e+00
4.575250836120401488e+01 3.847611329562317887e-03 1.206023677175064979e+00 1.121054072621681108e+00 8.872063040090747421e-01 6.811314343829547369e+00
4.605351170568562225e+01 4.209681731148638001e-03 1.209571853655278861e+00 1.067506592262831511e+00 8.888176544934830448e-01 6.997404461793744090e+00
4.635451505016722962e+01 4.596537091327648934e-03 1.213120030135492744e+00 1.013089533951338161e+00 8.904290049778913474e-01 7.181153472344566246e+00
4.665551839464882988e+01 5.004970559977059592e-03 1.216668206615706627e+00 9.595287814168568241e-01 8.920403554622996500e-01 7.362446058588545839e+00
4.695652173913043725e+01 5.432917865150535194e-03 1.220216383095920509e+00 9.086719051071165953e-01 8.936517059467079527e-01 7.543961685782794468e+00
4.725752508361204463e+01 5.880411549410247650e-03 1.223764559576134392e+00 8.617052398911642097e-01 8.952630564311163663e-01 7.728210090697086976e+00
4.755852842809365200e+01 6.349459475704907763e-03 1.227312736056348275e+00 8.188339499680642453e-01 8.968744069155246690e-01 7.913400394929306358e+00
4.785953177257525226e+01 6.842849229366825686e-03 1.230860912536562157e+00 7.794427909169945323e-01 8.984857573999329716e-01 8.091702102469522373e+00
4.816053511705685963e+01 7.362500381638524723e-03 1.234409089016776040e+00 7.424925977744594174e-01 9.000971078843412743e-01 8.252629202752430615e+00
4.846153846153846700e+01 7.908242581287331860e-03 1.237957265496989923e+00 7.069602041416123139e-01 9.017084583687495769e-01 8.389559232817177303e+00
4.876254180602006727e+01 8.477591770424883211e-03 1.241505441977203805e+00 6.722253633909047732e-01 9.033198088531579906e-01 8.503541829464628776e+00
4.906354515050167464e+01 9.066428633182027283e-03 1.245053618457417688e+00 6.382561936601752750e-01 9.049311593375661822e-01 8.600958887168895117e+00
4.936454849498328201e+01 9.669953327384267494e-03 1.248601794937631571e+00 6.054396464124878197e-01 9.065425098219745959e-01 8.688162843190259110e+00
4.966555183946488938e+01 1.028334240984223047e-02 1.252149971417845453e+00 5.741433437264610307e-01 9.081538603063828985e-01 8.768962918656161065e+00
4.996655518394648965e+01 1.090215659951331711e-02 1.255698147898059336e+00 5.443628963095494822e-01 9.097652107907912011e-01 8.846323441299775325e+00
5.026755852842809702e+01 1.152315895903425862e-02 1.259246324378273219e+00 5.157470468481352155e-01 9.113765612751996148e-01 8.923688244101496636e+00
5.056856187290970439e+01 1.214605349608471017e-02 1.262794500858487101e+00 4.879376799468344017e-01 9.129879117596078064e-01 9.001718620922344982e+00
5.086956521739130466e+01 1.277559118574558665e-02 1.266342677338700984e+00 4.609030798667697049e-01 9.145992622440162201e-01 9.072925174472954879e+00
5.117056856187291203e+01 1.342235926524928437e-02 1.269890853818914866e+00 4.350166424623446160e-01 9.162106127284245227e-01 9.121597652063416106e+00
5.147157190635451940e+01 1.410061056351077750e-02 1.273439030299128749e+00 4.108889336065807418e-01 9.178219632128328254e-01 9.132796738114656421e+00
5.177257525083612677e+01 1.482310177887059127e-02 1.276987206779342632e+00 3.891204326581840234e-01 9.194333136972411280e-01 9.104530727798158196e+00
5.207357859531772704e+01 1.559505749290644380e-02 1.280535383259556514e+00 3.701075814294637611e-01 9.210446641816494306e-01 9.051615982373345304e+00
5.237458193979933441e+01 1.641039272531171975e-02 1.284083559739770397e+00 3.539153379037429659e-01 9.226560146660578443e-01 8.995688076912180975e+00
5.267558528428094178e+01 1.725236221511876333e-02 1.287631736219984280e+00 3.401811538173822869e-01 9.242673651504660359e-01 8.949218096244104359e+00
5.297658862876254204e+01 1.809850322284051530e-02 1.291179912700198162e+00 3.280859528143458270e-01 9.258787156348744496e-01 8.908203625611360366e+00
5.327759197324414941e+01 1.892760760757290772e-02 1.294728089180412045e+00 3.165093769498905085e-01 9.274900661192827522e-01 8.859963577087398789e+00
5.357859531772575679e+01 1.972569795472367202e-02 1.298276265660625928e+00 3.044233425339396004e-01 9.291014166036910549e-01 8.797521598237727503e+00
5.387959866220736416e+01 2.048880334038207310e-02 1.301824442140839810e+00 2.913624209618720928e-01 9.307127670880994685e-01 8.726314588584427767e+00
5.418060200668896442e+01 2.122206530296920704e-02 1.305372618621053693e+00 2.776461894833799349e-01 9.323241175725076602e-01 8.657645183956367063e+00
5.448160535117057179e+01 2.193632117016262872e-02 1.308920795101267576e+00 2.641346673850158422e-01 9.339354680569160738e-01 8.596427589097675792e+00
5.478260869565217916e+01 2.264395592361004989e-02 1.312468971581481458e+00 2.516393349099638743e-01 9.355468185413243765e-01 8.535008448615791110e+00
5.508361204013378654e+01 2.335528939443537455e-02 1.316017148061695341e+00 2.403969213193527243e-01 9.371581690257326791e-01 8.457436216265596940e+00
5.538461538461538680e+01 2.407575836032409961e-02 1.319565324541909224e+00 2.299749093530030208e-01 9.387695195101410928e-01 8.348983450705963705e+00
5.568561872909699417e+01 2.480376704332920221e-02 1.323113501022123106e+00 2.196427733285866435e-01 9.403808699945492844e-01 8.203431766710023609e+00
5.598662207357860154e+01 2.552974017483506178e-02 1.326661677502336989e+00 2.088991717300975326e-01 9.419922204789576980e-01 8.024849912148020792e+00
5.628762541806020181e+01 2.623769741538574743e-02 1.330209853982550872e+00 1.977684462111564956e-01 9.436035709633660007e-01 7.824907575455458009e+00
5.658862876254180918e+01 2.691012355219773652e-02 1.333758030462764754e+00 1.867005192088102838e-01 9.452149214477743033e-01 7.618157364093993245e+00
5.688963210702341655e+01 2.753479134422914809e-02 1.337306206942978637e+00 1.762174073610226765e-01 9.468262719321826060e-01 7.417217062124811910e+00
5.719063545150502392e+01 2.811014105412232636e-02 1.340854383423192520e+00 1.666000541761888665e-01 9.484376224165909086e-01 7.228924486829406248e+00
5.749163879598662419e+01 2.864590325535814469e-02 1.344402559903406402e+00 1.578187510662726056e-01 9.500489729009993223e-01 7.052251389190401731e+00
5.779264214046823156e+01 2.915822404793751155e-02 1.347950736383620285e+00 1.496954796427721057e-01 9.516603233854075139e-01 6.878897196336669850e+00
5.809364548494983893e+01 2.966178024786901915e-02 1.351498912863834168e+00 1.421278165534615168e-01 9.532716738698159276e-01 6.696873059145946883e+00
5.839464882943143920e+01 3.016293762337523068e-02 1.355047089344048050e+00 1.351967357807074555e-01 9.548830243542242302e-01 6.495924006006721818e+00
5.869565217391304657e+01 3.065708905392814862e-02 1.358595265824261933e+00 1.290949073823261239e-01 9.564943748386325328e-01 6.272673550394464392e+00
5.899665551839465394e+01 3.113091296389602219e-02 1.362143442304475816e+00 1.239462307700850835e-01 9.581057253230409465e-01 6.033454547412488544e+00
5.929765886287626131e+01 3.156800950185425364e-02 1.365691618784689698e+00 1.196441870382041889e-01 9.597170758074491381e-01 5.793242661174932806e+00
5.959866220735786158e+01 3.195519306825751749e-02 1.369239795264903581e+00 1.157947095182345065e-01 9.613284262918575518e-01 5.569930194130997769e+00
5.989966555183946895e+01 3.228682459850987924e-02 1.372787971745117463e+00 1.117792855005488029e-01 9.629397767762658544e-01 5.375342262308412167e+00
6.020066889632107632e+01 3.256568646061397398e-02 1.376336148225331346e+00 1.069281661692985663e-01 9.645511272606741571e-01 5.207642087178204982e+00
6.050167224080267658e+01 3.280054052507302281e-02 1.379884324705545229e+00 1.007844375439702345e-01 9.661624777450824597e-01 5.050901569939663105e+00
6.080267558528428395e+01 3.300199643197039567e-02 1.383432501185759111e+00 9.337412614378624853e-02 9.677738282294907624e-01 4.883411163819939560e+00
6.110367892976589133e+01 3.317899431016819306e-02 1.386980677665972994e+00 8.530957203312067305e-02 9.693851787138991760e-01 4.689198900581536655e+00
6.140468227424749870e+01 3.333770414824813871e-02 1.390528854146186877e+00 7.758501000760696653e-02 9.709965291983073676e-01 4.464584830888464140e+00
6.170568561872909896e+01 3.348305725215528633e-02 1.394077030626400759e+00 7.112548320779901734e-02 9.726078796827157813e-01 4.216765380701239962e+00
6.200668896321070633e+01 3.362113485004704361e-02 1.397625207106614642e+00 6.636073765261404911e-02 9.742192301671240839e-01 3.958557850162454095e+00
6.230769230769231370e+01 3.375952429043416192e-02 1.401173383586828525e+00 6.309767189252271646e-02 9.758305806515323866e-01 3.704507782577155961e+00
6.260869565217392108e+01 3.390380227324724799e-02 1.404721560067042407e+00 6.074092492133784799e-02 9.774419311359408002e-01 3.468690447060935433e+00
6.290969899665552134e+01 3.405149546373181096e-02 1.408269736547256290e+00 5.866983920354462700e-02 9.790532816203489919e-01 3.261327874664997850e+00
6.321070234113712871e+01 3.418804171005323383e-02 1.411817913027470173e+00 5.652478351452568800e-02 9.806646321047574055e-01 3.084113259806371410e+00
6.351170568561873608e+01 3.428939465716471235e-02 1.415366089507684055e+00 5.428491017937796953e-02 9.822759825891657082e-01 2.928412698157417449e+00
6.381270903010033635e+01 3.433196562906382782e-02 1.418914265987897938e+00 5.217465828306436931e-02 9.838873330735740108e-01 2.779804347138759457e+00
6.411371237458195083e+01 3.430516622059298637e-02 1.422462442468111821e+00 5.049638405663359891e-02 9.854986835579823135e-01 2.626779374093441088e+00
6.441471571906355109e+01 3.421915768577549893e-02 1.426010618948325925e+00 4.946375349785592235e-02 9.871100340423906161e-01 2.467143479706363607e+00
6.471571906354515136e+01 3.410266424020020476e-02 1.429558795428539808e+00 4.908090260498598062e-02 9.887213845267990298e-01 2.307598861397348156e+00
6.501672240802676583e+01 3.399117969099770681e-02 1.433106971908753691e+00 4.910672916102797741e-02 9.903327350112072214e-01 2.157939504602352176e+00
6.531772575250836610e+01 3.391095860937688028e-02 1.436655148388967573e+00 4.912987061088521651e-02 9.919440854956156350e-01 2.024926207890645369e+00
6.561872909698996637e+01 3.386622215450863643e-02 1.440203324869181456e+00 4.873024646027587087e-02 9.935554359800239377e-01 1.909475418255258461e+00
6.591973244147158084e+01 3.383554165348911374e-02 1.443751501349395339e+00 4.764591241908007480e-02 9.951667864644322403e-01 1.807263233983228190e+00
6.622073578595318111e+01 3.377932506184191941e-02 1.447299677829609221e+00 4.585469716256965200e-02 9.967781369488406540e-01 1.711008121323135178e+00
6.652173913043478137e+01 3.365537216252612734e-02 1.450847854309823104e+00 4.353576943356692042e-02 9.983894874332488456e-01 1.613161564268683623e+00
6.682274247491639585e+01 3.343574510130725014e-02 1.454396030790036987e+00 4.095550632215601977e-02 1.000000837917657259e+00 1.508625530028488315e+00
6.712374581939799612e+01 3.311767080287515708e-02 1.457944207270250869e+00 3.836192703661620018e-02 1.001612188402065673e+00 1.396894278786372956e+00
6.742474916387959638e+01 3.272421586921178682e-02 1.461492383750464752e+00 3.594112373719322157e-02 1.003223538886473865e+00 1.282295269505992819e+00
6.772575250836121086e+01 3.229528435396619712e-02 1.465040560230678635e+00 3.381849451040005311e-02 1.004834889370882056e+00 1.171555023251934724e+00
6.802675585284281112e+01 3.187342026344448798e-02 1.468588736710892517e+00 3.204922739951350519e-02 1.006446239855290470e+00 1.069969494299062962e+00
6.832775919732442560e+01 3.149029680899492756e-02 1.472136913191106400e+00 3.057800086170423676e-02 1.008057590339698883e+00 9.788950691484613609e-01
6.862876254180602587e+01 3.115870697633392125e-02 1.475685089671320283e+00 2.921660828242684735e-02 1.009668940824107075e+00 8.962140332170513979e-01
6.892976588628762613e+01 3.087230425080359289e-02 1.479233266151534165e+00 2.770612882825801773e-02 1.011280291308515489e+00 8.188575283188178622e-01
6.923076923076924061e+01 3.061222258632665533e-02 1.482781442631748048e+00 2.586441021244660632e-02 1.012891641792923902e+00 7.450855652641443783e-01
6.953177257525084087e+01 3.035696090842394251e-02 1.486329619111961930e+00 2.372943698543098640e-02 1.014502992277332094e+00 6.750409677352543492e-01
6.983277591973244114e+01 3.009076998177985518e-02 1.489877795592175813e+00 2.158608360520978403e-02 1.016114342761740508e+00 6.097681439346830379e-01
7.013377926421405562e+01 2.980714040713658419e-02 1.493425972072389696e+00 1.983650221898076993e-02 1.017725693246148699e+00 5.499474049286559030e-01
7.043478260869565588e+01 2.950724885739112319e-02 1.496974148552603578e+00 1.878244960949607134e-02 1.019337043730557113e+00 4.955521937640277041e-01
7.073578595317725615e+01 2.919611163737710624e-02 1.500522325032817461e+00 1.844648848741341218e-02 1.020948394214965305e+00 4.465573677475585535e-01
7.103678929765887062e+01 2.887956085476098625e-02 1.504070501513031344e+00 1.853583373629602571e-02 1.022559744699373718e+00 4.035661445159312022e-01
7.133779264214047089e+01 2.856303398127317886e-02 1.507618677993245226e+00 1.857443093412849966e-02 1.024171095183782132e+00 3.672558539772511343e-01
7.163879598662208537e+01 2.825085915257590299e-02 1.511166854473459109e+00 1.813866725171632555e-02 1.025782445668190324e+00 3.370764444783551639e-01
7.193979933110368563e+01 2.794453899148954118e-02 1.514715030953672992e+00 1.706917832307899494e-02 1.027393796152598737e+00 3.107847041841948488e-01
7.224080267558528590e+01 2.764046979449379104e-02 1.518263207433886874e+00 1.553527254246750769e-02 1.029005146637007151e+00 2.855612261976214206e-01
7.254180602006690037e+01 2.732929736372970847e-02 1.521811383914100757e+00 1.391479622238297326e-02 1.030616497121415343e+00 2.596727012371629617e-01
7.284280936454850064e+01 2.699857183192070492e-02 1.525359560394314862e+00 1.257230658479401540e-02 1.032227847605823534e+00 2.331574823492371940e-01
7.314381270903010090e+01 2.663779371816718880e-02 1.528907736874528744e+00 1.168119587439453433e-02 1.033839198090231948e+00 2.071929252352668338e-01
7.344481605351171538e+01 2.624277869889570305e-02 1.532455913354742627e+00 1.118989697967217103e-02 1.035450548574640361e+00 1.829833387449440463e-01
7.374581939799331565e+01 2.581664735181735809e-02 1.536004089834956510e+00 1.091938286131828237e-02 1.037061899059048553e+00 1.610317428762295666e-01
7.404682274247491591e+01 2.536737042980942783e-02 1.539552266315170392e+00 1.069381948007587686e-02 1.038673249543456967e+00 1.410381573132259980e-01
7.434782608695653039e+01 2.490425839678078387e-02 1.543100442795384275e+00 1.041109310937566625e-02 1.040284600027865380e+00 1.222689151046136846e-01
7.464882943143813065e+01 2.443592225213742780e-02 1.546648619275598158e+00 1.003379749351728314e-02 1.041895950512273572e+00 1.041499909039469290e-01
7.494983277591973092e+01 2.397018017726377029e-02 1.550196795755812040e+00 9.547418731100060924e-03 1.043507300996681986e+00 8.677264420088255659e-02
7.525083612040134540e+01 2.351431596810545088e-02 1.553744972236025923e+00 8.937034599033904028e-03 1.045118651481090177e+00 7.098236197863040664e-02
7.555183946488294566e+01 2.307406083968960298e-02 1.557293148716239806e+00 8.193128084404975239e-03 1.046730001965498591e+00 5.794145720326733529e-02
7.585284280936456014e+01 2.265160315067505162e-02 1.560841325196453688e+00 7.325432539609727338e-03 1.048341352449906783e+00 4.844345905889940046e-02
7.615384615384616041e+01 2.224472875657445073e-02 1.564389501676667571e+00 6.367356070966713640e-03 1.049952702934315196e+00 4.246570770417835289e-02
7.645484949832776067e+01 2.184882494153970664e-02 1.567937678156881454e+00 5.372123513195488191e-03 1.051564053418723610e+00 3.923989432972675717e-02
7.675585284280937515e+01 2.146107446367826604e-02 1.571485854637095336e+00 4.407735255148453879e-03 1.053175403903131802e+00 3.768563933210727218e-02
7.705685618729097541e+01 2.108397398909523171e-02 1.575034031117309219e+00 3.550538622911980462e-03 1.054786754387540215e+00 3.681332930932527253e-02
7.735785953177257568e+01 2.072549245626111036e-02 1.578582207597523102e+00 2.872587908822695282e-03 1.056398104871948407e+00 3.585887658237693620e-02
7.765886287625419016e+01 2.039566905219291834e-02 1.582130384077736984e+00 2.422757594454439441e-03 1.058009455356356820e+00 3.425246671334276904e-02
7.795986622073579042e+01 2.010204128195564044e-02 1.585678560557950867e+00 2.209385150057330618e-03 1.059620805840765012e+00 3.166199202493504700e-02
7.826086956521739069e+01 1.984681511707742443e-02 1.589226737038164750e+00 2.195115716896350530e-03 1.061232156325173426e+00 2.814440984382829761e-02
7.856187290969900516e+01 1.962694179596765481e-02 1.592774913518378632e+00 2.309201337974685873e-03 1.062843506809581839e+00 2.417079274075827067e-02
7.886287625418060543e+01 1.943598315027359608e-02 1.596323089998592515e+00 2.471361910245544347e-03 1.064454857293990031e+00 2.035667402755117830e-02
7.916387959866221991e+01 1.926576338732634980e-02 1.599871266478806398e+00 2.613699450157061076e-03 1.066066207778398445e+00 1.708035609849518216e-02
7.946488294314382017e+01 1.910680354060746364e-02 1.603419442959020280e+00 2.691027200630065862e-03 1.067677558262806858e+00 1.433787230062291695e-02
7.976588628762542044e+01 1.894825292795281751e-02 1.606967619439234163e+00 2.680719774573188819e-03 1.069288908747215050e+00 1.192902478612227653e-02
8.006688963210703491e+01 1.877883679525955626e-02 1.610515795919448045e+00 2.578506186925328455e-03 1.070900259231623242e+00 9.727817952117655265e-03
8.036789297658863518e+01 1.858952465111522040e-02 1.614063972399661928e+00 2.393424673511529866e-03 1.072511609716031655e+00 7.776669889056339775e-03
8.066889632107023544e+01 1.837691219414202409e-02 1.617612148879875811e+00 2.141943008897939562e-03 1.074122960200440069e+00 6.200279482488820111e-03
8.096989966555184992e+01 1.814517497881141736e-02 1.621160325360089693e+00 1.842967315181718007e-03 1.075734310684848261e+00 5.096919990766856680e-03
8.127090301003345019e+01 1.790489255610995881e-02 1.624708501840303576e+00 1.516751040040268403e-03 1.077345661169256674e+00 4.493151690092609708e-03
8.157190635451505045e+01 1.766880246171449731e-02 1.628256678320517459e+00 1.187037900339315199e-03 1.078957011653665088e+00 4.333723255046380979e-03
8.187290969899666493e+01 1.744637822401811506e-02 1.631804854800731341e+00 8.816673627106136465e-04 1.080568362138073280e+00 4.479218083170509630e-03
8.217391304347826519e+01 1.723982664871782575e-02 1.635353031280945224e+00 6.282467134768748591e-04 1.082179712622481693e+00 4.728634384578312561e-03
8.247491638795986546e+01 1.704337358804215719e-02 1.638901207761159107e+00 4.465099631102888850e-04 1.083791063106889885e+00 4.873598693606213082e-03
8.277591973244147994e+01 1.684617431751825323e-02 1.642449384241372989e+00 3.417586467755473478e-04 1.085402413591298298e+00 4.760404691448064801e-03
8.307692307692308020e+01 1.663767344748864896e-02 1.645997560721586872e+00 3.026978117585725167e-04 1.087013764075706490e+00 4.338942497574489569e-03
8.337792642140469468e+01 1.641322956826131788e-02 1.649545737201800755e+00 3.047147623702256341e-04 1.088625114560114904e+00 3.685470379808014618e-03
8.367892976588629494e+01 1.617753791215208875e-02 1.653093913682014637e+00 3.178515940589147614e-04 1.090236465044523317e+00 2.977413850553737185e-03
8.397993311036789521e+01 1.594409866128749034e-02 1.656642090162228520e+00 3.168900369435912086e-04 1.091847815528931509e+00 2.410924537281124592e-03
8.428093645484950969e+01 1.573075339638652440e-02 1.660190266642442403e+00 2.893558741608681325e-04 1.093459166013339923e+00 2.098292148830811690e-03
8.458193979933110995e+01 1.555339963603015116e-02 1.663738443122656285e+00 2.376344392956596585e-04 1.095070516497748114e+00 2.013115546894691209e-03
8.488294314381271022e+01 1.542094763486970624e-02 1.667286619602870168e+00 1.745163015978304713e-04 1.096681866982156528e+00 2.025333767260550921e-03
8.518394648829432469e+01 1.533352553273276825e-02 1.670834796083084051e+00 1.153823089948165508e-04 1.098293217466564720e+00 1.999413813091304153e-03
8.548494983277592496e+01 1.528370442073245794e-02 1.674382972563297933e+00 7.178672571381856796e-05 1.099904567950973133e+00 1.874768676919601933e-03
8.578595317725752523e+01 1.525906297395358997e-02 1.677931149043511816e+00 4.922324102482437280e-05 1.101515918435381547e+00 1.668221654292603500e-03
8.608695652173913970e+01 1.524482004561561986e-02 1.681479325523725699e+00 4.825624114871740250e-05 1.103127268919789739e+00 1.421655806314976777e-03
8.638795986622073997e+01 1.522658670955601319e-02 1.685027502003939581e+00 6.611823749429470375e-05 1.104738619404198152e+00 1.165812944683676132e-03
8.668896321070235444e+01 1.519372486879487678e-02 1.688575678484153464e+00 9.686423537489822827e-05 1.106349969888606566e+00 9.264347098893606879e-04
8.698996655518395471e+01 1.514281348442714399e-02 1.692123854964367347e+00 1.309340379091412433e-04 1.107961320373014757e+00 7.343844347348891816e-04
8.729096989966555498e+01 1.507957462334488102e-02 1.695672031444581229e+00 1.565573655219305524e-04 1.109572670857423171e+00 6.085128439371285860e-04
8.759197324414716945e+01 1.501775355726598336e-02 1.699220207924795112e+00 1.639571062670030664e-04 1.111184021341831363e+00 5.336191493321031489e-04
8.789297658862876972e+01 1.497488143844027259e-02 1.702768384405008995e+00 1.500580924216477602e-04 1.112795371826239776e+00 4.691162024669728739e-04
8.819397993311036998e+01 1.496634353865897334e-02 1.706316560885222877e+00 1.199627573799361390e-04 1.114406722310647968e+00 3.832082774062471782e-04
8.849498327759198446e+01 1.499976432025645554e-02 1.709864737365436760e+00 8.376130425709849231e-05 1.116018072795056382e+00 2.758174832280826353e-04
8.879598662207358473e+01 1.507147996726987058e-02 1.713412913845650642e+00 5.107868298118242061e-05 1.117629423279464795e+00 1.702527320996489112e-04
8.909698996655518499e+01 1.516629692926418742e-02 1.716961090325864525e+00 2.720400330161711679e-05 1.119240773763872987e+00 8.905806108653792775e-05
8.939799331103679947e+01 1.526095028731205318e-02 1.720509266806078408e+00 1.265383818193055737e-05 1.120852124248281401e+00 3.928341766288373293e-05
8.969899665551839973e+01 1.533055411256269845e-02 1.724057443286292290e+00 5.140530521579541026e-06 1.122463474732689592e+00 1.458243682511781931e-05
9.000000000000000000e+01 1.535611927169985153e-02 1.727605619766506173e+00 1.823852818820495162e-06 1.124074825217098006e+00 4.551818633881059448e-06
