0.000000000000000000e+00 2.268427577702996495e-03 6.322949337141114956e-04 2.491572267368990720e-02 2.155301386802116470e-04 1.744749585397628588e-01
3.010033444816053727e-01 2.275795569005997429e-03 1.126491549583488738e-02 2.501674539807933681e-02 6.766849172605076193e-03 1.745585279704138237e-01
6.020066889632107454e-01 2.296424189336637549e-03 2.189753605795566327e-02 2.529289331942791152e-02 1.331816820652994074e-02 1.747883627223160707e-01
9.030100334448161181e-01 2.326231561255641574e-03 3.253015662007643916e-02 2.572949079156021390e-02 1.986948724045480702e-02 1.751358331239078747e-01
1.204013377926421491e+00 2.359480054508429191e-03 4.316277718219721504e-02 2.630468552000113022e-02 2.642080627437966983e-02 1.755597932373842152e-01
1.505016722408026864e+00 2.390098870084570587e-03 5.379539774431799093e-02 2.699225643253853543e-02 3.297212530830453264e-02 1.760142529489077401e-01
1.806020066889632236e+00 2.413031187077948562e-03 6.442801830643876682e-02 2.776474021385570007e-02 3.952344434222940239e-02 1.764566961563670544e-01
2.107023411371237387e+00 2.425230548199910820e-03 7.506063886855954270e-02 2.859630913070549535e-02 4.607476337615426520e-02 1.768554598476148598e-01
2.408026755852842982e+00 2.426024325748318226e-03 8.569325943068031859e-02 2.946490423794241933e-02 5.262608241007912802e-02 1.771948681843860673e-01
2.709030100334448576e+00 2.416771188770837787e-03 9.632587999280109448e-02 3.035330112789652243e-02 5.917740144400399083e-02 1.774772609075712937e-01
3.010033444816053727e+00 2.399997165858756918e-03 1.069585005549218704e-01 3.124902232181951331e-02 6.572872047792885364e-02 1.777215884618795760e-01
3.311036789297658878e+00 2.378390720711947345e-03 1.175911211170426462e-01 3.214325918168164931e-02 7.228003951185371645e-02 1.779588520788856210e-01
3.612040133779264472e+00 2.354072121962368612e-03 1.282237416791634221e-01 3.302917303589174292e-02 7.883135854577859314e-02 1.782253251060758326e-01
3.913043478260870067e+00 2.328398242715489820e-03 1.388563622412841980e-01 3.390006732224187108e-02 8.538267757970345595e-02 1.785550888641487255e-01
4.214046822742474774e+00 2.302290232400616352e-03 1.494889828034049739e-01 3.474793742573056843e-02 9.193399661362831876e-02 1.789737291262443464e-01
4.515050167224080369e+00 2.276816604217915367e-03 1.601216033655257498e-01 3.556281318016662335e-02 9.848531564755318157e-02 1.794948315740030886e-01
4.816053511705685963e+00 2.253661681911475756e-03 1.707542239276465257e-01 3.633313157351528155e-02 1.050366346814780444e-01 1.801201033673464069e-01
5.117056856187291558e+00 2.235208879937478164e-03 1.813868444897673016e-01 3.704714870296355739e-02 1.115879537154029072e-01 1.808427294375143934e-01
5.418060200668897153e+00 2.224202250621231877e-03 1.920194650518880775e-01 3.769516210848801452e-02 1.181392727493277700e-01 1.816524004243264545e-01
5.719063545150501859e+00 2.223172663285569520e-03 2.026520856140088533e-01 3.827211047323849508e-02 1.246905917832526328e-01 1.825398459089833114e-01
6.020066889632107454e+00 2.233897916812249695e-03 2.132847061761296292e-01 3.877998767788227302e-02 1.312419108171775095e-01 1.834989899585617590e-01
6.321070234113713049e+00 2.257082020867534362e-03 2.239173267382504051e-01 3.922948480475420274e-02 1.377932298511023723e-01 1.845259356243206528e-01
6.622073578595317755e+00 2.292274965734903466e-03 2.345499473003711810e-01 3.964037454845897868e-02 1.443445488850272351e-01 1.856154095007690186e-01
6.923076923076923350e+00 2.337939299230408063e-03 2.451825678624919569e-01 4.004037249044387764e-02 1.508958679189520979e-01 1.867564177122539026e-01
7.224080267558528945e+00 2.391574100666698979e-03 2.558151884246127050e-01 4.046251536041783892e-02 1.574471869528769608e-01 1.879291952264412757e-01
7.525083612040134540e+00 2.449895681650306190e-03 2.664478089867334809e-01 4.094142690587976308e-02 1.639985059868018236e-01 1.891049762366008580e-01
7.826086956521740134e+00 2.509148225863917087e-03 2.770804295488542568e-01 4.150911959147175062e-02 1.705498250207266864e-01 1.902489899937856443e-01
8.127090301003345729e+00 2.565599857522538225e-03 2.877130501109750327e-01 4.219112953291546952e-02 1.771011440546515492e-01 1.913259221725379100e-01
8.428093645484949548e+00 2.616174431783753040e-03 2.983456706730958086e-01 4.300375228965709618e-02 1.836524630885764120e-01 1.923063324959596032e-01
8.729096989966555142e+00 2.659050090200646907e-03 3.089782912352165845e-01 4.395293149777939473e-02 1.902037821225012748e-01 1.931723682931740238e-01
9.030100334448160737e+00 2.694005618282449294e-03 3.196109117973373603e-01 4.503499467337897244e-02 1.967551011564261376e-01 1.939214582715877710e-01
9.331103678929766332e+00 2.722353972271811945e-03 3.302435323594581362e-01 4.623901695578606225e-02 2.033064201903510004e-01 1.945672661427979289e-01
9.632107023411371927e+00 2.746448096536514751e-03 3.408761529215789121e-01 4.755022970912857472e-02 2.098577392242758632e-01 1.951378171877577172e-01
9.933110367892977521e+00 2.768913958163239306e-03 3.515087734836996880e-01 4.895367163420105694e-02 2.164090582582007261e-01 1.956712834035377879e-01
1.023411371237458312e+01 2.791883828668155140e-03 3.621413940458204639e-01 5.043726142659329947e-02 2.229603772921255889e-01 1.962103955153410573e-01
1.053511705685618871e+01 2.816511802388205199e-03 3.727740146079412398e-01 5.199365377051993337e-02 2.295116963260504517e-01 1.967967878777221735e-01
1.083612040133779431e+01 2.842941379633334188e-03 3.834066351700620157e-01 5.362057045920878146e-02 2.360630153599753145e-01 1.974666547304746722e-01
1.113712374581939812e+01 2.870707974374267155e-03 3.940392557321827915e-01 5.531968398984345170e-02 2.426143343939001773e-01 1.982487849772955057e-01
1.143812709030100372e+01 2.899384866774224953e-03 4.046718762943035674e-01 5.709447089499063155e-02 2.491656534278250401e-01 1.991653541906948655e-01
1.173913043478260931e+01 2.929201271970504478e-03 4.153044968564243433e-01 5.894766502381290629e-02 2.557169724617499029e-01 2.002349863617640946e-01
1.204013377926421491e+01 2.961404121000196787e-03 4.259371174185451192e-01 6.087898669669040280e-02 2.622682914956747657e-01 2.014768813143825166e-01
1.234113712374582050e+01 2.998262503541950126e-03 4.365697379806658951e-01 6.288370959302448659e-02 2.688196105295996285e-01 2.029145187280194107e-01
1.264214046822742610e+01 3.042752341884385949e-03 4.472023585427866710e-01 6.495240003090869962e-02 2.753709295635244914e-01 2.045776679724105596e-01
1.294314381270903169e+01 3.098049844132773952e-03 4.578349791049074469e-01 6.707188951779960440e-02 2.819222485974493542e-01 2.065019803365923945e-01
1.324414715719063551e+01 3.166988511455033628e-03 4.684675996670282228e-01 6.922728564559425812e-02 2.884735676313742170e-01 2.087260241280811668e-01
1.354515050167224111e+01 3.251612583583674519e-03 4.791002202291489986e-01 7.140463458659204732e-02 2.950248866652990798e-01 2.112860349305125673e-01
1.384615384615384670e+01 3.352915131745739467e-03 4.897328407912697745e-01 7.359374189280228074e-02 3.015762056992239426e-01 2.142088987381332854e-01
1.414715719063545230e+01 3.470799651654781891e-03 5.003654613533905504e-01 7.579063763603702264e-02 3.081275247331488054e-01 2.175041430823487221e-01
1.444816053511705789e+01 3.604260550528266827e-03 5.109980819155113263e-01 7.799922694450932281e-02 3.146788437670737237e-01 2.211561430721238619e-01
1.474916387959866348e+01 3.751745957461839320e-03 5.216307024776321022e-01 8.023178559941025745e-02 3.212301628009985865e-01 2.251183042091881581e-01
1.505016722408026908e+01 3.911642413136456366e-03 5.322633230397528781e-01 8.250813150839574062e-02 3.277814818349234494e-01 2.293113453252288714e-01
1.535117056856187467e+01 4.082790981650048778e-03 5.428959436018736540e-01 8.485351259131329593e-02 3.343328008688483122e-01 2.336275475745384078e-01
1.565217391304348027e+01 4.264897900576067845e-03 5.535285641639944298e-01 8.729547588793430679e-02 3.408841199027731750e-01 2.379417078223358684e-01
1.595317725752508409e+01 4.458659997248199183e-03 5.641611847261152057e-01 8.986018372482966476e-02 3.474354389366980378e-01 2.421276926204044277e-01
1.625418060200669146e+01 4.665443433375140482e-03 5.747938052882359816e-01 9.256877374619934540e-02 3.539867579706229006e-01 2.460775182953738316e-01
1.655518394648829528e+01 4.886491266057970545e-03 5.854264258503567575e-01 9.543437860006695472e-02 3.605380770045477634e-01 2.497185760608656713e-01
1.685618729096989910e+01 5.121879482871599665e-03 5.960590464124775334e-01 9.846030890237417177e-02 3.670893960384726262e-01 2.530246141861394182e-01
1.715719063545150647e+01 5.369674851664696727e-03 6.066916669745983093e-01 1.016396764543722880e-01 3.736407150723974890e-01 2.560175463916483651e-01
1.745819397993311028e+01 5.625797347310073152e-03 6.173242875367190852e-01 1.049564466731287143e-01 3.801920341063223518e-01 2.587596634839191001e-01
1.775919732441471766e+01 5.884851279044152339e-03 6.279569080988398611e-01 1.083876349786530996e-01 3.867433531402472147e-01 2.613385421191047886e-01
1.806020066889632147e+01 6.141736615037573892e-03 6.385895286609606369e-01 1.119061740931794058e-01 3.932946721741720775e-01 2.638489283342911329e-01
1.836120401337792885e+01 6.393424136371760221e-03 6.492221492230814128e-01 1.154839230792100296e-01 3.998459912080969403e-01 2.663764414138619641e-01
1.866220735785953266e+01 6.640131869085483772e-03 6.598547697852021887e-01 1.190943675756893499e-01 4.063973102420218031e-01 2.689869238619618241e-01
1.896321070234114003e+01 6.885375985844321110e-03 6.704873903473229646e-01 1.227147362230247840e-01 4.129486292759466659e-01 2.717230544082163690e-01
1.926421404682274385e+01 7.134863860474276870e-03 6.811200109094437405e-01 1.263274674728605551e-01 4.194999483098715287e-01 2.746072689151051738e-01
1.956521739130434767e+01 7.394691679803838333e-03 6.917526314715645164e-01 1.299211378808730610e-01 4.260512673437963915e-01 2.776480540151718968e-01
1.986622073578595504e+01 7.669573503555420294e-03 7.023852520336852923e-01 1.334910591841915461e-01 4.326025863777212543e-01 2.808460174179399638e-01
2.016722408026755886e+01 7.961775045110076193e-03 7.130178725958060681e-01 1.370397476148046967e-01 4.391539054116461172e-01 2.841970028106238777e-01
2.046822742474916623e+01 8.271115657136757227e-03 7.236504931579268440e-01 1.405773757561553094e-01 4.457052244455709800e-01 2.876914838996686985e-01
2.076923076923077005e+01 8.595983233772277327e-03 7.342831137200476199e-01 1.441221691572873720e-01 4.522565434794958428e-01 2.913116418302013622e-01
2.107023411371237742e+01 8.934940559894563594e-03 7.449157342821683958e-01 1.477005548754133923e-01 4.588078625134207056e-01 2.950289011227524294e-01
2.137123745819398124e+01 9.288314190502746162e-03 7.555483548442891717e-01 1.513467582567548098e-01 4.653591815473455684e-01 2.988046188323191799e-01
2.167224080267558861e+01 9.659201525367115335e-03 7.661809754064099476e-01 1.551015213579867991e-01 4.719105005812704312e-01 3.025951050420203070e-01
2.197324414715719243e+01 1.005356620675095132e-02 7.768135959685307235e-01 1.590097071383148597e-01 4.784618196151952940e-01 3.063599005374790796e-01
2.227424749163879625e+01 1.047939805433934987e-02 7.874462165306514994e-01 1.631167556079170522e-01 4.850131386491201568e-01 3.100703241924445686e-01
2.257525083612040362e+01 1.094516715812980136e-02 7.980788370927722752e-01 1.674642355246506176e-01 4.915644576830450196e-01 3.137146770213142255e-01
2.287625418060200744e+01 1.145794642882614310e-02 8.087114576548930511e-01 1.720850214005731349e-01 4.981157767169698825e-01 3.172975273841719956e-01
2.317725752508361481e+01 1.202163529871183231e-02 8.193440782170138270e-01 1.769988378637986082e-01 5.046670957508948563e-01 3.208328251989648328e-01
2.347826086956521863e+01 1.263572458636265036e-02 8.299766987791346029e-01 1.822089772797299279e-01 5.112184147848196636e-01 3.243332404427533011e-01
2.377926421404682600e+01 1.329497810067978812e-02 8.406093193412553788e-01 1.877008720905533889e-01 5.177697338187445819e-01 3.277999706798365165e-01
2.408026755852842982e+01 1.399020942547849096e-02 8.512419399033761547e-01 1.934429038849846960e-01 5.243210528526693892e-01 3.312175092881698424e-01
2.438127090301003363e+01 1.470999985497146827e-02 8.618745604654969306e-01 1.993894246496207279e-01 5.308723718865943075e-01 3.345563475561331157e-01
2.468227424749164101e+01 1.544286614947548188e-02 8.725071810276177064e-01 2.054855557248006226e-01 5.374236909205191148e-01 3.377838294869756064e-01
2.498327759197324482e+01 1.617925238040121561e-02 8.831398015897384823e-01 2.116730229230080473e-01 5.439750099544440332e-01 3.408803898450530334e-01
2.528428093645485220e+01 1.691290406171186422e-02 8.937724221518592582e-01 2.178961553046761812e-01 5.505263289883688405e-01 3.438562687698034082e-01
2.558528428093645601e+01 1.764157346831582082e-02 9.044050427139800341e-01 2.241072372980829341e-01 5.570776480222937588e-01 3.467632724930560517e-01
2.588628762541806339e+01 1.836731013910874663e-02 9.150376632761008100e-01 2.302706187040735319e-01 5.636289670562185661e-01 3.496974048984314853e-01
2.618729096989966720e+01 1.909655856846383809e-02 9.256702838382215859e-01 2.363652769100808015e-01 5.701802860901434844e-01 3.527907556392732569e-01
2.648829431438127102e+01 1.983993145345909134e-02 9.363029044003423618e-01 2.423858072806857611e-01 5.767316051240682917e-01 3.561939906535137590e-01
2.678929765886287839e+01 2.061116656714582357e-02 9.469355249624631377e-01 2.483420312753672476e-01 5.832829241579932100e-01 3.600531789102290325e-01
2.709030100334448221e+01 2.142480671177872387e-02 9.575681455245839135e-01 2.542575335083309684e-01 5.898342431919180173e-01 3.644858421215421695e-01
2.739130434782608958e+01 2.229272352491827591e-02 9.682007660867046894e-01 2.601674752190196171e-01 5.963855622258429356e-01 3.695608886206549482e-01
2.769230769230769340e+01 2.322046547648713016e-02 9.788333866488254653e-01 2.661160023730558266e-01 6.029368812597677429e-01 3.752858280155420001e-01
2.799331103678930077e+01 2.420495936054160857e-02 9.894660072109462412e-01 2.721534897190197033e-01 6.094882002936926613e-01 3.816029399748813167e-01
2.829431438127090459e+01 2.523481021981033301e-02 1.000098627773067017e+00 2.783337496215897988e-01 6.160395193276174686e-01 3.883944137460864088e-01
2.859531772575251196e+01 2.629328542819589498e-02 1.010731248335187793e+00 2.847112015241564653e-01 6.225908383615423869e-01 3.954951694508532789e-01
2.889632107023411578e+01 2.736261400434060811e-02 1.021363868897308569e+00 2.913378754968229400e-01 6.291421573954673052e-01 4.027111667802695805e-01
2.919732441471571960e+01 2.842738810712671857e-02 1.031996489459429345e+00 2.982600619282781973e-01 6.356934764293921125e-01 4.098404571945499786e-01
2.949832775919732697e+01 2.947526647888787724e-02 1.042629110021550121e+00 3.055144746112053444e-01 6.422447954633170308e-01 4.166940480398410029e-01
2.979933110367893079e+01 3.049474700974370497e-02 1.053261730583670897e+00 3.131239977316379597e-01 6.487961144972418381e-01 4.231139017428786064e-01
3.010033444816053816e+01 3.147162434746378357e-02 1.063894351145791672e+00 3.210934157244865195e-01 6.553474335311667565e-01 4.289861374956169815e-01
3.040133779264214198e+01 3.238674222745174802e-02 1.074526971707912448e+00 3.294058885949537885e-01 6.618987525650915638e-01 4.342486090935648857e-01
3.070234113712374935e+01 3.321711065832697041e-02 1.085159592270033224e+00 3.380211943096569360e-01 6.684500715990164821e-01 4.388931621989026199e-01
3.100334448160535317e+01 3.394062035025172813e-02 1.095792212832154000e+00 3.468767707381285037e-01 6.750013906329412894e-01 4.429636117561729369e-01
3.130434782608696054e+01 3.454248461942183157e-02 1.106424833394274776e+00 3.558922639780081054e-01 6.815527096668662077e-01 4.465505739022466170e-01
3.160535117056856436e+01 3.502039195330787502e-02 1.117057453956395552e+00 3.649776413599325475e-01 6.881040287007910150e-01 4.497838349107653455e-01
3.190635451505016817e+01 3.538583768656308054e-02 1.127690074518516328e+00 3.740440851588883731e-01 6.946553477347159333e-01 4.528223755979850496e-01
3.220735785953177555e+01 3.566095460068551687e-02 1.138322695080637104e+00 3.830160630718492665e-01 7.012066667686407406e-01 4.558420197442052957e-01
3.250836120401338292e+01 3.587233130655279739e-02 1.148955315642757880e+00 3.918424142554386980e-01 7.077579858025656590e-01 4.590212228334798472e-01
3.280936454849498318e+01 3.604458646525955656e-02 1.159587936204878655e+00 4.005041851694491895e-01 7.143093048364904663e-01 4.625265808775371745e-01
3.311036789297659055e+01 3.619620034126469488e-02 1.170220556766999431e+00 4.090173761097927740e-01 7.208606238704153846e-01 4.665006183191665046e-01
3.341137123745819792e+01 3.633855795185368665e-02 1.180853177329120207e+00 4.174296563070062915e-01 7.274119429043401919e-01 4.710546028816238184e-01
3.371237458193979819e+01 3.647732086660356726e-02 1.191485797891240983e+00 4.258112856409695390e-01 7.339632619382651102e-01 4.762681298953050368e-01
3.401337792642140556e+01 3.661420237745519751e-02 1.202118418453361759e+00 4.342416784462080348e-01 7.405145809721899175e-01 4.821951911439387728e-01
3.431438127090301293e+01 3.674749129941601300e-02 1.212751039015482535e+00 4.427939817880044981e-01 7.470659000061148358e-01 4.888741230500693313e-01
3.461538461538462030e+01 3.687093392272131759e-02 1.223383659577603311e+00 4.515204953823827028e-01 7.536172190400396431e-01 4.963371964199359554e-01
3.491638795986622057e+01 3.697195866049221569e-02 1.234016280139724087e+00 4.604416206723854210e-01 7.601685380739645614e-01 5.046154563128022463e-01
3.521739130434782794e+01 3.703086948789658522e-02 1.244648900701844862e+00 4.695403165375017229e-01 7.667198571078893687e-01 5.137359860842544146e-01
3.551839464882943531e+01 3.702224641862975063e-02 1.255281521263965638e+00 4.787629151284086282e-01 7.732711761418142871e-01 5.237116171518624297e-01
3.581939799331104268e+01 3.691871950822984971e-02 1.265914141826086414e+00 4.880258672135741049e-01 7.798224951757390944e-01 5.345262702121034160e-01
3.612040133779264295e+01 3.669618948560475491e-02 1.276546762388207190e+00 4.972268339571646600e-01 7.863738142096640127e-01 5.461214494021257027e-01
3.642140468227425032e+01 3.633897996432958882e-02 1.287179382950327966e+00 5.062577794846659929e-01 7.929251332435888200e-01 5.583900013735665357e-01
3.672240802675585769e+01 3.584346456596580049e-02 1.297812003512448742e+00 5.150175049402903049e-01 7.994764522775137383e-01 5.711817331922947050e-01
3.702341137123745796e+01 3.521923731923345263e-02 1.308444624074569518e+00 5.234214185291437005e-01 8.060277713114385456e-01 5.843221886800739062e-01
3.732441471571906533e+01 3.448761390049608772e-02 1.319077244636690294e+00 5.314071327705971459e-01 8.125790903453634639e-01 5.976417581593116424e-01
3.762541806020067270e+01 3.367796006698271782e-02 1.329709865198811070e+00 5.389354916132572670e-01 8.191304093792882712e-01 6.110086192068531208e-01
3.792642140468228007e+01 3.282290317723093875e-02 1.340342485760931845e+00 5.459875942177986330e-01 8.256817284132131896e-01 6.243569854801023222e-01
3.822742474916388034e+01 3.195375111591592515e-02 1.350975106323052621e+00 5.525590812431979693e-01 8.322330474471379969e-01 6.377025229307010656e-01
3.852842809364548771e+01 3.109728657963813786e-02 1.361607726885173397e+00 5.586532680092666237e-01 8.387843664810629152e-01 6.511396002210860789e-01
3.882943143812709508e+01 3.027451525877204730e-02 1.372240347447294173e+00 5.642746526542961050e-01 8.453356855149878335e-01 6.648195421130237426e-01
3.913043478260869534e+01 2.950113997953290185e-02 1.382872968009414949e+00 5.694239973994136284e-01 8.518870045489126408e-01 6.789139864208603159e-01
3.943143812709030271e+01 2.878888964415826993e-02 1.393505588571535725e+00 5.740957177846756077e-01 8.584383235828375591e-01 6.935714056275333883e-01
3.973244147157191009e+01 2.814667615408080262e-02 1.404138209133656501e+00 5.782778391103529092e-01 8.649896426167623664e-01 7.088767424843654963e-01
4.003344481605351746e+01 2.758093176519885170e-02 1.414770829695777277e+00 5.819543570527828669e-01 8.715409616506872847e-01 7.248234500305770212e-01
4.033444816053511772e+01 2.709512555706352840e-02 1.425403450257898053e+00 5.851094831433650834e-01 8.780922806846120920e-01 7.413042828506515303e-01
4.063545150501672509e+01 2.668897233937470373e-02 1.436036070820018828e+00 5.877329577592245169e-01 8.846435997185370104e-01 7.581228323920219392e-01
4.093645484949833246e+01 2.635796611562817374e-02 1.446668691382139604e+00 5.898253856046916654e-01 8.911949187524618177e-01 7.750232198244528803e-01
4.123745819397993273e+01 2.609360775949195674e-02 1.457301311944260380e+00 5.914024437886237218e-01 8.977462377863867360e-01 7.917316847596934659e-01
4.153846153846154010e+01 2.588428301974035270e-02 1.467933932506381156e+00 5.924969081624817946e-01 9.042975568203115433e-01 8.080018004146864996e-01
4.183946488294314747e+01 2.571644101696358639e-02 1.478566553068501932e+00 5.931577971431530871e-01 9.108488758542364616e-01 8.236549393136962660e-01
4.214046822742475484e+01 2.557565915682303431e-02 1.489199173630622708e+00 5.934465299155453621e-01 9.174001948881612689e-01 8.386091355667620872e-01
4.244147157190635511e+01 2.544733756717440162e-02 1.499831794192743484e+00 5.934307250371636533e-01 9.239515139220861872e-01 8.528920422449489669e-01
4.274247491638796248e+01 2.531703265100762254e-02 1.510464414754864260e+00 5.931769312384511661e-01 9.305028329560109945e-01 8.666365974003017447e-01
4.304347826086956985e+01 2.517068360462760765e-02 1.521097035316985036e+00 5.927439669211002071e-01 9.370541519899359129e-01 8.800607677040872545e-01
4.334448160535117722e+01 2.499509630240981037e-02 1.531729655879105811e+00 5.921784876346427584e-01 9.436054710238607202e-01 8.934350453194078723e-01
4.364548494983277749e+01 2.477895790222908387e-02 1.542362276441226587e+00 5.915138653963344373e-01 9.501567900577856385e-01 9.070431128399415455e-01
4.394648829431438486e+01 2.451437106104669555e-02 1.552994897003347363e+00 5.907725662826329716e-01 9.567081090917104458e-01 9.211421664881073168e-01
4.424749163879599223e+01 2.419852871024607416e-02 1.563627517565468139e+00 5.899711976462514995e-01 9.632594281256353641e-01 9.359296072030863778e-01
4.454849498327759250e+01 2.383488527608510973e-02 1.574260138127588915e+00 5.891265669936128768e-01 9.698107471595601714e-01 9.515219001845307556e-01
4.484949832775919987e+01 2.343318822408375912e-02 1.584892758689709691e+00 5.882607210954471366e-01 9.763620661934850897e-01 9.679491839679120746e-01
4.515050167224080724e+01 2.300805770501208533e-02 1.595525379251830467e+00 5.874031659716474341e-01 9.829133852274098970e-01 9.851658340639455336e-01
4.545150501672241461e+01 2.257631262872593012e-02 1.606157999813951243e+00 5.865892795113285541e-01 9.894647042613348153e-01 1.003073309137122671e+00
4.575250836120401488e+01 2.215370503487912660e-02 1.616790620376072019e+00 5.858551097367363791e-01 9.960160232952596226e-01 1.021548329430103541e+00
4.605351170568562225e+01 2.175193963606933401e-02 1.627423240938192794e+00 5.852299606039986779e-01 1.002567342329184319e+00 1.040467973441535854e+00
4.635451505016722962e+01 2.137675602982792508e-02 1.638055861500313570e+00 5.847290227993336975e-01 1.009118661363109348e+00 1.059724457630777605e+00
4.665551839464882988e+01 2.102750962714230662e-02 1.648688482062434346e+00 5.843485073762566540e-01 1.015669980397034156e+00 1.079226159316618583e+00
4.695652173913043725e+01 2.069824096181875628e-02 1.659321102624555122e+00 5.840651677507127104e-01 1.022221299430958963e+00 1.098886787871232951e+00
4.725752508361204463e+01 2.037980529088375542e-02 1.669953723186675898e+00 5.838408734301375747e-01 1.028772618464883770e+00 1.118609634976542200e+00
4.755852842809365200e+01 2.006235616893236803e-02 1.680586343748796674e+00 5.836313713868207520e-01 1.035323937498808800e+00 1.138276507017484507e+00
4.785953177257525226e+01 1.973742585810264044e-02 1.691218964310917450e+00 5.833970077545600486e-01 1.041875256532733607e+00 1.157749877010497030e+00
4.816053511705685963e+01 1.939905728530382997e-02 1.701851584873038226e+00 5.831124299254908383e-01 1.048426575566658414e+00 1.176891919164998468e+00
4.846153846153846700e+01 1.904385118370505517e-02 1.712484205435159001e+00 5.827724191406284948e-01 1.054977894600583443e+00 1.195596860687677676e+00
4.876254180602006727e+01 1.867022870014512989e-02 1.723116825997279777e+00 5.823920143484940803e-01 1.061529213634508251e+00 1.213826096051644265e+00
4.906354515050167464e+01 1.827747935935625581e-02 1.733749446559400553e+00 5.820006947556899402e-01 1.068080532668433058e+00 1.231631597532917732e+00
4.936454849498328201e+01 1.786515886924236463e-02 1.744382067121521329e+00 5.816321119470441170e-01 1.074631851702357865e+00 1.249154313764563096e+00
4.966555183946488938e+01 1.743315599164753718e-02 1.755014687683642105e+00 5.813121840025631260e-01 1.081183170736282895e+00 1.266590744704660265e+00
4.996655518394648965e+01 1.698240037114488038e-02 1.765647308245762881e+00 5.810488914881681843e-01 1.087734489770207702e+00 1.284130978799161049e+00
5.026755852842809702e+01 1.651588169769054038e-02 1.776279928807883657e+00 5.808267018633677115e-01 1.094285808804132509e+00 1.301881905179383958e+00
5.056856187290970439e+01 1.603948710127615918e-02 1.786912549370004433e+00 5.806073276149198437e-01 1.100837127838057317e+00 1.319796379699933464e+00
5.086956521739130466e+01 1.556217024059691929e-02 1.797545169932125209e+00 5.803368513530359207e-01 1.107388446871982346e+00 1.337630078614307605e+00
5.117056856187291203e+01 1.509513969787922363e-02 1.808177790494245984e+00 5.799575915538128790e-01 1.113939765905907153e+00 1.354941887319135896e+00
5.147157190635451940e+01 1.465006693784100776e-02 1.818810411056366760e+00 5.794218688310551757e-01 1.120491084939831961e+00 1.371142575897406957e+00
5.177257525083612677e+01 1.423669053647597972e-02 1.829443031618487536e+00 5.787043550476720366e-01 1.127042403973756768e+00 1.385583638456235001e+00
5.207357859531772704e+01 1.386050388026690942e-02 1.840075652180608312e+00 5.778100319959377229e-01 1.133593723007681797e+00 1.397667488945726788e+00
5.237458193979933441e+01 1.352131025226620265e-02 1.850708272742729088e+00 5.767758298518276261e-01 1.140145042041606604e+00 1.406954789285132401e+00
5.267558528428094178e+01 1.321322348209661920e-02 1.861340893304849864e+00 5.756654723693984677e-01 1.146696361075531412e+00 1.413245716371722249e+00
5.297658862876254204e+01 1.292622286952840871e-02 1.871973513866970640e+00 5.745585567131710203e-01 1.153247680109456219e+00 1.416618548937150113e+00
5.327759197324414941e+01 1.264881083771734159e-02 1.882606134429091416e+00 5.735360825733083479e-01 1.159798999143381248e+00 1.417418708238458613e+00
5.357859531772575679e+01 1.237090820797473803e-02 1.893238754991212192e+00 5.726652588180530801e-01 1.166350318177306056e+00 1.416201544940980606e+00
5.387959866220736416e+01 1.208604378000003969e-02 1.903871375553332967e+00 5.719863596104938219e-01 1.172901637211230863e+00 1.413640498832991588e+00
5.418060200668896442e+01 1.179219467929939862e-02 1.914503996115453743e+00 5.715037599630040654e-01 1.179452956245155670e+00 1.410417547625937962e+00
5.448160535117057179e+01 1.149118023595861911e-02 1.925136616677574519e+00 5.711822847691609972e-01 1.186004275279080700e+00 1.407114815393748941e+00
5.478260869565217916e+01 1.118705914221496817e-02 1.935769237239695295e+00 5.709489548426681660e-01 1.192555594313005507e+00 1.404125091694576444e+00
5.508361204013378654e+01 1.088428762605641968e-02 1.946401857801816071e+00 5.706993751344077159e-01 1.199106913346930314e+00 1.401595295979559230e+00
5.538461538461538680e+01 1.058635143431318863e-02 1.957034478363936847e+00 5.703075332974490985e-01 1.205658232380855122e+00 1.399411203153683170e+00
5.568561872909699417e+01 1.029525074795336996e-02 1.967667098926057623e+00 5.696376570864203348e-01 1.212209551414780151e+00 1.397224829308650884e+00
5.598662207357860154e+01 1.001179048890316753e-02 1.978299719488178399e+00 5.685568875487997387e-01 1.218760870448704958e+00 1.394518843794186669e+00
5.628762541806020181e+01 9.736317592655717446e-03 1.988932340050299175e+00 5.669476862163271846e-01 1.225312189482629766e+00 1.390696451051877114e+00
5.658862876254180918e+01 9.469458682705576141e-03 1.999564960612419950e+00 5.647189798995366772e-01 1.231863508516554573e+00 1.385181417413604565e+00
5.688963210702341655e+01 9.212515232055028952e-03 2.010197581174541170e+00 5.618150373146009180e-01 1.238414827550479602e+00 1.377511843379068734e+00
5.719063545150502392e+01 8.967359502506841093e-03 2.020830201736661724e+00 5.582210614455943576e-01 1.244966146584404409e+00 1.367412831564942532e+00
5.749163879598662419e+01 8.735852871824044061e-03 2.031462822298782278e+00 5.539646190377699453e-01 1.251517465618329217e+00 1.354836875266389740e+00
5.779264214046823156e+01 8.518955495859181770e-03 2.042095442860903276e+00 5.491124283784470927e-01 1.258068784652254246e+00 1.339965965057916542e+00
5.809364548494983893e+01 8.315822143359463681e-03 2.052728063423024274e+00 5.437626928911903912e-01 1.264620103686179053e+00 1.323175501326795622e+00
5.839464882943143920e+01 8.123258654323940037e-03 2.063360683985144828e+00 5.380339712350792336e-01 1.271171422720103861e+00 1.304966494024956347e+00
5.869565217391304657e+01 7.935873986213327555e-03 2.073993304547265382e+00 5.320522909635870823e-01 1.277722741754028668e+00 1.285878349918744501e+00
5.899665551839465394e+01 7.747051722076838016e-03 2.084625925109386380e+00 5.259386111337940317e-01 1.284274060787953697e+00 1.266398568093445531e+00
5.929765886287626131e+01 7.550534627185755826e-03 2.095258545671507378e+00 5.197986730019021895e-01 1.290825379821878505e+00 1.246886597717328016e+00
5.959866220735786158e+01 7.342127692279347938e-03 2.105891166233627931e+00 5.137167428837532412e-01 1.297376698855803312e+00 1.227526201649508097e+00
5.989966555183946895e+01 7.120947472391646500e-03 2.116523786795748485e+00 5.077538861409699456e-01 1.303928017889728119e+00 1.208314262190128163e+00
6.020066889632107632e+01 6.889826778577732604e-03 2.127156407357869483e+00 5.019504456608094856e-01 1.310479336923653149e+00 1.189085647508195009e+00
6.050167224080267658e+01 6.654813017215559581e-03 2.137789027919990481e+00 4.963315738569005209e-01 1.317030655957577956e+00 1.169565877332616521e+00
6.080267558528428395e+01 6.423990521348585045e-03 2.148421648482111035e+00 4.909141657539836667e-01 1.323581974991502763e+00 1.149438101328889239e+00
6.110367892976589133e+01 6.205987020977633307e-03 2.159054269044231589e+00 4.857134422317741507e-01 1.330133294025427571e+00 1.128409569376363164e+00
6.140468227424749870e+01 6.008497303077778816e-03 2.169686889606352587e+00 4.807477120074012400e-01 1.336684613059352600e+00 1.106265203264738872e+00
6.170568561872909896e+01 5.837066835548195866e-03 2.180319510168473585e+00 4.760403938385365241e-01 1.343235932093277407e+00 1.082900804131466055e+00
6.200668896321070633e+01 5.694305530586672021e-03 2.190952130730594138e+00 4.716190607643715449e-01 1.349787251127202214e+00 1.058334059058157806e+00
6.230769230769231370e+01 5.579650570169012933e-03 2.201584751292714692e+00 4.675119253655904417e-01 1.356338570161127022e+00 1.032696210900636791e+00
6.260869565217392108e+01 5.489716195963623320e-03 2.212217371854835690e+00 4.637426918512009277e-01 1.362889889195052051e+00 1.006210012079881144e+00
6.290969899665552134e+01 5.419127296939890356e-03 2.222849992416956688e+00 4.603249722403138233e-01 1.369441208228976858e+00 9.791601580856094111e-01
6.321070234113712871e+01 5.361574941597006989e-03 2.233482612979077242e+00 4.572574679973872569e-01 1.375992527262901666e+00 9.518612520632545593e-01
6.351170568561873608e+01 5.310750509484927703e-03 2.244115233541197796e+00 4.545208794126455176e-01 1.382543846296826473e+00 9.246264159944993510e-01
6.381270903010033635e+01 5.260884000750389727e-03 2.254747854103318794e+00 4.520770967449126432e-01 1.389095165330751502e+00 8.977379876503427392e-01
6.411371237458195083e+01 5.206818913275915173e-03 2.265380474665439792e+00 4.498707555868020624e-01 1.395646484364676310e+00 8.714211011640312643e-01
6.441471571906355109e+01 5.143799971430637434e-03 2.276013095227560346e+00 4.478328148790063912e-01 1.402197803398601117e+00 8.458215077699673401e-01
6.471571906354515136e+01 5.067301171235616582e-03 2.286645715789680899e+00 4.458855255762544378e-01 1.408749122432525924e+00 8.209902062124886379e-01
6.501672240802676583e+01 4.973197328914054360e-03 2.297278336351801897e+00 4.439480402046245833e-01 1.415300441466450954e+00 7.968783072589484817e-01
6.531772575250836610e+01 4.858390023452082915e-03 2.307910956913922895e+00 4.419419539969190458e-01 1.421851760500375761e+00 7.733450957741225817e-01
6.561872909698996637e+01 4.721727755173878507e-03 2.318543577476043449e+00 4.397962113274800910e-01 1.428403079534300568e+00 7.501801173246747112e-01
6.591973244147158084e+01 4.564837017100082175e-03 2.329176198038164003e+00 4.374509864801157111e-01 1.434954398568225375e+00 7.271368055965584665e-01
6.622073578595318111e+01 4.392416411721497722e-03 2.339808818600285001e+00 4.348603001738701179e-01 1.441505717602150405e+00 7.039718625724247225e-01
6.652173913043478137e+01 4.211689434061703478e-03 2.350441439162405999e+00 4.319932431733373712e-01 1.448057036636075212e+00 6.804826270146193679e-01
6.682274247491639585e+01 4.031024398473139272e-03 2.361074059724526553e+00 4.288337641651892018e-01 1.454608355670000019e+00 6.565348727140007945e-01
6.712374581939799612e+01 3.858087991898922434e-03 2.371706680286647106e+00 4.253790805910760420e-01 1.461159674703924827e+00 6.320758845999323583e-01
6.742474916387959638e+01 3.698136539220821511e-03 2.382339300848768104e+00 4.216369210891378616e-01 1.467710993737849856e+00 6.071314776516725242e-01
6.772575250836121086e+01 3.553038544662234701e-03 2.392971921410889102e+00 4.176220063386124060e-01 1.474262312771774663e+00 5.817896127229063019e-01
6.802675585284281112e+01 3.421349927054587788e-03 2.403604541973009656e+00 4.133523771337481167e-01 1.480813631805699471e+00 5.561762271777986877e-01
6.832775919732442560e+01 3.299351842076598835e-03 2.414237162535130210e+00 4.088463073648406776e-01 1.487364950839624500e+00 5.304300742756398179e-01
6.862876254180602587e+01 3.182608518840206440e-03 2.424869783097251208e+00 4.041205158421975474e-01 1.493916269873549307e+00 5.046826069747146759e-01
6.892976588628762613e+01 3.067472021112869606e-03 2.435502403659372206e+00 3.991901702240062133e-01 1.500467588907474115e+00 4.790466786643328700e-01
6.923076923076924061e+01 2.952086851583819553e-03 2.446135024221492760e+00 3.940707774117665485e-01 1.507018907941398922e+00 4.536148751497303677e-01
6.953177257525084087e+01 2.836725297099944483e-03 2.456767644783613314e+00 3.887815645191966540e-01 1.513570226975323951e+00 4.284655572121903178e-01
6.983277591973244114e+01 2.723547841154269709e-03 2.467400265345734311e+00 3.833495058569141301e-01 1.520121546009248759e+00 4.036729298482311656e-01
7.013377926421405562e+01 2.616011613481022610e-03 2.478032885907855309e+00 3.778128811967992329e-01 1.526672865043173566e+00 3.793170270738979166e-01
7.043478260869565588e+01 2.518132848407596529e-03 2.488665506469975863e+00 3.722232530774748360e-01 1.533224184077098373e+00 3.554903059232552565e-01
7.073578595317725615e+01 2.433725572328151749e-03 2.499298127032096417e+00 3.666450440787619169e-01 1.539775503111023403e+00 3.322990940842823204e-01
7.103678929765887062e+01 2.365680875373780186e-03 2.509930747594217415e+00 3.611524125902143556e-01 1.546326822144948210e+00 3.098597943034319679e-01
7.133779264214047089e+01 2.315356707407554161e-03 2.520563368156338413e+00 3.558237368499192477e-01 1.552878141178873017e+00 2.882909958275269302e-01
7.163879598662208537e+01 2.282185756858301669e-03 2.531195988718458967e+00 3.507345659878756128e-01 1.559429460212797824e+00 2.677032602058588284e-01
7.193979933110368563e+01 2.263617887857995344e-03 2.541828609280579521e+00 3.459502471130569412e-01 1.565980779246722854e+00 2.481884281842023643e-01
7.224080267558528590e+01 2.255457064427877738e-03 2.552461229842700519e+00 3.415195081370447361e-01 1.572532098280647661e+00 2.298100943536143526e-01
7.254180602006690037e+01 2.252544190986542107e-03 2.563093850404821517e+00 3.374700589861024946e-01 1.579083417314572468e+00 2.125966436576983143e-01
7.284280936454850064e+01 2.249627857342041681e-03 2.573726470966942070e+00 3.338068314689862093e-01 1.585634736348497276e+00 1.965380066122606739e-01
7.314381270903010090e+01 2.242207978016594327e-03 2.584359091529062624e+00 3.305129242528276889e-01 1.592186055382422305e+00 1.815869795038115020e-01
7.344481605351171538e+01 2.227157065367308363e-03 2.594991712091183622e+00 3.275527909662575565e-01 1.598737374416347112e+00 1.676654347199555695e-01
7.374581939799331565e+01 2.203005152718372304e-03 2.605624332653304620e+00 3.248768338554141599e-01 1.605288693450271920e+00 1.546749601350521641e-01
7.404682274247491591e+01 2.169875562074832787e-03 2.616256953215425174e+00 3.224264302222937251e-01 1.611840012484196727e+00 1.425105184602498409e-01
7.434782608695653039e+01 2.129138414506368503e-03 2.626889573777545728e+00 3.201385482188022213e-01 1.618391331518121756e+00 1.310748548043284556e-01
7.464882943143813065e+01 2.082888820411532300e-03 2.637522194339666726e+00 3.179494528781596219e-01 1.624942650552046564e+00 1.202909066852833886e-01
7.494983277591973092e+01 2.033365927007183774e-03 2.648154814901787724e+00 3.157974480084760893e-01 1.631493969585971371e+00 1.101096263451632473e-01
7.525083612040134540e+01 1.982426220599531504e-03 2.658787435463908277e+00 3.136249952367882732e-01 1.638045288619896178e+00 1.005114847157844299e-01
7.555183946488294566e+01 1.931175991621980311e-03 2.669420056026028831e+00 3.113807594985628091e-01 1.644596607653821208e+00 9.150134274083998598e-02
7.585284280936456014e+01 1.879841575334989870e-03 2.680052676588149829e+00 3.090220713040133793e-01 1.651147926687746015e+00 8.309799836603819212e-02
7.615384615384616041e+01 1.827898641786914521e-03 2.690685297150270827e+00 3.065179827631754894e-01 1.657699245721670822e+00 7.532108576661292187e-02
7.645484949832776067e+01 1.774402406326194706e-03 2.701317917712391381e+00 3.038526329803995507e-01 1.664250564755595629e+00 6.817869314967726913e-02
7.675585284280937515e+01 1.718394317677957115e-03 2.711950538274511935e+00 3.010281960737883344e-01 1.670801883789520659e+00 6.165883884564841294e-02
7.705685618729097541e+01 1.659245694414402447e-03 2.722583158836632933e+00 2.980664315592533309e-01 1.677353202823445466e+00 5.572684474072411159e-02
7.735785953177257568e+01 1.596845165782010464e-03 2.733215779398753931e+00 2.950079035613065725e-01 1.683904521857370273e+00 5.032899090273752069e-02
7.765886287625419016e+01 1.531616538146313719e-03 2.743848399960874485e+00 2.919082945030356258e-01 1.690455840891295303e+00 4.540111970673628428e-02
7.795986622073579042e+01 1.464420147687197672e-03 2.754481020522995038e+00 2.888318190066938573e-01 1.697007159925220110e+00 4.087958729106735967e-02
7.826086956521739069e+01 1.396411523432229814e-03 2.765113641085116036e+00 2.858423815332835627e-01 1.703558478959144917e+00 3.671148758066603013e-02
7.856187290969900516e+01 1.328908012670547509e-03 2.775746261647237034e+00 2.829936372652622212e-01 1.710109797993069725e+00 3.286149249521126692e-02
7.886287625418060543e+01 1.263276126252419352e-03 2.786378882209357588e+00 2.803193706905980354e-01 1.716661117026994754e+00 2.931377780690051782e-02
7.916387959866221991e+01 1.200831586036480271e-03 2.797011502771478142e+00 2.778255401732349084e-01 1.723212436060919561e+00 2.606895207601530109e-02
7.946488294314382017e+01 1.142751473406721820e-03 2.807644123333599140e+00 2.754849794846381816e-01 1.729763755094844369e+00 2.313722643009718735e-02
7.976588628762542044e+01 1.090017940972036383e-03 2.818276743895720138e+00 2.732352038767070779e-01 1.736315074128769176e+00 2.052989183943660159e-02
8.006688963210703491e+01 1.043418149257618367e-03 2.828909364457840692e+00 2.709791873039806287e-01 1.742866393162694205e+00 1.825133901957055882e-02
8.036789297658863518e+01 1.003600050711750662e-03 2.839541985019961245e+00 2.685885134396290286e-01 1.749417712196619012e+00 1.629341981589206220e-02
8.066889632107023544e+01 9.711406504041969739e-04 2.850174605582082243e+00 2.659080811218541562e-01 1.755969031230543820e+00 1.463313418069552181e-02
8.096989966555184992e+01 9.465564107074318041e-04 2.860807226144203241e+00 2.627616295126177226e-01 1.762520350264468627e+00 1.323372415354507649e-02
8.127090301003345019e+01 9.302051193426833344e-04 2.871439846706323795e+00 2.589577211488749420e-01 1.769071669298393656e+00 1.204851253980685453e-02
8.157190635451505045e+01 9.220953666545642947e-04 2.882072467268444349e+00 2.542963710551751078e-01 1.775622988332318464e+00 1.102637730166045743e-02
8.187290969899666493e+01 9.216970920855730755e-04 2.892705087830565347e+00 2.485770453066111496e-01 1.782174307366243271e+00 1.011762505799635586e-02
8.217391304347826519e+01 9.278811441324435853e-04 2.903337708392686345e+00 2.416090413464810349e-01 1.788725626400168078e+00 9.279160298266994275e-03
8.247491638795986546e+01 9.390741139110175828e-04 2.913970328954806899e+00 2.332251023702772152e-01 1.795276945434093108e+00 8.478150250837214116e-03
8.277591973244147994e+01 9.536105436689778104e-04 2.924602949516927453e+00 2.232984163495419505e-01 1.801828264468017915e+00 7.693769973501637417e-03
8.307692307692308020e+01 9.701546790318357327e-04 2.935235570079048451e+00 2.117619885082632492e-01 1.808379583501942722e+00 6.917004163630656802e-03
8.337792642140469468e+01 9.880126314881143221e-04 2.945868190641169448e+00 1.986280274837842474e-01 1.814930902535867530e+00 6.148821641655991856e-03
8.367892976588629494e+01 1.007192844380374718e-03 2.956500811203290002e+00 1.840038629446854590e-01 1.821482221569792559e+00 5.397277929996823279e-03
8.397993311036789521e+01 1.028175248057842158e-03 2.967133431765410556e+00 1.681004518498933342e-01 1.828033540603717366e+00 4.674209068826045040e-03
8.428093645484950969e+01 1.051461941578350941e-03 2.977766052327531554e+00 1.512300404915941643e-01 1.834584859637642174e+00 3.992147117205475937e-03
8.458193979933110995e+01 1.077056482738467103e-03 2.988398672889652552e+00 1.337910813530064080e-01 1.841136178671566981e+00 3.361934206068170356e-03
8.488294314381271022e+01 1.104040277775785806e-03 2.999031293451773106e+00 1.162407947269970265e-01 1.847687497705492010e+00 2.791282977005439189e-03
8.518394648829432469e+01 1.130395250228270797e-03 3.009663914013893660e+00 9.905828554195571234e-02 1.854238816739416817e+00 2.284287466578610246e-03
8.548494983277592496e+01 1.153174065108942842e-03 3.020296534576014658e+00 8.270322581847755483e-02 1.860790135773341625e+00 1.841689853044215864e-03
8.578595317725752523e+01 1.169039749155455091e-03 3.030929155138135656e+00 6.757622004758541412e-02 1.867341454807266432e+00 1.461597531159347001e-03
8.608695652173913970e+01 1.175081669430068148e-03 3.041561775700256209e+00 5.398677096035135042e-02 1.873892773841191461e+00 1.140335544372456100e-03
8.638795986622073997e+01 1.169687732546094081e-03 3.052194396262376763e+00 4.213330151740863477e-02 1.880444092875116269e+00 8.731943304858376864e-04
8.668896321070235444e+01 1.153172236095928449e-03 3.062827016824497761e+00 3.209735085251375769e-02 1.886995411909041076e+00 6.549520764448935875e-04
8.698996655518395471e+01 1.127890196775205821e-03 3.073459637386618759e+00 2.385144662536686777e-02 1.893546730942966105e+00 4.801677981606605966e-04
8.729096989966555498e+01 1.097733173229205545e-03 3.084092257948739313e+00 1.727789002691540107e-02 1.900098049976890913e+00 3.433188577743356189e-04
8.759197324414716945e+01 1.067143813818535779e-03 3.094724878510859867e+00 1.219424583620883941e-02 1.906649369010815720e+00 2.388800233657248449e-04
8.789297658862876972e+01 1.039993297925483019e-03 3.105357499072980865e+00 8.380914952671058085e-03 1.913200688044740527e+00 1.614184880485435600e-04
8.819397993311036998e+01 1.018726979578074435e-03 3.115990119635101863e+00 5.606701958050137012e-03 1.919752007078665557e+00 1.057335728915261957e-04
8.849498327759198446e+01 1.004059026297200166e-03 3.126622740197222416e+00 3.649480510359423644e-03 1.926303326112590364e+00 6.702651897411554527e-05
8.879598662207358473e+01 9.952473639472539466e-04 3.137255360759342970e+00 2.310513295321127512e-03 1.932854645146515171e+00 4.106178509128774202e-05
8.909698996655518499e+01 9.907366905909324034e-04 3.147887981321463968e+00 1.422336084258346567e-03 1.939405964180439979e+00 2.428068089753910422e-05
8.939799331103679947e+01 9.888456946584712852e-04 3.158520601883584966e+00 8.511166820909946487e-04 1.945957283214365008e+00 1.384437809198077204e-05
8.969899665551839973e+01 9.882411320241550091e-04 3.169153222445705520e+00 4.949467934702567445e-04 1.952508602248289815e+00 7.605131225945466134e-06
9.000000000000000000e+01 9.881256308920281436e-04 3.179785843007826518e+00 2.796475726061949368e-04 1.959059921282214622e+00 4.022120088715502304e-06
