0.000000000000000000e+00 6.405497938198872337e-03 5.717925093017828253e-04 1.714369683226159014e-01 2.838896966113127474e-04 7.022346734924967970e-01
3.010033444816053727e-01 6.408954102280595144e-03 1.125481237388634148e-02 1.713084815450237608e-01 4.662980645711569880e-03 7.003254170887650565e-01
6.020066889632107454e-01 6.419314065837163595e-03 2.193783223847090014e-02 1.709600592439309563e-01 9.042071594811827012e-03 6.951930519644434758e-01
9.030100334448161181e-01 6.436560738491427756e-03 3.262085210305545879e-02 1.704250541667968466e-01 1.342116254391208414e-02 6.872463604403263870e-01
1.204013377926421491e+00 6.460691443136363718e-03 4.330387196764001745e-02 1.697541236720278290e-01 1.780025349301234128e-02 6.770582396586090068e-01
1.505016722408026864e+00 6.491748520700076248e-03 5.398689183222457610e-02 1.690098190079141749e-01 2.217934444211260014e-02 6.652582633020951430e-01
1.806020066889632236e+00 6.529848259821587411e-03 6.466991169680913476e-02 1.682602537758227657e-01 2.655843539121285554e-02 6.524352711131936600e-01
2.107023411371237387e+00 6.575198977005311703e-03 7.535293156139369342e-02 1.675727754528876789e-01 3.093752634031311094e-02 6.390757311725245859e-01
2.408026755852842982e+00 6.628101813282504667e-03 8.603595142597825207e-02 1.670085193254656208e-01 3.531661728941336981e-02 6.255482538943116788e-01
2.709030100334448576e+00 6.688932491726340933e-03 9.671897129056281073e-02 1.666185337610672501e-01 3.969570823851362867e-02 6.121275097231337892e-01
3.010033444816053727e+00 6.758107690499198794e-03 1.074019911551473694e-01 1.664418665793804541e-01 4.407479918761388754e-02 5.990385002768533473e-01
3.311036789297658878e+00 6.836044392372325924e-03 1.180850110197319280e-01 1.665056510624670916e-01 4.845389013671413947e-02 5.864984758534265152e-01
3.612040133779264472e+00 6.923123277793133759e-03 1.287680308843164867e-01 1.668268924294679656e-01 5.283298108581439834e-02 5.747387658204320404e-01
3.913043478260870067e+00 7.019667122445469830e-03 1.394510507489010454e-01 1.674153932775607756e-01 5.721207203491465720e-02 5.639992228383121642e-01
4.214046822742474774e+00 7.125942141442022718e-03 1.501340706134856040e-01 1.682771157319517263e-01 6.159116298401490913e-02 5.544993250834718834e-01
4.515050167224080369e+00 7.242184950433915198e-03 1.608170904780701627e-01 1.694172801769457393e-01 6.597025393311517494e-02 5.463981960522570347e-01
4.816053511705685963e+00 7.368651558217432715e-03 1.715001103426547213e-01 1.708426376392934154e-01 7.034934488221541993e-02 5.397586433973158293e-01
5.117056856187291558e+00 7.505679127917795623e-03 1.821831302072392800e-01 1.725625898502059219e-01 7.472843583131569267e-02 5.345277059392481434e-01
5.418060200668897153e+00 7.653747595425667780e-03 1.928661500718238386e-01 1.745891124505108971e-01 7.910752678041593766e-02 5.305398242849439505e-01
5.719063545150501859e+00 7.813527569370299838e-03 2.035491699364083973e-01 1.769356996103035318e-01 8.348661772951621041e-02 5.275412516707946864e-01
6.020066889632107454e+00 7.985903455837103232e-03 2.142321898009929559e-01 1.796157358010996019e-01 8.786570867861645540e-02 5.252283294524532353e-01
6.321070234113713049e+00 8.171965837590019696e-03 2.249152096655775146e-01 1.826407754485528945e-01 9.224479962771670039e-02 5.232895632095906358e-01
6.622073578595317755e+00 8.372973522806206881e-03 2.355982295301620733e-01 1.860191649492723143e-01 9.662389057681697313e-02 5.214424820386557302e-01
6.923076923076923350e+00 8.590291781042719982e-03 2.462812493947466319e-01 1.897552956098274013e-01 1.010029815259172181e-01 5.194600345308438838e-01
7.224080267558528945e+00 8.825317636430476953e-03 2.569642692593311906e-01 1.938495764562341572e-01 1.053820724750174909e-01 5.171857787853997301e-01
7.525083612040134540e+00 9.079404725229686321e-03 2.676472891239157215e-01 1.982990204773611431e-01 1.097611634241177359e-01 5.145402839342375634e-01
7.826086956521740134e+00 9.353798928811539806e-03 2.783303089885003079e-01 2.030982004781037298e-01 1.141402543732180086e-01 5.115217935500960822e-01
8.127090301003345729e+00 9.649592321708507295e-03 2.890133288530848943e-01 2.082402858232320353e-01 1.185193453223182536e-01 5.082025876677962462e-01
8.428093645484949548e+00 9.967698072188547337e-03 2.996963487176694252e-01 2.137179244249876042e-01 1.228984362714184986e-01 5.047201698382297597e-01
8.729096989966555142e+00 1.030884418314600634e-02 3.103793685822539561e-01 2.195238606079668864e-01 1.272775272205187713e-01 5.012612989267680730e-01
9.030100334448160737e+00 1.067358058394599941e-02 3.210623884468385425e-01 2.256513319601916590e-01 1.316566181696190163e-01 4.980380826825441809e-01
9.331103678929766332e+00 1.106229279786156115e-02 3.317454083114231289e-01 2.320944126210273406e-01 1.360357091187192891e-01 4.952584521725299505e-01
9.632107023411371927e+00 1.147521625425908416e-02 3.424284281760076598e-01 2.388485223377171673e-01 1.404148000678195340e-01 4.930966382350260302e-01
9.933110367892977521e+00 1.191244767877428640e-02 3.531114480405921907e-01 2.459112798777804698e-01 1.447938910169197790e-01 4.916707534926997858e-01
1.023411371237458312e+01 1.237395283880288535e-02 3.637944679051767771e-01 2.532837563870018460e-01 1.491729819660200518e-01 4.910331057472305805e-01
1.053511705685618871e+01 1.285957212209691905e-02 3.744774877697613635e-01 2.609720164520199503e-01 1.535520729151202968e-01 4.911748535350439759e-01
1.083612040133779431e+01 1.336902613879839379e-02 3.851605076343458944e-01 2.689886743356634247e-01 1.579311638642205695e-01 4.920418337564102518e-01
1.113712374581939812e+01 1.390192247015281483e-02 3.958435274989304253e-01 2.773540909095685847e-01 1.623102548133208145e-01 4.935550093824160323e-01
1.143812709030100372e+01 1.445776220210579117e-02 4.065265473635150117e-01 2.860968270720509188e-01 1.666893457624210872e-01 4.956284355226834859e-01
1.173913043478260931e+01 1.503594188973586022e-02 4.172095672280995982e-01 2.952530594701676114e-01 1.710684367115213322e-01 4.981799510916548601e-01
1.204013377926421491e+01 1.563574427715979168e-02 4.278925870926841291e-01 3.048648345690442851e-01 1.754475276606216050e-01 5.011336811780889855e-01
1.234113712374582050e+01 1.625631051548913353e-02 4.385756069572686600e-01 3.149772478697935862e-01 1.798266186097218500e-01 5.044170115584345471e-01
1.264214046822742610e+01 1.689658837796837593e-02 4.492586268218532464e-01 3.256348383828353010e-01 1.842057095588220950e-01 5.079564649519018316e-01
1.294314381270903169e+01 1.755525496853438047e-02 4.599416466864378328e-01 3.368776402610925147e-01 1.885848005079223677e-01 5.116763912268639247e-01
1.324414715719063551e+01 1.823061784196681676e-02 4.706246665510223637e-01 3.487374029286049448e-01 1.929638914570226127e-01 5.155022260007848800e-01
1.354515050167224111e+01 1.892050397148607385e-02 4.813076864156068946e-01 3.612344650697915660e-01 1.973429824061228854e-01 5.193675792126861701e-01
1.384615384615384670e+01 1.962215014725038689e-02 4.919907062801914810e-01 3.743756515928222117e-01 2.017220733552231304e-01 5.232228179514900601e-01
1.414715719063545230e+01 2.033211000400976867e-02 5.026737261447760119e-01 3.881533769707183334e-01 2.061011643043234032e-01 5.270426476889149559e-01
1.444816053511705789e+01 2.104619146773434660e-02 5.133567460093606538e-01 4.025459160046581109e-01 2.104802552534236482e-01 5.308311392669443629e-01
1.474916387959866348e+01 2.175943433965370211e-02 5.240397658739450737e-01 4.175185845082320935e-01 2.148593462025238932e-01 5.346238019239216710e-01
1.505016722408026908e+01 2.246613213331913328e-02 5.347227857385297156e-01 4.330254005578844101e-01 2.192384371516241659e-01 5.384868303687552205e-01
1.535117056856187467e+01 2.315989671986645390e-02 5.454058056031143575e-01 4.490107103717430603e-01 2.236175281007244109e-01 5.425133284236189901e-01
1.565217391304348027e+01 2.383376034463732460e-02 5.560888254676987774e-01 4.654102877654837656e-01 2.279966190498246836e-01 5.468156490784636947e-01
1.595317725752508409e+01 2.448030812827037966e-02 5.667718453322834193e-01 4.821515583070293265e-01 2.323757099989249286e-01 5.515128790255540148e-01
1.625418060200669146e+01 2.509183532434988359e-02 5.774548651968680613e-01 4.991528388667536564e-01 2.367548009480252014e-01 5.567135426946481225e-01
1.655518394648829528e+01 2.566052646345825736e-02 5.881378850614524811e-01 5.163217748013630981e-01 2.411338918971254464e-01 5.624956323892309484e-01
1.685618729096989910e+01 2.617865644732953606e-02 5.988209049260371231e-01 5.335534367701304514e-01 2.455129828462256913e-01 5.688881347638878871e-01
1.715719063545150647e+01 2.663881487550327776e-02 6.095039247906215429e-01 5.507287387713595272e-01 2.498920737953259641e-01 5.758591227593555795e-01
1.745819397993311028e+01 2.703415309215027873e-02 6.201869446552061849e-01 5.677139023436075238e-01 2.542711647444262368e-01 5.833145019808291254e-01
1.775919732441471766e+01 2.735864838209811287e-02 6.308699645197908268e-01 5.843615907825653322e-01 2.586502556935264541e-01 5.911088544709377501e-01
1.806020066889632147e+01 2.760737245389620342e-02 6.415529843843752467e-01 6.005140805871876930e-01 2.630293466426267268e-01 5.990665348440045168e-01
1.836120401337792885e+01 2.777674392785362337e-02 6.522360042489598886e-01 6.160084711616409248e-01 2.674084375917269996e-01 6.070085055816843989e-01
1.866220735785953266e+01 2.786473954997297636e-02 6.629190241135445305e-01 6.306835315045888901e-01 2.717875285408272723e-01 6.147792128086659869e-01
1.896321070234114003e+01 2.787103842578511625e-02 6.736020439781289504e-01 6.443874284351218673e-01 2.761666194899274895e-01 6.222682489575287468e-01
1.926421404682274385e+01 2.779707866749445838e-02 6.842850638427135923e-01 6.569853506344836003e-01 2.805457104390277623e-01 6.294231769562128598e-01
1.956521739130434767e+01 2.764601581313904863e-02 6.949680837072980122e-01 6.683659869845446355e-01 2.849248013881280350e-01 6.362520280723913402e-01
1.986622073578595504e+01 2.742258504671474945e-02 7.056511035718826541e-01 6.784459511354076211e-01 2.893038923372282523e-01 6.428160547840615635e-01
2.016722408026755886e+01 2.713288160635787816e-02 7.163341234364672960e-01 6.871715436380363418e-01 2.936829832863285250e-01 6.492149500626859249e-01
2.046822742474916623e+01 2.678408289766808989e-02 7.270171433010517159e-01 6.945176528027197094e-01 2.980620742354287978e-01 6.555677213068551445e-01
2.076923076923077005e+01 2.638413984360373638e-02 7.377001631656363578e-01 7.004840400906096054e-01 3.024411651845290705e-01 6.619926279509985578e-01
2.107023411371237742e+01 2.594146360232807424e-02 7.483831830302209998e-01 7.050896552624005276e-01 3.068202561336292877e-01 6.685891114892215104e-01
2.137123745819398124e+01 2.546462825259532617e-02 7.590662028948054196e-01 7.083659119662250037e-01 3.111993470827295605e-01 6.754237450095642581e-01
2.167224080267558861e+01 2.496210269000861612e-02 7.697492227593900616e-01 7.103499812764759724e-01 3.155784380318298332e-01 6.825213488571495457e-01
2.197324414715719243e+01 2.444201824911497803e-02 7.804322426239744814e-01 7.110791154141239412e-01 3.199575289809300505e-01 6.898619249178861157e-01
2.227424749163879625e+01 2.391197420318072475e-02 7.911152624885591234e-01 7.105868143036833118e-01 3.243366199300303232e-01 6.973839668148131832e-01
2.257525083612040362e+01 2.337888179613178963e-02 8.017982823531437653e-01 7.089013362223965942e-01 3.287157108791305959e-01 7.049946003484617307e-01
2.287625418060200744e+01 2.284884808091380837e-02 8.124813022177281852e-01 7.060466863879857335e-01 3.330948018282308687e-01 7.125863420397442471e-01
2.317725752508361481e+01 2.232710203942253960e-02 8.231643220823128271e-01 7.020458505799697102e-01 3.374738927773310859e-01 7.200587958942966660e-01
2.347826086956521863e+01 2.181796563844729669e-02 8.338473419468974690e-01 6.969257223890596986e-01 3.418529837264313587e-01 7.273417394754383425e-01
2.377926421404682600e+01 2.132487064541526561e-02 8.445303618114818889e-01 6.907229361482688512e-01 3.462320746755316314e-01 7.344146998793168457e-01
2.408026755852842982e+01 2.085041819539468905e-02 8.552133816760665308e-01 6.834896833750190304e-01 3.506111656246319042e-01 7.413181887694607619e-01
2.438127090301003363e+01 2.039647323165086346e-02 8.658964015406509507e-01 6.752985692865627332e-01 3.549902565737321214e-01 7.481535256724343164e-01
2.468227424749164101e+01 1.996428154342682476e-02 8.765794214052355926e-01 6.662456617179375318e-01 3.593693475228323941e-01 7.550710385746891573e-01
2.498327759197324482e+01 1.955459464485753349e-02 8.872624412698202345e-01 6.564510947715904710e-01 3.637484384719326669e-01 7.622492633553125119e-01
2.528428093645485220e+01 1.916778802002330404e-02 8.979454611344046544e-01 6.460568997613421738e-01 3.681275294210328841e-01 7.698695753145228249e-01
2.558528428093645601e+01 1.880396124560158519e-02 9.086284809989892963e-01 6.352221154882257137e-01 3.725066203701331569e-01 7.780911439425201026e-01
2.588628762541806339e+01 1.846301329650486614e-02 9.193115008635739382e-01 6.241156278994656192e-01 3.768857113192334296e-01 7.870305475076476709e-01
2.618729096989966720e+01 1.814469155756974483e-02 9.299945207281583581e-01 6.129075398425649635e-01 3.812648022683337024e-01 7.967493725650569569e-01
2.648829431438127102e+01 1.784861734207224271e-02 9.406775405927430000e-01 6.017601068233027206e-01 3.856438932174339196e-01 8.072519087637217705e-01
2.678929765886287839e+01 1.757429317204977151e-02 9.513605604573274199e-01 5.908193424499952329e-01 3.900229841665341923e-01 8.184934670700341197e-01
2.709030100334448221e+01 1.732109755368247198e-02 9.620435803219120618e-01 5.802082790423355174e-01 3.944020751156344651e-01 8.303977050117453684e-01
2.739130434782608958e+01 1.708827202860539046e-02 9.727266001864967038e-01 5.700225884135489141e-01 3.987811660647346823e-01 8.428789451607063832e-01
2.769230769230769340e+01 1.687490385816399485e-02 9.834096200510811236e-01 5.603288868998598238e-01 4.031602570138349551e-01 8.558637826514657876e-01
2.799331103678930077e+01 1.667990676349417542e-02 9.940926399156657656e-01 5.511656503763956438e-01 4.075393479629352278e-01 8.693064071682494731e-01
2.829431438127090459e+01 1.650200228283307466e-02 1.004775659780250407e+00 5.425463297379101713e-01 4.119184389120355005e-01 8.831944242797379330e-01
2.859531772575251196e+01 1.633970551036429200e-02 1.015458679644834827e+00 5.344640407524906545e-01 4.162975298611357178e-01 8.975456935772112566e-01
2.889632107023411578e+01 1.619132066813450468e-02 1.026141699509419469e+00 5.268971223877336740e-01 4.206766208102359905e-01 9.123999441986216929e-01
2.919732441471571960e+01 1.605495321132785827e-02 1.036824719374004111e+00 5.198148960857451595e-01 4.250557117593362633e-01 9.278098654997304351e-01
2.949832775919732697e+01 1.592854505669246551e-02 1.047507739238588531e+00 5.131830727466873965e-01 4.294348027084364805e-01 9.438344385603204545e-01
2.979933110367893079e+01 1.580993747248138695e-02 1.058190759103173173e+00 5.069683971978605763e-01 4.338138936575367532e-01 9.605336931243324550e-01
3.010033444816053816e+01 1.569696215474261983e-02 1.068873778967757593e+00 5.011422563418849174e-01 4.381929846066370260e-01 9.779612534030531767e-01
3.040133779264214198e+01 1.558755562595270407e-02 1.079556798832342235e+00 4.956830919150954085e-01 4.425720755557372987e-01 9.961511312385057382e-01
3.070234113712374935e+01 1.547988639624844724e-02 1.090239818696926877e+00 4.905775550978628829e-01 4.469511665048375160e-01 1.015098719650430636e+00
3.100334448160535317e+01 1.537247962218675663e-02 1.100922838561511297e+00 4.858204300588661595e-01 4.513302574539377887e-01 1.034741158685955842e+00
3.130434782608696054e+01 1.526432150073326298e-02 1.111605858426095939e+00 4.814134459072907934e-01 4.557093484030380615e-01 1.054946172512349456e+00
3.160535117056856436e+01 1.515492619208192067e-02 1.122288878290680580e+00 4.773631897781021594e-01 4.600884393521382787e-01 1.075518437179413311e+00
3.190635451505016817e+01 1.504435192759915815e-02 1.132971898155265000e+00 4.736784149054584225e-01 4.644675303012385514e-01 1.096227763661125953e+00
3.220735785953177555e+01 1.493315968861188420e-02 1.143654918019849642e+00 4.703670884073212211e-01 4.688466212503388242e-01 1.116855532390679029e+00
3.250836120401338292e+01 1.482231634346395030e-02 1.154337937884434284e+00 4.674335298689953899e-01 4.732257121994390969e-01 1.137248180212474313e+00
3.280936454849498318e+01 1.471305284176052143e-02 1.165020957749018704e+00 4.648759504105108298e-01 4.776048031485393142e-01 1.157362392741219104e+00
3.311036789297659055e+01 1.460669526725640217e-02 1.175703977613603346e+00 4.626846220600022153e-01 4.819838940976395869e-01 1.177287729792687809e+00
3.341137123745819792e+01 1.450449075137432570e-02 1.186386997478187766e+00 4.608408065402540554e-01 4.863629850467398597e-01 1.197238275763690352e+00
3.371237458193979819e+01 1.440745054629342589e-02 1.197070017342772408e+00 4.593164695396253494e-01 4.907420759958400769e-01 1.217513408184013990e+00
3.401337792642140556e+01 1.431622888928678165e-02 1.207753037207357050e+00 4.580747144109856284e-01 4.951211669449403496e-01 1.238436132045892535e+00
3.431438127090301293e+01 1.423104948847413523e-02 1.218436057071941470e+00 4.570707941969753274e-01 4.995002578940406224e-01 1.260283268546896540e+00
3.461538461538462030e+01 1.415168306097999533e-02 1.229119076936526112e+00 4.562535052306121997e-01 5.038793488431408951e-01 1.283223733643523268e+00
3.491638795986622057e+01 1.407747121958639186e-02 1.239802096801110531e+00 4.555667332220366128e-01 5.082584397922411679e-01 1.307278887194566197e+00
3.521739130434782794e+01 1.400738584458374042e-02 1.250485116665695173e+00 4.549509226304355169e-01 5.126375307413414406e-01 1.332313134007121702e+00
3.551839464882943531e+01 1.394011002197337659e-02 1.261168136530279815e+00 4.543442840895696166e-01 5.170166216904416023e-01 1.358055129049497323e+00
3.581939799331104268e+01 1.387412696223623565e-02 1.271851156394864235e+00 4.536836497579704308e-01 5.213957126395418751e-01 1.384142271920480782e+00
3.612040133779264295e+01 1.380780646019101436e-02 1.282534176259448877e+00 4.529050250918920661e-01 5.257748035886421478e-01 1.410176039125605962e+00
3.642140468227425032e+01 1.373948320059021136e-02 1.293217196124033519e+00 4.519440392811194251e-01 5.301538945377424206e-01 1.435774779900796050e+00
3.672240802675585769e+01 1.366752607611785436e-02 1.303900215988617939e+00 4.507366189345062280e-01 5.345329854868426933e-01 1.460614023463736810e+00
3.702341137123745796e+01 1.359040132884938544e-02 1.314583235853202581e+00 4.492202489130259768e-01 5.389120764359429661e-01 1.484450422575326556e+00
3.732441471571906533e+01 1.350673388608979522e-02 1.325266255717787223e+00 4.473361033275167764e-01 5.432911673850432388e-01 1.507131373233178806e+00
3.762541806020067270e+01 1.341537050217049033e-02 1.335949275582371643e+00 4.450321246182501467e-01 5.476702583341434005e-01 1.528595566536080641e+00
3.792642140468228007e+01 1.331544562373913540e-02 1.346632295446956284e+00 4.422668376306004290e-01 5.520493492832436733e-01 1.548869307263664341e+00
3.822742474916388034e+01 1.320644711638402705e-02 1.357315315311540704e+00 4.390133836788202015e-01 5.564284402323439460e-01 1.568060435409119879e+00
3.852842809364548771e+01 1.308827520553408272e-02 1.367998335176125346e+00 4.352630380604209925e-01 5.608075311814442188e-01 1.586348408570310120e+00
3.882943143812709508e+01 1.296128525731768399e-02 1.378681355040709988e+00 4.310274122456296264e-01 5.651866221305444915e-01 1.603967663043717851e+00
3.913043478260869534e+01 1.282630418188083349e-02 1.389364374905294408e+00 4.263386783706447081e-01 5.695657130796447642e-01 1.621182555447450602e+00
3.943143812709030271e+01 1.268461171026075834e-02 1.400047394769879050e+00 4.212474728712179983e-01 5.739448040287450370e-01 1.638255215744106152e+00
3.973244147157191009e+01 1.253788151439339318e-02 1.410730414634463470e+00 4.158185688404519298e-01 5.783238949778451987e-01 1.655410855383052882e+00
4.003344481605351746e+01 1.238808254942460815e-02 1.421413434499048112e+00 4.101248491761012027e-01 5.827029859269454715e-01 1.672806946262117789e+00
4.033444816053511772e+01 1.223734712928029565e-02 1.432096454363632754e+00 4.042404561851745126e-01 5.870820768760457442e-01 1.690512518856260860e+00
4.063545150501672509e+01 1.208781790229423829e-02 1.442779474228217174e+00 3.982341554009284912e-01 5.914611678251460170e-01 1.708501817226458774e+00
4.093645484949833246e+01 1.194148989902629569e-02 1.453462494092801816e+00 3.921638973819079332e-01 5.958402587742462897e-01 1.726663417004156154e+00
4.123745819397993273e+01 1.180006530204923479e-02 1.464145513957386457e+00 3.860733118041915768e-01 6.002193497233465624e-01 1.744822501873957599e+00
4.153846153846154010e+01 1.166483718113856503e-02 1.474828533821970877e+00 3.799904899440377237e-01 6.045984406724468352e-01 1.762771077366402261e+00
4.183946488294314747e+01 1.153661441451156455e-02 1.485511553686555519e+00 3.739289963962152963e-01 6.089775316215469969e-01 1.780299169116530855e+00
4.214046822742475484e+01 1.141569421010246548e-02 1.496194573551140161e+00 3.678906894561687624e-01 6.133566225706472697e-01 1.797220069581049851e+00
4.244147157190635511e+01 1.130188223520196128e-02 1.506877593415724581e+00 3.618696894362419814e-01 6.177357135197475424e-01 1.813384689556667206e+00
4.274247491638796248e+01 1.119455458823193604e-02 1.517560613280309223e+00 3.558567459282821477e-01 6.221148044688478151e-01 1.828683654015664795e+00
4.304347826086956985e+01 1.109275166960895821e-02 1.528243633144893643e+00 3.498433109360705173e-01 6.264938954179480879e-01 1.843039865856095139e+00
4.334448160535117722e+01 1.099529191586137537e-02 1.538926653009478285e+00 3.438247875887629479e-01 6.308729863670483606e-01 1.856397330055600259e+00
4.364548494983277749e+01 1.090089329420737899e-02 1.549609672874062927e+00 3.378026419331582320e-01 6.352520773161486334e-01 1.868712753681522676e+00
4.394648829431438486e+01 1.080829190788151241e-02 1.560292692738647347e+00 3.317852873538372216e-01 6.396311682652487951e-01 1.879954333841134195e+00
4.424749163879599223e+01 1.071634929599645132e-02 1.570975712603231988e+00 3.257878396279527133e-01 6.440102592143490678e-01 1.890107942338221436e+00
4.454849498327759250e+01 1.062414230538444304e-02 1.581658732467816408e+00 3.198309755585803660e-01 6.483893501634493406e-01 1.899186360508752447e+00
4.484949832775919987e+01 1.053103127548920409e-02 1.592341752332401050e+00 3.139392058901675497e-01 6.527684411125496133e-01 1.907234386071245957e+00
4.515050167224080724e+01 1.043670355953972041e-02 1.603024772196985692e+00 3.081389002758123108e-01 6.571475320616498861e-01 1.914323017058803034e+00
4.545150501672241461e+01 1.034119027841035043e-02 1.613707792061570112e+00 3.024563878977715725e-01 6.615266230107501588e-01 1.920529702715879194e+00
4.575250836120401488e+01 1.024485504368248361e-02 1.624390811926154754e+00 2.969164093667944759e-01 6.659057139598504316e-01 1.925907531063416167e+00
4.605351170568562225e+01 1.014835459389342755e-02 1.635073831790739396e+00 2.915411180445768857e-01 6.702848049089505933e-01 1.930451854936139577e+00
4.635451505016722962e+01 1.005257311021264671e-02 1.645756851655323816e+00 2.863497257015827357e-01 6.746638958580508660e-01 1.934075801320848331e+00
4.665551839464882988e+01 9.958534388939708354e-03 1.656439871519908458e+00 2.813587659417676745e-01 6.790429868071511388e-01 1.936604856236663341e+00
4.695652173913043725e+01 9.867298723119215589e-03 1.667122891384493100e+00 2.765828236589751854e-01 6.834220777562514115e-01 1.937795381286826712e+00
4.725752508361204463e+01 9.779853737312138237e-03 1.677805911249077520e+00 2.720354716691000818e-01 6.878011687053516843e-01 1.937374253566236826e+00
4.755852842809365200e+01 9.697009918349883476e-03 1.688488931113662161e+00 2.677300916023752086e-01 6.921802596544519570e-01 1.935089568066006738e+00
4.785953177257525226e+01 9.619311709504139649e-03 1.699171950978246581e+00 2.636802565106179386e-01 6.965593506035522298e-01 1.930758168775265071e+00
4.816053511705685963e+01 9.546973595259950970e-03 1.709854970842831223e+00 2.598994275072865068e-01 7.009384415526525025e-01 1.924296269986395469e+00
4.846153846153846700e+01 9.479847775205151386e-03 1.720537990707415865e+00 2.563998592522275799e-01 7.053175325017526642e-01 1.915724539737854171e+00
4.876254180602006727e+01 9.417426313499567894e-03 1.731221010572000285e+00 2.531907941215178481e-01 7.096966234508529370e-01 1.905147091332720422e+00
4.906354515050167464e+01 9.358876744999512082e-03 1.741904030436584927e+00 2.502762131255635292e-01 7.140757143999532097e-01 1.892712181176000596e+00
4.936454849498328201e+01 9.303106694894102552e-03 1.752587050301169347e+00 2.476525581800093634e-01 7.184548053490534825e-01 1.878568191511432728e+00
4.966555183946488938e+01 9.248850597797489761e-03 1.763270070165753989e+00 2.453069061648175953e-01 7.228338962981537552e-01 1.862829607886195449e+00
4.996655518394648965e+01 9.194770247566243226e-03 1.773953090030338631e+00 2.432160381798861848e-01 7.272129872472540280e-01 1.845563652608077421e+00
5.026755852842809702e+01 9.139560533491469449e-03 1.784636109894923051e+00 2.413467096923131161e-01 7.315920781963543007e-01 1.826800362826887181e+00
5.056856187290970439e+01 9.082052000541445541e-03 1.795319129759507693e+00 2.396572166071944954e-01 7.359711691454544624e-01 1.806560105027968932e+00
5.086956521739130466e+01 9.021302477158668620e-03 1.806002149624092334e+00 2.381001159855348770e-01 7.403502600945547352e-01 1.784886178439428539e+00
5.117056856187291203e+01 8.956670753053985398e-03 1.816685169488676754e+00 2.366257529056824405e-01 7.447293510436550079e-01 1.761868716356009612e+00
5.147157190635451940e+01 8.887866189130776487e-03 1.827368189353261396e+00 2.351861139129529377e-01 7.491084419927552807e-01 1.737649936850488963e+00
5.177257525083612677e+01 8.814969412501210896e-03 1.838051209217846038e+00 2.337384987466269992e-01 7.534875329418555534e-01 1.712408112438026597e+00
5.207357859531772704e+01 8.738421153846692019e-03 1.848734229082430458e+00 2.322485736024978153e-01 7.578666238909558261e-01 1.686325337097016153e+00
5.237458193979933441e+01 8.658978965333236424e-03 1.859417248947015100e+00 2.306925128054777563e-01 7.622457148400560989e-01 1.659549391706048649e+00
5.267558528428094178e+01 8.577644900042731904e-03 1.870100268811599520e+00 2.290581071497509724e-01 7.666248057891562606e-01 1.632161274621911851e+00
5.297658862876254204e+01 8.495570819432021401e-03 1.880783288676184162e+00 2.273448712402494631e-01 7.710038967382565334e-01 1.604157530654733543e+00
5.327759197324414941e+01 8.413951172920812460e-03 1.891466308540768804e+00 2.255632875815815341e-01 7.753829876873568061e-01 1.575451830571217515e+00
5.357859531772575679e+01 8.333915151672074972e-03 1.902149328405353224e+00 2.237333726402304934e-01 7.797620786364570789e-01 1.545895088075444734e+00
5.387959866220736416e+01 8.256430496481226289e-03 1.912832348269937865e+00 2.218827517251269754e-01 7.841411695855573516e-01 1.515309155306810540e+00
5.418060200668896442e+01 8.182229708619231934e-03 1.923515368134522285e+00 2.200444096433143704e-01 7.885202605346576243e-01 1.483526611926580641e+00
5.448160535117057179e+01 8.111766163061230606e-03 1.934198387999106927e+00 2.182542662743269524e-01 7.928993514837578971e-01 1.450428604754987472e+00
5.478260869565217916e+01 8.045203232684124475e-03 1.944881407863691569e+00 2.165487222179430238e-01 7.972784424328580588e-01 1.415973910300546645e+00
5.508361204013378654e+01 7.982434822210679806e-03 1.955564427728275989e+00 2.149623252941785800e-01 8.016575333819583316e-01 1.380214836543008694e+00
5.538461538461538680e+01 7.923131548135156979e-03 1.966247447592860631e+00 2.135257082022815889e-01 8.060366243310586043e-01 1.343298505505278406e+00
5.568561872909699417e+01 7.866803894063103403e-03 1.976930467457445273e+00 2.122639244603852504e-01 8.104157152801588770e-01 1.305454761000973463e+00
5.598662207357860154e+01 7.812872424035501376e-03 1.987613487322029693e+00 2.111952575950581112e-01 8.147948062292591498e-01 1.266973996884027898e+00
5.628762541806020181e+01 7.760735589724815364e-03 1.998296507186614335e+00 2.103305076050546452e-01 8.191738971783594225e-01 1.228179476581769070e+00
5.658862876254180918e+01 7.709827527855768470e-03 2.008979527051198755e+00 2.096726929889601299e-01 8.235529881274596953e-01 1.189399200482107233e+00
5.688963210702341655e+01 7.659660986261135687e-03 2.019662546915783174e+00 2.092170733894921641e-01 8.279320790765598570e-01 1.150941951491905924e+00
5.719063545150502392e+01 7.609853519756287245e-03 2.030345566780367594e+00 2.089514139855981056e-01 8.323111700256601297e-01 1.113080616980583137e+00
5.749163879598662419e+01 7.560137782494433592e-03 2.041028586644952458e+00 2.088564741596125596e-01 8.366902609747604025e-01 1.076043324442021554e+00
5.779264214046823156e+01 7.510358686753797891e-03 2.051711606509536878e+00 2.089067833395474860e-01 8.410693519238606752e-01 1.040010042707411042e+00
5.809364548494983893e+01 7.460461191648201477e-03 2.062394626374121298e+00 2.090718264350062416e-01 8.454484428729609480e-01 1.005110369911807799e+00
5.839464882943143920e+01 7.410472550581978859e-03 2.073077646238706162e+00 2.093177626802810165e-01 8.498275338220612207e-01 9.714184873979641033e-01
5.869565217391304657e+01 7.360482197499425457e-03 2.083760666103290582e+00 2.096097268644163125e-01 8.542066247711614935e-01 9.389440237644869347e-01
5.899665551839465394e+01 7.310621423580335523e-03 2.094443685967875002e+00 2.099146218614735826e-01 8.585857157202616552e-01 9.076217570360851639e-01
5.929765886287626131e+01 7.261043952978067997e-03 2.105126705832459866e+00 2.102041448651715549e-01 8.629648066693619279e-01 8.773065423391757101e-01
5.959866220735786158e+01 7.211907776151626516e-03 2.115809725697044286e+00 2.104576508879969499e-01 8.673438976184622007e-01 8.477804965778236168e-01
5.989966555183946895e+01 7.163358324334391687e-03 2.126492745561628706e+00 2.106643963831513477e-01 8.717229885675624734e-01 8.187764862064434990e-01
6.020066889632107632e+01 7.115513288339344981e-03 2.137175765426213125e+00 2.108247520135494157e-01 8.761020795166627462e-01 7.900163809396775205e-01
6.050167224080267658e+01 7.068449956776428136e-03 2.147858785290797989e+00 2.109501231399383558e-01 8.804811704657630189e-01 7.612567630449821321e-01
6.080267558528428395e+01 7.022196605139512798e-03 2.158541805155382409e+00 2.110615347066591430e-01 8.848602614148632917e-01 7.323313610576452914e-01
6.110367892976589133e+01 6.976729882788660839e-03 2.169224825019966829e+00 2.111870691634501751e-01 8.892393523639634534e-01 7.031798080691641362e-01
6.140468227424749870e+01 6.931980024854107400e-03 2.179907844884551693e+00 2.113585347680917159e-01 8.936184433130637261e-01 6.738560782201853394e-01
6.170568561872909896e+01 6.887844889236899998e-03 2.190590864749136113e+00 2.116078447212966229e-01 8.979975342621639989e-01 6.445154361510813112e-01
6.200668896321070633e+01 6.844212313343759485e-03 2.201273884613720533e+00 2.119635887015583475e-01 9.023766252112642716e-01 6.153838770038184691e-01
6.230769230769231370e+01 6.800988362476447294e-03 2.211956904478305397e+00 2.124481892425928997e-01 9.067557161603645444e-01 5.867173757830995706e-01
6.260869565217392108e+01 6.758127166652115776e-03 2.222639924342889817e+00 2.130758893720094693e-01 9.111348071094648171e-01 5.587593723899665354e-01
6.290969899665552134e+01 6.715656780719315988e-03 2.233322944207474237e+00 2.138516577402666541e-01 9.155138980585650899e-01 5.317041807791716979e-01
6.321070234113712871e+01 6.673695360831136125e-03 2.244005964072059101e+00 2.147709618574257795e-01 9.198929890076652516e-01 5.056721034241035140e-01
6.351170568561873608e+01 6.632453200625354831e-03 2.254688983936643520e+00 2.158202734722766136e-01 9.242720799567655243e-01 4.806994990146880031e-01
6.381270903010033635e+01 6.592218715945909711e-03 2.265372003801227940e+00 2.169781382338201725e-01 9.286511709058657971e-01 4.567442257421401308e-01
6.411371237458195083e+01 6.553329806911079719e-03 2.276055023665812804e+00 2.182166533039699152e-01 9.330302618549660698e-01 4.337040677562490898e-01
6.441471571906355109e+01 6.516135351554150530e-03 2.286738043530397224e+00 2.195032300900852662e-01 9.374093528040663426e-01 4.114433935830668632e-01
6.471571906354515136e+01 6.480953992295411005e-03 2.297421063394981644e+00 2.208025518916296726e-01 9.417884437531666153e-01 3.898219468322366987e-01
6.501672240802676583e+01 6.448038139073453828e-03 2.308104083259566508e+00 2.220786515546680495e-01 9.461675347022668880e-01 3.687197622886083659e-01
6.531772575250836610e+01 6.417549925296786931e-03 2.318787103124150928e+00 2.232970266092187961e-01 9.505466256513670498e-01 3.480537786231301944e-01
6.561872909698996637e+01 6.389552954318730542e-03 2.329470122988735348e+00 2.244266843456893257e-01 9.549257166004673225e-01 3.277843307515676541e-01
6.591973244147158084e+01 6.364019804999085893e-03 2.340153142853319768e+00 2.254419801164396220e-01 9.593048075495675953e-01 3.079125249534296338e-01
6.622073578595318111e+01 6.340851458505219682e-03 2.350836162717904632e+00 2.263240944329032167e-01 9.636838984986678680e-01 2.884716282985426150e-01
6.652173913043478137e+01 6.319902086926698116e-03 2.361519182582489051e+00 2.270620007119572292e-01 9.680629894477681407e-01 2.695164086865906583e-01
6.682274247491639585e+01 6.301001717805581985e-03 2.372202202447073471e+00 2.276528114019751303e-01 9.724420803968684135e-01 2.511137217761840734e-01
6.712374581939799612e+01 6.283970358493926218e-03 2.382885222311658335e+00 2.281014527985802953e-01 9.768211713459686862e-01 2.333359878430538437e-01
6.742474916387959638e+01 6.268619888390763312e-03 2.393568242176242755e+00 2.284196976396569989e-01 9.812002622950688480e-01 2.162573325395839852e-01
6.772575250836121086e+01 6.254743649673850416e-03 2.404251262040827175e+00 2.286246642332178947e-01 9.855793532441691207e-01 1.999508949220163145e-01
6.802675585284281112e+01 6.242097254359289978e-03 2.414934281905412039e+00 2.287369552551541119e-01 9.899584441932693935e-01 1.844856045700997427e-01
6.832775919732442560e+01 6.230376822205148726e-03 2.425617301769996459e+00 2.287786456599898710e-01 9.943375351423696662e-01 1.699215263129649489e-01
6.862876254180602587e+01 6.219202089343785038e-03 2.436300321634580879e+00 2.287713314164537548e-01 9.987166260914699389e-01 1.563041247464904693e-01
6.892976588628762613e+01 6.208111365065623229e-03 2.446983341499165743e+00 2.287344215938804659e-01 1.003095717040570101e+00 1.436588054049630359e-01
6.923076923076924061e+01 6.196573297014808940e-03 2.457666361363750163e+00 2.286838060044019960e-01 1.007474807989670484e+00 1.319873476837106763e-01
6.953177257525084087e+01 6.184017234510175154e-03 2.468349381228334583e+00 2.286309737943952314e-01 1.011853898938770646e+00 1.212673017929744579e-01
6.983277591973244114e+01 6.169880225257213906e-03 2.479032401092919002e+00 2.285826089153664975e-01 1.016232989887871030e+00 1.114544404505217190e-01
7.013377926421405562e+01 6.153664994048598305e-03 2.489715420957503866e+00 2.285406542634544902e-01 1.020612080836971192e+00 1.024874653184854323e-01
7.043478260869565588e+01 6.135000298692317236e-03 2.500398440822088286e+00 2.285028167089047380e-01 1.024991171786071575e+00 9.429375770180097038e-02
7.073578595317725615e+01 6.113693447356121670e-03 2.511081460686672706e+00 2.284634716319110526e-01 1.029370262735171737e+00 8.679510006296846381e-02
7.103678929765887062e+01 6.089764950867827299e-03 2.521764480551257570e+00 2.284149061017111126e-01 1.033749353684271899e+00 7.991275525094294896e-02
7.133779264214047089e+01 6.063457461116330410e-03 2.532447500415841990e+00 2.283488061151742465e-01 1.038128444633372283e+00 7.357174646517600225e-02
7.163879598662208537e+01 6.035215117388801828e-03 2.543130520280426410e+00 2.282578462945683562e-01 1.042507535582472444e+00 6.770440588385399916e-02
7.193979933110368563e+01 6.005634557073148173e-03 2.553813540145011274e+00 2.281371924710175747e-01 1.046886626531572828e+00 6.225322202157527324e-02
7.224080267558528590e+01 5.975394145933470361e-03 2.564496560009595694e+00 2.279856991932506516e-01 1.051265717480672990e+00 5.717283665299072171e-02
7.254180602006690037e+01 5.945172272620702358e-03 2.575179579874180114e+00 2.278065964018907430e-01 1.055644808429773374e+00 5.243088291130054701e-02
7.284280936454850064e+01 5.915567780162906547e-03 2.585862599738764978e+00 2.276075242811664845e-01 1.060023899378873535e+00 4.800732809386457078e-02
7.314381270903010090e+01 5.887035152565847640e-03 2.596545619603349397e+00 2.273998882526555021e-01 1.064402990327973697e+00 4.389212650480273092e-02
7.344481605351171538e+01 5.859843963967808350e-03 2.607228639467933817e+00 2.271976445289382029e-01 1.068782081277074081e+00 4.008128742787895465e-02
7.374581939799331565e+01 5.834067044670159137e-03 2.617911659332518681e+00 2.270157545531131527e-01 1.073161172226174243e+00 3.657187296243193803e-02
7.404682274247491591e+01 5.809596054768253505e-03 2.628594679197103101e+00 2.268686252331451603e-01 1.077540263175274626e+00 3.335686274588254424e-02
7.434782608695653039e+01 5.786178098243969711e-03 2.639277699061687521e+00 2.267688526129239268e-01 1.081919354124374788e+00 3.042110148219700355e-02
7.464882943143813065e+01 5.763463860725787438e-03 2.649960718926272385e+00 2.267265021482260112e-01 1.086298445073475172e+00 2.773950499709830139e-02
7.494983277591973092e+01 5.741057164453639873e-03 2.660643738790856805e+00 2.267490077064535647e-01 1.090677536022575334e+00 2.527823985135280865e-02
7.525083612040134540e+01 5.718557734059622963e-03 2.671326758655441225e+00 2.268415949011933219e-01 1.095056626971675495e+00 2.299877849925563780e-02
7.555183946488294566e+01 5.695592608255323902e-03 2.682009778520025645e+00 2.270079846097828591e-01 1.099435717920775879e+00 2.086382396929777408e-02
7.585284280936456014e+01 5.671835829192113480e-03 2.692692798384610509e+00 2.272510566270969090e-01 1.103814808869876041e+00 1.884344862834294240e-02
7.615384615384616041e+01 5.647019528031357004e-03 2.703375818249194928e+00 2.275731775245294353e-01 1.108193899818976424e+00 1.691968326780721177e-02
7.645484949832776067e+01 5.620941327133573660e-03 2.714058838113779348e+00 2.279760158568643336e-01 1.112572990768076586e+00 1.508828964988737260e-02
7.675585284280937515e+01 5.593472684083737947e-03 2.724741857978364212e+00 2.284598450726397501e-01 1.116952081717176970e+00 1.335735775908863075e-02
7.705685618729097541e+01 5.564570663015113751e-03 2.735424877842948632e+00 2.290225112927747608e-01 1.121331172666277132e+00 1.174332798766133078e-02
7.735785953177257568e+01 5.534292457705741915e-03 2.746107897707533052e+00 2.296583572697761810e-01 1.125710263615377293e+00 1.026569268351592082e-02
7.765886287625419016e+01 5.502808942759097009e-03 2.756790917572117916e+00 2.303573997520066974e-01 1.130089354564477677e+00 8.941786882232675981e-03
7.795986622073579042e+01 5.470411687401680392e-03 2.767473937436702336e+00 2.311049423879416309e-01 1.134468445513577839e+00 7.782767632114368124e-03
7.826086956521739069e+01 5.437507943271720559e-03 2.778156957301286756e+00 2.318815967074964735e-01 1.138847536462678223e+00 6.791317274106242752e-03
7.856187290969900516e+01 5.404600214890864507e-03 2.788839977165871620e+00 2.326634399420107746e-01 1.143226627411778384e+00 5.961056556898739096e-03
7.886287625418060543e+01 5.372250585901138659e-03 2.799522997030456040e+00 2.334218390367227280e-01 1.147605718360878768e+00 5.277313861225835928e-03
7.916387959866221991e+01 5.341033956158987295e-03 2.810206016895040460e+00 2.341223908513795915e-01 1.151984809309978930e+00 4.718816823791246833e-03
7.946488294314382017e+01 5.311487519407465108e-03 2.820889036759624879e+00 2.347225214521234393e-01 1.156363900259079092e+00 4.259966011476318606e-03
7.976588628762542044e+01 5.284065163214938209e-03 2.831572056624209743e+00 2.351675662578244230e-01 1.160742991208179475e+00 3.873469378588922409e-03
8.006688963210703491e+01 5.259104524508854440e-03 2.842255076488794163e+00 2.353855861141094796e-01 1.165122082157279637e+00 3.533145590942311266e-03
8.036789297658863518e+01 5.236811407725854885e-03 2.852938096353378583e+00 2.352816877049866973e-01 1.169501173106380021e+00 3.216622777501165157e-03
8.066889632107023544e+01 5.217262031276185055e-03 2.863621116217963447e+00 2.347331029470002550e-01 1.173880264055480183e+00 2.907541507952536401e-03
8.096989966555184992e+01 5.200419350123800140e-03 2.874304136082547867e+00 2.335866180717175167e-01 1.178259355004580566e+00 2.596832730861444588e-03
8.127090301003345019e+01 5.186156736296546228e-03 2.884987155947132287e+00 2.316600119771871913e-01 1.182638445953680728e+00 2.282764195567160183e-03
8.157190635451505045e+01 5.174281422752025419e-03 2.895670175811717151e+00 2.287488797860849910e-01 1.187017536902780890e+00 1.969725397803106289e-03
8.187290969899666493e+01 5.164551522129403813e-03 2.906353195676301571e+00 2.246395538975175799e-01 1.191396627851881274e+00 1.666054542179208576e-03
8.217391304347826519e+01 5.156683619759890556e-03 2.917036215540885991e+00 2.191278427830730680e-01 1.195775718800981435e+00 1.381464651555491634e-03
8.247491638795986546e+01 5.150351881788746249e-03 2.927719235405470855e+00 2.120421269671974029e-01 1.200154809750081819e+00 1.124694264555188821e-03
8.277591973244147994e+01 5.145183082040889061e-03 2.938402255270055274e+00 2.032681986126792240e-01 1.204533900699181981e+00 9.018695294188768148e-04
8.307692307692308020e+01 5.140753874276826792e-03 2.949085275134639694e+00 1.927723643795837827e-01 1.208912991648282365e+00 7.157879671443771264e-04
8.337792642140469468e+01 5.136596442748753676e-03 2.959768294999224558e+00 1.806189948818345825e-01 1.213292082597382526e+00 5.660401217873966499e-04
8.367892976588629494e+01 5.132216420290314045e-03 2.970451314863808978e+00 1.669790618660634551e-01 1.217671173546482688e+00 4.496847385566390769e-04
8.397993311036789521e+01 5.127123346042376101e-03 2.981134334728393398e+00 1.521272819243106034e-01 1.222050264495583072e+00 3.621389734468484869e-04
8.428093645484950969e+01 5.120870019647859317e-03 2.991817354592978262e+00 1.364271418268057368e-01 1.226429355444683234e+00 2.980187717464917365e-04
8.458193979933110995e+01 5.113094048626799087e-03 3.002500374457562682e+00 1.203050211006787273e-01 1.230808446393783617e+00 2.517985384370810173e-04
8.488294314381271022e+01 5.103553576273674001e-03 3.013183394322147102e+00 1.042164643706222638e-01 1.235187537342883779e+00 2.182790455450543969e-04
8.518394648829432469e+01 5.092150002786488203e-03 3.023866414186731522e+00 8.860899980440099799e-02 1.239566628291984163e+00 1.929126796719692310e-04
8.548494983277592496e+01 5.078933243630029230e-03 3.034549434051316386e+00 7.388645937530784191e-02 1.243945719241084324e+00 1.720328584155133092e-04
8.578595317725752523e+01 5.064088942456594113e-03 3.045232453915900805e+00 6.037941525075706667e-02 1.248324810190184486e+00 1.529990743865840134e-04
8.608695652173913970e+01 5.047911002846599236e-03 3.055915473780485225e+00 4.832519360257499230e-02 1.252703901139284870e+00 1.342380069938465940e-04
8.638795986622073997e+01 5.030765763713286598e-03 3.066598493645070089e+00 3.785923115857144777e-02 1.257082992088385032e+00 1.151580561083996758e-04
8.668896321070235444e+01 5.013055367387459632e-03 3.077281513509654509e+00 2.901767505898265875e-02 1.261462083037485415e+00 9.594004488416815236e-05
8.698996655518395471e+01 4.995187118540232209e-03 3.087964533374238929e+00 2.174947436264366638e-02 1.265841173986585577e+00 7.724346903926683657e-05
8.729096989966555498e+01 4.977553224614782515e-03 3.098647553238823793e+00 1.593506756348615772e-02 1.270220264935685961e+00 5.989390892821048546e-05
8.759197324414716945e+01 4.960522002586609941e-03 3.109330573103408213e+00 1.140828384012959953e-02 1.274599355884786123e+00 4.461965160867019332e-05
8.789297658862876972e+01 4.944438393465167350e-03 3.120013592967992633e+00 7.978233642935633058e-03 1.278978446833886284e+00 3.188443884175555911e-05
8.819397993311036998e+01 4.929629327013919024e-03 3.130696612832577497e+00 5.448620378640122233e-03 1.283357537782986668e+00 2.182972362227567355e-05
8.849498327759198446e+01 4.916408686669362579e-03 3.141379632697161917e+00 3.632837400697257364e-03 1.287736628732086830e+00 1.430843564071965591e-05
8.879598662207358473e+01 4.905077445131223422e-03 3.152062652561746336e+00 2.364191391966505556e-03 1.292115719681187214e+00 8.973645001940143911e-06
8.909698996655518499e+01 4.895916626107038767e-03 3.162745672426330756e+00 1.501427330206834155e-03 1.296494810630287375e+00 5.382751439258622108e-06
8.939799331103679947e+01 4.889173418955527518e-03 3.173428692290915620e+00 9.303100564870847057e-04 1.300873901579387759e+00 3.087234582501767219e-06
8.969899665551839973e+01 4.885043228497357691e-03 3.184111712155500040e+00 5.623121478208273349e-04 1.305252992528487921e+00 1.692646776892525562e-06
9.000000000000000000e+01 4.883651982174237044e-03 3.194794732020084904e+00 3.315013171848094466e-04 1.309632083477588083e+00 8.869854523923479869e-07
