0.000000000000000000e+00 1.412840362786792377e-02 7.109130009633757297e-04 3.377842260314736222e-01 6.726772071492109761e-05 1.741176544947631966e+00
3.010033444816053727e-01 1.413144629356209367e-02 1.120494204244870326e-02 3.384060361989025267e-01 3.189097787725206357e-03 1.733276588479937486e+00
6.020066889632107454e-01 1.414064745723384378e-02 2.169897108393403079e-02 3.401453811283134954e-01 6.310927854735491616e-03 1.711085344392058838e+00
9.030100334448161181e-01 1.415622440752591950e-02 3.219300012541935485e-02 3.430588105351076722e-01 9.432757921745776875e-03 1.676966453586058448e+00
1.204013377926421491e+00 1.417853138720386041e-02 4.268702916690468585e-02 3.472214772875059641e-01 1.255458798875606213e-02 1.634378073843212320e+00
1.505016722408026864e+00 1.420804607238063989e-02 5.318105820839001685e-02 3.527079286339598885e-01 1.567641805576634739e-02 1.587298370731661690e+00
1.806020066889632236e+00 1.424534800794848011e-02 6.367508724987533397e-02 3.595748238560096399e-01 1.879824812277663265e-02 1.539606355632260337e+00
2.107023411371237387e+00 1.429108778356039805e-02 7.416911629136066497e-02 3.678501838950796188e-01 2.192007818978691791e-02 1.494543338251350661e+00
2.408026755852842982e+00 1.434594696720766123e-02 8.466314533284599597e-02 3.775310368079211054e-01 2.504190825679720317e-02 1.454353746405205872e+00
2.709030100334448576e+00 1.441059056726946667e-02 9.515717437433132697e-02 3.885884166990189459e-01 2.816373832380748843e-02 1.420156101793818904e+00
3.010033444816053727e+00 1.448561565980966033e-02 1.056512034158166580e-01 4.009767754769867354e-01 3.128556839081777369e-02 1.392038378021049017e+00
3.311036789297658878e+00 1.457150131240857183e-02 1.161452324573019751e-01 4.146444994863243694e-01 3.440739845782805895e-02 1.369321517746313166e+00
3.612040133779264472e+00 1.466856562430290598e-02 1.266392614987872922e-01 4.295431147539238714e-01 3.752922852483834421e-02 1.350903562356818188e+00
3.913043478260870067e+00 1.477693531649009427e-02 1.371332905402726232e-01 4.456341326154132920e-01 4.065105859184862946e-02 1.335592176517812701e+00
4.214046822742474774e+00 1.489653182223949629e-02 1.476273195817579542e-01 4.628935450230468041e-01 4.377288865885891472e-02 1.322354534135048443e+00
4.515050167224080369e+00 1.502707549111927804e-02 1.581213486232432852e-01 4.813143481749999619e-01 4.689471872586919998e-02 1.310451286251385294e+00
4.816053511705685963e+00 1.516810678723612762e-02 1.686153776647286162e-01 5.009072852679060661e-01 5.001654879287948524e-02 1.299461272520398003e+00
5.117056856187291558e+00 1.531902080221996670e-02 1.791094067062139472e-01 5.216996784482839100e-01 5.313837885988977050e-02 1.289232109273947602e+00
5.418060200668897153e+00 1.547910955228684257e-02 1.896034357476992782e-01 5.437321410096550567e-01 5.626020892690005576e-02 1.279801299229002431e+00
5.719063545150501859e+00 1.564760575962442432e-02 2.000974647891846092e-01 5.670532079417155424e-01 5.938203899391034102e-02 1.271324032453652775e+00
6.020066889632107454e+00 1.582372225015408682e-02 2.105914938306699402e-01 5.917122781267141196e-01 6.250386906092061934e-02 1.264025053907722018e+00
6.321070234113713049e+00 1.600668257300894709e-02 2.210855228721552435e-01 6.177513912134390273e-01 6.562569912793089766e-02 1.258172798628563793e+00
6.622073578595317755e+00 1.619574057296880448e-02 2.315795519136405745e-01 6.451960685347088997e-01 6.874752919494120373e-02 1.254062140231547939e+00
6.923076923076923350e+00 1.639018891361485042e-02 2.420735809551259055e-01 6.740448344579512696e-01 7.186935926195148205e-02 1.251990494525054842e+00
7.224080267558528945e+00 1.658935845373047530e-02 2.525676099966112087e-01 7.042564961759353315e-01 7.499118932896176037e-02 1.252218867404030878e+00
7.525083612040134540e+00 1.679261155154270282e-02 2.630616390380965397e-01 7.357342869277119224e-01 7.811301939597203869e-02 1.254920044605318141e+00
7.826086956521740134e+00 1.699933264995766996e-02 2.735556680795818707e-01 7.683068785046031079e-01 8.123484946298234477e-02 1.260125324369171018e+00
8.127090301003345729e+00 1.720891894808940226e-02 2.840496971210672017e-01 8.017079596571730082e-01 8.435667952999262309e-02 1.267685332621923955e+00
8.428093645484949548e+00 1.742077284306707205e-02 2.945437261625525327e-01 8.355580698174146503e-01 8.747850959700290141e-02 1.277258414028575872e+00
8.729096989966555142e+00 1.763429648615752812e-02 3.050377552040378637e-01 8.693539777638069621e-01 9.060033966401317973e-02 1.288333254875436484e+00
9.030100334448160737e+00 1.784888759719149148e-02 3.155317842455231947e-01 9.024714740238490851e-01 9.372216973102348581e-02 1.300283751957849621e+00
9.331103678929766332e+00 1.806393489914384642e-02 3.260258132870085257e-01 9.341866146156765360e-01 9.684399979803376413e-02 1.312446856163158149e+00
9.632107023411371927e+00 1.827881131764862166e-02 3.365198423284938567e-01 9.637180720354985297e-01 9.996582986504404245e-02 1.324210182865242835e+00
9.933110367892977521e+00 1.849286344502608717e-02 3.470138713699791877e-01 9.902893886398886902e-01 1.030876599320543208e-01 1.335095745306151827e+00
1.023411371237458312e+01 1.870539658669616995e-02 3.575079004114645187e-01 1.013204962524055786e+00 1.062094899990646268e-01 1.344827875996289279e+00
1.053511705685618871e+01 1.891565581102007745e-02 3.680019294529498497e-01 1.031928444309324400e+00 1.093313200660749052e-01 1.353375565370073863e+00
1.083612040133779431e+01 1.912280460996683071e-02 3.784959584944351807e-01 1.046148482517090139e+00 1.124531501330851835e-01 1.360961364256518591e+00
1.113712374581939812e+01 1.932590385870976146e-02 3.889899875359205117e-01 1.055816377331937117e+00 1.155749802000954618e-01 1.368031519466148538e+00
1.143812709030100372e+01 1.952389457997179625e-02 3.994840165774058427e-01 1.061144589324165555e+00 1.186968102671057679e-01 1.375186831567954515e+00
1.173913043478260931e+01 1.971558845141889102e-02 4.099780456188911737e-01 1.062563952662884947e+00 1.218186403341160462e-01 1.383081697639639618e+00
1.204013377926421491e+01 1.989966995110141468e-02 4.204720746603765047e-01 1.060648422911993016e+00 1.249404704011263245e-01 1.392308455189635641e+00
1.234113712374582050e+01 2.007471345698146753e-02 4.309661037018617802e-01 1.056025258490109531e+00 1.280623004681366028e-01 1.403291608891072739e+00
1.264214046822742610e+01 2.023921748059835310e-02 4.414601327433471112e-01 1.049291908504852433e+00 1.311841305351468812e-01 1.416217337633739470e+00
1.294314381270903169e+01 2.039165655642695765e-02 4.519541617848324422e-01 1.040956977863951138e+00 1.343059606021571872e-01 1.431015561532376523e+00
1.324414715719063551e+01 2.053054923879756369e-02 4.624481908263177732e-01 1.031413117938858814e+00 1.374277906691674656e-01 1.447396670605280766e+00
1.354515050167224111e+01 2.065453837953204128e-02 4.729422198678031042e-01 1.020938756348005239e+00 1.405496207361777439e-01 1.464928524206871696e+00
1.384615384615384670e+01 2.076247766053337246e-02 4.834362489092884352e-01 1.009717882277030521e+00 1.436714508031880499e-01 1.483128468137619560e+00
1.414715719063545230e+01 2.085351658201261074e-02 4.939302779507737662e-01 9.978653754387659669e-01 1.467932808701983283e-01 1.501544401360750625e+00
1.444816053511705789e+01 2.092717510552762755e-02 5.044243069922590417e-01 9.854491723444883666e-01 1.499151109372086066e-01 1.519807986813914491e+00
1.474916387959866348e+01 2.098339919717520305e-02 5.149183360337443727e-01 9.725068385985126129e-01 1.530369410042188849e-01 1.537656893440178640e+00
1.505016722408026908e+01 2.102258974311521644e-02 5.254123650752297037e-01 9.590590811527177628e-01 1.561587710712291632e-01 1.554934553688923193e+00
1.535117056856187467e+01 2.104559965694655088e-02 5.359063941167150347e-01 9.451240026406816375e-01 1.592806011382394693e-01 1.571580294366010655e+00
1.565217391304348027e+01 2.105369720130267214e-02 5.464004231582003657e-01 9.307335714817863703e-01 1.624024312052497476e-01 1.587619276130177726e+00
1.595317725752508409e+01 2.104849717035358822e-02 5.568944521996856967e-01 9.159500176373852609e-01 1.655242612722600259e-01 1.603154218116014107e+00
1.625418060200669146e+01 2.103186510135070589e-02 5.673884812411710277e-01 9.008773549513477974e-01 1.686460913392703320e-01 1.618354837875070285e+00
1.655518394648829528e+01 2.100580259122222446e-02 5.778825102826563587e-01 8.856635709500932929e-01 1.717679214062806103e-01 1.633439981034195521e+00
1.685618729096989910e+01 2.097232369401233823e-02 5.883765393241416897e-01 8.704919433283839769e-01 1.748897514732908887e-01 1.648651383957795202e+00
1.715719063545150647e+01 2.093333306208625816e-02 5.988705683656270207e-01 8.555637228916419534e-01 1.780115815403011670e-01 1.664223476769786991e+00
1.745819397993311028e+01 2.089051597908077665e-02 6.093645974071123517e-01 8.410770891845696928e-01 1.811334116073114453e-01 1.680356586069080782e+00
1.775919732441471766e+01 2.084524891283443329e-02 6.198586264485976827e-01 8.272077319924410199e-01 1.842552416743217514e-01 1.697199549958000375e+00
1.806020066889632147e+01 2.079853700502680078e-02 6.303526554900830137e-01 8.140948264881286978e-01 1.873770717413320297e-01 1.714843478330388082e+00
1.836120401337792885e+01 2.075098235068016314e-02 6.408466845315683447e-01 8.018336478222558572e-01 1.904989018083423080e-01 1.733324285064773429e+00
1.866220735785953266e+01 2.070278429295856551e-02 6.513407135730536757e-01 7.904738501047550159e-01 1.936207318753526141e-01 1.752630101637850046e+00
1.896321070234114003e+01 2.065377045923444746e-02 6.618347426145390067e-01 7.800212942919725334e-01 1.967425619423628924e-01 1.772710969932082881e+00
1.926421404682274385e+01 2.060345499140794553e-02 6.723287716560243377e-01 7.704414059647709534e-01 1.998643920093731707e-01 1.793490659122123132e+00
1.956521739130434767e+01 2.055111842121847346e-02 6.828228006975096687e-01 7.616630668142777560e-01 2.029862220763834491e-01 1.814882030366595345e+00
1.986622073578595504e+01 2.049590195828088907e-02 6.933168297389949997e-01 7.535834200211890543e-01 2.061080521433937274e-01 1.836806899177067631e+00
2.016722408026755886e+01 2.043690769620658612e-02 7.038108587804803307e-01 7.460749955883025919e-01 2.092298822104040334e-01 1.859218757733551941e+00
2.046822742474916623e+01 2.037329556963684771e-02 7.143048878219656617e-01 7.389965623740891720e-01 2.123517122774143118e-01 1.882122877434286634e+00
2.076923076923077005e+01 2.030436801900508195e-02 7.247989168634509927e-01 7.322077575026378904e-01 2.154735423444245901e-01 1.905584969138606422e+00
2.107023411371237742e+01 2.022963441495304743e-02 7.352929459049363237e-01 7.255852036224305079e-01 2.185953724114348962e-01 1.929719307134877271e+00
2.137123745819398124e+01 2.014884941664155452e-02 7.457869749464216547e-01 7.190356500959452779e-01 2.217172024784451745e-01 1.954652381929541827e+00
2.167224080267558861e+01 2.006202245359308550e-02 7.562810039879069857e-01 7.125011145589282835e-01 2.248390325454554528e-01 1.980468731485275580e+00
2.197324414715719243e+01 1.996939907804562084e-02 7.667750330293923167e-01 7.059529170794761610e-01 2.279608626124657311e-01 2.007157511432410057e+00
2.227424749163879625e+01 1.987141850206333715e-02 7.772690620708776477e-01 6.993754333843585913e-01 2.310826926794760094e-01 2.034584353178877869e+00
2.257525083612040362e+01 1.976865459579471920e-02 7.877630911123629787e-01 6.927446021019787459e-01 2.342045227464863155e-01 2.062506949882473073e+00
2.287625418060200744e+01 1.966174942027794012e-02 7.982571201538483097e-01 6.860085901795701657e-01 2.373263528134965938e-01 2.090634583027374926e+00
2.317725752508361481e+01 1.955134863704737630e-02 8.087511491953336407e-01 6.790773349192941177e-01 2.404481828805068722e-01 2.118709466025725074e+00
2.347826086956521863e+01 1.943804681671421758e-02 8.192451782368189717e-01 6.718243741044837014e-01 2.435700129475171782e-01 2.146573704163228680e+00
2.377926421404682600e+01 1.932234803694080072e-02 8.297392072783043027e-01 6.641002176338640650e-01 2.466918430145274566e-01 2.174189131056393443e+00
2.408026755852842982e+01 1.920464378378479095e-02 8.402332363197896337e-01 6.557534463108407596e-01 2.498136730815377349e-01 2.201598214411922605e+00
2.438127090301003363e+01 1.908520678184118247e-02 8.507272653612748536e-01 6.466546792017973111e-01 2.529355031485480132e-01 2.228842630705476946e+00
2.468227424749164101e+01 1.896419670589339843e-02 8.612212944027601846e-01 6.367190944513705375e-01 2.560573332155582915e-01 2.255877665128097842e+00
2.498327759197324482e+01 1.884167231985773780e-02 8.717153234442455156e-01 6.259241587932202755e-01 2.591791632825685698e-01 2.282524662479498367e+00
2.528428093645485220e+01 1.871760468801801983e-02 8.822093524857308466e-01 6.143197957654416008e-01 2.623009933495788482e-01 2.308488681523155339e+00
2.558528428093645601e+01 1.859188758395025759e-02 8.927033815272161776e-01 6.020285331994806866e-01 2.654228234165891820e-01 2.333441451405709799e+00
2.588628762541806339e+01 1.846434362860425657e-02 9.031974105687015086e-01 5.892340224900979306e-01 2.685446534835994603e-01 2.357142203829607041e+00
2.618729096989966720e+01 1.833472735070837412e-02 9.136914396101868396e-01 5.761583251371564796e-01 2.716664835506097386e-01 2.379551493033444931e+00
2.648829431438127102e+01 1.820272856281242649e-02 9.241854686516721706e-01 5.630312299010364896e-01 2.747883136176200169e-01 2.400891868774214455e+00
2.678929765886287839e+01 1.806798059639082646e-02 9.346794976931575016e-01 5.500574570465169844e-01 2.779101436846302953e-01 2.421624940509553348e+00
2.709030100334448221e+01 1.793007771987658108e-02 9.451735267346428326e-01 5.373886575390300901e-01 2.810319737516405736e-01 2.442342384790650467e+00
2.739130434782608958e+01 1.778860449423432313e-02 9.556675557761281636e-01 5.251060526784261384e-01 2.841538038186508519e-01 2.463599668619766536e+00
2.769230769230769340e+01 1.764317724743968280e-02 9.661615848176134946e-01 5.132168208059147974e-01 2.872756338856611857e-01 2.485744004205240554e+00
2.799331103678930077e+01 1.749349485245662097e-02 9.766556138590988256e-01 5.016640175415761904e-01 2.903974639526714641e-01 2.508792218074619829e+00
2.829431438127090459e+01 1.733939324622940648e-02 9.871496429005841566e-01 4.903469958760802716e-01 2.935192940196817424e-01 2.532396586234214819e+00
2.859531772575251196e+01 1.718089624080266359e-02 9.976436719420694876e-01 4.791475578316835571e-01 2.966411240866920207e-01 2.555904110636046944e+00
2.889632107023411578e+01 1.701825457061246008e-02 1.008137700983554819e+00 4.679564800719303030e-01 2.997629541537022990e-01 2.578482002560713138e+00
2.919732441471571960e+01 1.685196594198737699e-02 1.018631730025040039e+00 4.566954345678996274e-01 3.028847842207125773e-01 2.599264538197686658e+00
2.949832775919732697e+01 1.668277097148926358e-02 1.029125759066525259e+00 4.453305227006610911e-01 3.060066142877228557e-01 2.617480857456461862e+00
2.979933110367893079e+01 1.651162295646528208e-02 1.039619788108010923e+00 4.338755451025852472e-01 3.091284443547331340e-01 2.632544113224642324e+00
3.010033444816053816e+01 1.633963290780778704e-02 1.050113817149496143e+00 4.223854778103207086e-01 3.122502744217434123e-01 2.644105316413169149e+00
3.040133779264214198e+01 1.616799464367439307e-02 1.060607846190981363e+00 4.109428709217773368e-01 3.153721044887537461e-01 2.652086494022683372e+00
3.070234113712374935e+01 1.599789749748883189e-02 1.071101875232466583e+00 3.996413172200916630e-01 3.184939345557640245e-01 2.656702777258225456e+00
3.100334448160535317e+01 1.583043595709224954e-02 1.081595904273952247e+00 3.885702248065444619e-01 3.216157646227743028e-01 2.658468444269193043e+00
3.130434782608696054e+01 1.566652610513453309e-02 1.092089933315437467e+00 3.778038616536687488e-01 3.247375946897845811e-01 2.658170311994351387e+00
3.160535117056856436e+01 1.550683802309598368e-02 1.102583962356922687e+00 3.673956193820868688e-01 3.278594247567948594e-01 2.656792872912229875e+00
3.190635451505016817e+01 1.535175146239191844e-02 1.113077991398407907e+00 3.573766091285300317e-01 3.309812548238051377e-01 2.655393969485275729e+00
3.220735785953177555e+01 1.520133932430703209e-02 1.123572020439893571e+00 3.477568545490174468e-01 3.341030848908154161e-01 2.654949757318359804e+00
3.250836120401338292e+01 1.505538018222640946e-02 1.134066049481378791e+00 3.385277134764573814e-01 3.372249149578257499e-01 2.656202373128529359e+00
3.280936454849498318e+01 1.491339764850791588e-02 1.144560078522864011e+00 3.296652684586819926e-01 3.403467450248360282e-01 2.659545785061304013e+00
3.311036789297659055e+01 1.477472127617829659e-02 1.155054107564349231e+00 3.211353801506024452e-01 3.434685750918463065e-01 2.664974417820458186e+00
3.341137123745819792e+01 1.463856129585029697e-02 1.165548136605834895e+00 3.129011161263857699e-01 3.465904051588565848e-01 2.672100896895714062e+00
3.371237458193979819e+01 1.450408812886884793e-02 1.176042165647320115e+00 3.049321856543918963e-01 3.497122352258668632e-01 2.680231315162822536e+00
3.401337792642140556e+01 1.437050745381238115e-02 1.186536194688805335e+00 2.972144156817874694e-01 3.528340652928771415e-01 2.688474739548287307e+00
3.431438127090301293e+01 1.423712263007669183e-02 1.197030223730290555e+00 2.897562028872438522e-01 3.559558953598874198e-01 2.695860602595742783e+00
3.461538461538462030e+01 1.410337832488415058e-02 1.207524252771776219e+00 2.825890892311269664e-01 3.590777254268976981e-01 2.701442158385618519e+00
3.491638795986622057e+01 1.396888193470319228e-02 1.218018281813261439e+00 2.757612547754864085e-01 3.621995554939079764e-01 2.704373288766360961e+00
3.521739130434782794e+01 1.383340243838666363e-02 1.228512310854746659e+00 2.693251398951060360e-01 3.653213855609183103e-01 2.703955974459069544e+00
3.551839464882943531e+01 1.369684924540124325e-02 1.239006339896231879e+00 2.633225279862456136e-01 3.684432156279285886e-01 2.699663515352114906e+00
3.581939799331104268e+01 1.355923602752451794e-02 1.249500368937717543e+00 2.577713342238066030e-01 3.715650456949388669e-01 2.691148158021568371e+00
3.612040133779264295e+01 1.342063615594887502e-02 1.259994397979202763e+00 2.526577435968582197e-01 3.746868757619491452e-01 2.678240929354251065e+00
3.642140468227425032e+01 1.328113703747851350e-02 1.270488427020687983e+00 2.479355720362757254e-01 3.778087058289594236e-01 2.660947576902515710e+00
3.672240802675585769e+01 1.314080031271893344e-02 1.280982456062173203e+00 2.435325474818081093e-01 3.809305358959697019e-01 2.639439892021195888e+00
3.702341137123745796e+01 1.299963362869323985e-02 1.291476485103658867e+00 2.393614190307950806e-01 3.840523659629799802e-01 2.614038513537895625e+00
3.732441471571906533e+01 1.285757771843726131e-02 1.301970514145144087e+00 2.353329346806632971e-01 3.871741960299903140e-01 2.585182794495147096e+00
3.762541806020067270e+01 1.271451008637954766e-02 1.312464543186629307e+00 2.313679132279483630e-01 3.902960260970005923e-01 2.553385548469221611e+00
3.792642140468228007e+01 1.257026404452409561e-02 1.322958572228114527e+00 2.274066152592469081e-01 3.934178561640108707e-01 2.519174758177431528e+00
3.822742474916388034e+01 1.242465952920103998e-02 1.333452601269600191e+00 2.234148652843527261e-01 3.965396862310211490e-01 2.483029464325999580e+00
3.852842809364548771e+01 1.227754039291713631e-02 1.343946630311085411e+00 2.193873026224905931e-01 3.996615162980314273e-01 2.445321559723068194e+00
3.882943143812709508e+01 1.212881198569340686e-02 1.354440659352570631e+00 2.153483415756227426e-01 4.027833463650417056e-01 2.406277335424250374e+00
3.913043478260869534e+01 1.197847297285780689e-02 1.364934688394055851e+00 2.113508969471508125e-01 4.059051764320519839e-01 2.365970778816710141e+00
3.943143812709030271e+01 1.182663647980119505e-02 1.375428717435541071e+00 2.074721140563200172e-01 4.090270064990622623e-01 2.324354241534384080e+00
3.973244147157191009e+01 1.167353762789418228e-02 1.385922746477026735e+00 2.038049137062785676e-01 4.121488365660725406e-01 2.281322378408024321e+00
4.003344481605351746e+01 1.151952698377910721e-02 1.396416775518511955e+00 2.004446773084628264e-01 4.152706666330828744e-01 2.236795152534052811e+00
4.033444816053511772e+01 1.136505192811431905e-02 1.406910804559997175e+00 1.974719299926644689e-01 4.183924967000931527e-01 2.190798846496182062e+00
4.063545150501672509e+01 1.121062997356526633e-02 1.417404833601482395e+00 1.949339006420544307e-01 4.215143267671034311e-01 2.143523132551057753e+00
4.093645484949833246e+01 1.105681921379726360e-02 1.427898862642968059e+00 1.928294185765069835e-01 4.246361568341137094e-01 2.095337840650871808e+00
4.123745819397993273e+01 1.090419112337108302e-02 1.438392891684453279e+00 1.911018552752132282e-01 4.277579869011239877e-01 2.046763205176560518e+00
4.153846153846154010e+01 1.075330984392620579e-02 1.448886920725938499e+00 1.896433241246685830e-01 4.308798169681342660e-01 1.998398696713642231e+00
4.183946488294314747e+01 1.060472012240615443e-02 1.459380949767423719e+00 1.883104124096760534e-01 4.340016470351445443e-01 1.950824782024516590e+00
4.214046822742475484e+01 1.045894365197528632e-02 1.469874978808909383e+00 1.869482776723425943e-01 4.371234771021548782e-01 1.904497181382966531e+00
4.244147157190635511e+01 1.031648125341280177e-02 1.480369007850394603e+00 1.854172371162290389e-01 4.402453071691651565e-01 1.859654153938169685e+00
4.274247491638796248e+01 1.017781665743616552e-02 1.490863036891879823e+00 1.836150861657128708e-01 4.433671372361754348e-01 1.816254859822649781e+00
4.304347826086956985e+01 1.004341700378177070e-02 1.501357065933365043e+00 1.814897603179344288e-01 4.464889673031857131e-01 1.773961902457517503e+00
4.334448160535117722e+01 9.913725730729652103e-03 1.511851094974850707e+00 1.790402012533945653e-01 4.496107973701959915e-01 1.732174350063497403e+00
4.364548494983277749e+01 9.789145192505186235e-03 1.522345124016335927e+00 1.763072152552603855e-01 4.527326274372062698e-01 1.690109257574951451e+00
4.394648829431438486e+01 9.670008770624311661e-03 1.532839153057821147e+00 1.733591715964095947e-01 4.558544575042165481e-01 1.646920719026788493e+00
4.424749163879599223e+01 9.556544929742371783e-03 1.543333182099306367e+00 1.702783224514973215e-01 4.589762875712268264e-01 1.601837349336266536e+00
4.454849498327759250e+01 9.448838043312023441e-03 1.553827211140792031e+00 1.671519591237168034e-01 4.620981176382371047e-01 1.554294018630273388e+00
4.484949832775919987e+01 9.346792377222796003e-03 1.564321240182277251e+00 1.640692989380796996e-01 4.652199477052474386e-01 1.504033601250009955e+00
4.515050167224080724e+01 9.250106033942755851e-03 1.574815269223762471e+00 1.611215151642949317e-01 4.683417777722577169e-01 1.451160093918163918e+00
4.545150501672241461e+01 9.158260817869631060e-03 1.585309298265247691e+00 1.584004073396302337e-01 4.714636078392679952e-01 1.396134387051696235e+00
4.575250836120401488e+01 9.070532020587360883e-03 1.595803327306733355e+00 1.559918923996959361e-01 4.745854379062782735e-01 1.339715301545680859e+00
4.605351170568562225e+01 8.986019388454419277e-03 1.606297356348218575e+00 1.539635491773458376e-01 4.777072679732885518e-01 1.282857950426304239e+00
4.635451505016722962e+01 8.903697508427649288e-03 1.616791385389703795e+00 1.523493969332948839e-01 4.808290980402988302e-01 1.226586987734858525e+00
4.665551839464882988e+01 8.822481059038196280e-03 1.627285414431189015e+00 1.511378687156895440e-01 4.839509281073091085e-01 1.171863869252767643e+00
4.695652173913043725e+01 8.741298295129389453e-03 1.637779443472674679e+00 1.502689311354916957e-01 4.870727581743194423e-01 1.119466444840918395e+00
4.725752508361204463e+01 8.659165100660032310e-03 1.648273472514159899e+00 1.496432334329562963e-01 4.901945882413297206e-01 1.069897618360695857e+00
4.755852842809365200e+01 8.575252089484069681e-03 1.658767501555645119e+00 1.491413839315233747e-01 4.933164183083399990e-01 1.023337578322745411e+00
4.785953177257525226e+01 8.488938477780882258e-03 1.669261530597130339e+00 1.486472923874289642e-01 4.964382483753502773e-01 9.796497162224789834e-01
4.816053511705685963e+01 8.399848515173854654e-03 1.679755559638616003e+00 1.480680882799285114e-01 4.995600784423605556e-01 9.384420980267385026e-01
4.846153846153846700e+01 8.307868728116203985e-03 1.690249588680101223e+00 1.473451214651761154e-01 5.026819085093708894e-01 8.991743790733192077e-01
4.876254180602006727e+01 8.213146631096004610e-03 1.700743617721586443e+00 1.464548428720471029e-01 5.058037385763811677e-01 8.612874299587499616e-01
4.906354515050167464e+01 8.116073476782934004e-03 1.711237646763071663e+00 1.454026337027424509e-01 5.089255686433914461e-01 8.243247317036501709e-01
4.936454849498328201e+01 8.017254756660131820e-03 1.721731675804556883e+00 1.442147274309029670e-01 5.120473987104017244e-01 7.880152382304761449e-01
4.966555183946488938e+01 7.917472430305714723e-03 1.732225704846042547e+00 1.429324273720357086e-01 5.151692287774120027e-01 7.522980369059569794e-01
4.996655518394648965e+01 7.817642358390941570e-03 1.742719733887527767e+00 1.416097622622589647e-01 5.182910588444222810e-01 7.172866099062481515e-01
5.026755852842809702e+01 7.718769412896160295e-03 1.753213762929012987e+00 1.403125111338807962e-01 5.214128889114325593e-01 6.831886498559986975e-01
5.056856187290970439e+01 7.621901601226953142e-03 1.763707791970498207e+00 1.391149999131971737e-01 5.245347189784428377e-01 6.502098153184441287e-01
5.086956521739130466e+01 7.528083628440319398e-03 1.774201821011983871e+00 1.380919354931656184e-01 5.276565490454532270e-01 6.184725432729452077e-01
5.117056856187291203e+01 7.438309898660740160e-03 1.784695850053469091e+00 1.373051615263044534e-01 5.307783791124635053e-01 5.879737711965459246e-01
5.147157190635451940e+01 7.353477130509205630e-03 1.795189879094954311e+00 1.367881543506663800e-01 5.339002091794737836e-01 5.585911942487590265e-01
5.177257525083612677e+01 7.274337462689323131e-03 1.805683908136439531e+00 1.365329387274552553e-01 5.370220392464840620e-01 5.301314634415187355e-01
5.207357859531772704e+01 7.201453935690250129e-03 1.816177937177925195e+00 1.364841738342765232e-01 5.401438693134943403e-01 5.024007559613106189e-01
5.237458193979933441e+01 7.135161248590629092e-03 1.826671966219410415e+00 1.365435202540606907e-01 5.432656993805046186e-01 4.752724123643167209e-01
5.267558528428094178e+01 7.075535395744729505e-03 1.837165995260895635e+00 1.365846728077506622e-01 5.463875294475148969e-01 4.487294054872402738e-01
5.297658862876254204e+01 7.022375947455391891e-03 1.847660024302380855e+00 1.364764599901540920e-01 5.495093595145251752e-01 4.228698199745841158e-01
5.327759197324414941e+01 6.975204236388138704e-03 1.858154053343866519e+00 1.361089752915926876e-01 5.526311895815354536e-01 3.978771487389785033e-01
5.357859531772575679e+01 6.933279575133645227e-03 1.868648082385351739e+00 1.354164922821548822e-01 5.557530196485457319e-01 3.739687675757599750e-01
5.387959866220736416e+01 6.895634014902459787e-03 1.879142111426836959e+00 1.343913522373026415e-01 5.588748497155560102e-01 3.513411991771272502e-01
5.418060200668896442e+01 6.861124301278425514e-03 1.889636140468322179e+00 1.330851241211308822e-01 5.619966797825662885e-01 3.301284043244882005e-01
5.448160535117057179e+01 6.828497862020819521e-03 1.900130169509807843e+00 1.315966254502869415e-01 5.651185098495765669e-01 3.103814178039649985e-01
5.478260869565217916e+01 6.796468124864739162e-03 1.910624198551293063e+00 1.300499118040124857e-01 5.682403399165868452e-01 2.920684495711281525e-01
5.508361204013378654e+01 6.763793400818026054e-03 1.921118227592778283e+00 1.285679944186374213e-01 5.713621699835971235e-01 2.750883321994634922e-01
5.538461538461538680e+01 6.729353091103947720e-03 1.931612256634263503e+00 1.272489914700339619e-01 5.744840000506075128e-01 2.592890647631613810e-01
5.568561872909699417e+01 6.692215112741451213e-03 1.942106285675749167e+00 1.261503980967164373e-01 5.776058301176177912e-01 2.444864222489781802e-01
5.598662207357860154e+01 6.651689149197679944e-03 1.952600314717234387e+00 1.252845612254653018e-01 5.807276601846280695e-01 2.304822284047828851e-01
5.628762541806020181e+01 6.607361529691022778e-03 1.963094343758719607e+00 1.246251304419272732e-01 5.838494902516383478e-01 2.170846221939419507e-01
5.658862876254180918e+01 6.559109104181185847e-03 1.973588372800204827e+00 1.241212521099841898e-01 5.869713203186486261e-01 2.041317209434601321e-01
5.688963210702341655e+01 6.507091274386106287e-03 1.984082401841690491e+00 1.237144569926952320e-01 5.900931503856589044e-01 1.915162524126588495e-01
5.719063545150502392e+01 6.451721217505350207e-03 1.994576430883175711e+00 1.233530475382598884e-01 5.932149804526691828e-01 1.792047485907082571e-01
5.749163879598662419e+01 6.393619143950758990e-03 2.005070459924660931e+00 1.230002790509597266e-01 5.963368105196794611e-01 1.672437745271043164e-01
5.779264214046823156e+01 6.333552003275322827e-03 2.015564488966146151e+00 1.226351782212704716e-01 5.994586405866897394e-01 1.557487291452452904e-01
5.809364548494983893e+01 6.272365236205596113e-03 2.026058518007631815e+00 1.222475167181632516e-01 6.025804706537000177e-01 1.448767444531212090e-01
5.839464882943143920e+01 6.210912826075790961e-03 2.036552547049117035e+00 1.218302834741620960e-01 6.057023007207102960e-01 1.347910471609022331e-01
5.869565217391304657e+01 6.149991931879050105e-03 2.047046576090602255e+00 1.213733545655426710e-01 6.088241307877205744e-01 1.256268530266486938e-01
5.899665551839465394e+01 6.090287755108770434e-03 2.057540605132087475e+00 1.208609378317725275e-01 6.119459608547308527e-01 1.174673322013817384e-01
5.929765886287626131e+01 6.032333055674211734e-03 2.068034634173573139e+00 1.202733690082575246e-01 6.150677909217411310e-01 1.103336409756120878e-01
5.959866220735786158e+01 5.976485030377607678e-03 2.078528663215058359e+00 1.195918660051509125e-01 6.181896209887514093e-01 1.041879946793421996e-01
5.989966555183946895e+01 5.922920318842565118e-03 2.089022692256543579e+00 1.188037088419686832e-01 6.213114510557616876e-01 9.894544982543823641e-02
6.020066889632107632e+01 5.871646968068904016e-03 2.099516721298028799e+00 1.179053751768535663e-01 6.244332811227719660e-01 9.448923271297521298e-02
6.050167224080267658e+01 5.822530527486771516e-03 2.110010750339514463e+00 1.169022762454387937e-01 6.275551111897823553e-01 9.068547334100390822e-02
6.080267558528428395e+01 5.775330270440657242e-03 2.120504779380999683e+00 1.158053658392458329e-01 6.306769412567926336e-01 8.739491493872660055e-02
6.110367892976589133e+01 5.729740964807385553e-03 2.130998808422484903e+00 1.146263424609088449e-01 6.337987713238029119e-01 8.448071884411803567e-02
6.140468227424749870e+01 5.685435655265023633e-03 2.141492837463970123e+00 1.133738266079541562e-01 6.369206013908131903e-01 8.181262583715484538e-02
6.170568561872909896e+01 5.642105479033581589e-03 2.151986866505455787e+00 1.120524578476134320e-01 6.400424314578234686e-01 7.926858223540106385e-02
6.200668896321070633e+01 5.599493446404514574e-03 2.162480895546941007e+00 1.106654440537817030e-01 6.431642615248337469e-01 7.673556950264989740e-02
6.230769230769231370e+01 5.557420175322155646e-03 2.172974924588426227e+00 1.092192957826984417e-01 6.462860915918440252e-01 7.411163726662481355e-02
6.260869565217392108e+01 5.515800588447425726e-03 2.183468953629911447e+00 1.077281640127829426e-01 6.494079216588543035e-01 7.131074511764760870e-02
6.290969899665552134e+01 5.474651427481914100e-03 2.193962982671397111e+00 1.062151280631496164e-01 6.525297517258645819e-01 6.827080793572437578e-02
6.321070234113712871e+01 5.434090053519964429e-03 2.204457011712882331e+00 1.047091433224757312e-01 6.556515817928748602e-01 6.496351984404524771e-02
6.351170568561873608e+01 5.394325398707742331e-03 2.214951040754367551e+00 1.032385546129568343e-01 6.587734118598851385e-01 6.140275088487903016e-02
6.381270903010033635e+01 5.355642182991865452e-03 2.225445069795852771e+00 1.018239500522511998e-01 6.618952419268954168e-01 5.764746919456937430e-02
6.411371237458195083e+01 5.318379701244844125e-03 2.235939098837338435e+00 1.004735902281613524e-01 6.650170719939056951e-01 5.379596454550018142e-02
6.441471571906355109e+01 5.282906696334245013e-03 2.246433127878823655e+00 9.918337662285765799e-02 6.681389020609159735e-01 4.997069977416223469e-02
6.471571906354515136e+01 5.249594092961829862e-03 2.256927156920308875e+00 9.794102148325956048e-02 6.712607321279262518e-01 4.629656393621164878e-02
6.501672240802676583e+01 5.218787644590364497e-03 2.267421185961794095e+00 9.673208275129904776e-02 6.743825621949366411e-01 4.287817515071035840e-02
6.531772575250836610e+01 5.190782754289324265e-03 2.277915215003279759e+00 9.554497161381496351e-02 6.775043922619469194e-01 3.978276646327872507e-02
6.561872909698996637e+01 5.165803750610999633e-03 2.288409244044764979e+00 9.437314028470045191e-02 6.806262223289571978e-01 3.703349293312891560e-02
6.591973244147158084e+01 5.143989619404241292e-03 2.298903273086250199e+00 9.321457265123114788e-02 6.837480523959674761e-01 3.461433788035690046e-02
6.622073578595318111e+01 5.125387550285084338e-03 2.309397302127735419e+00 9.207011391294309122e-02 6.868698824629777544e-01 3.248373466686475808e-02
6.652173913043478137e+01 5.109954677368953348e-03 2.319891331169221083e+00 9.094219739342906950e-02 6.899917125299880327e-01 3.059129639102901171e-02
6.682274247491639585e+01 5.097567205058042492e-03 2.330385360210706303e+00 8.983429844643651963e-02 6.931135425969983110e-01 2.889171745114725576e-02
6.712374581939799612e+01 5.088034927789164032e-03 2.340879389252191523e+00 8.875002383539740136e-02 6.962353726640085894e-01 2.735188674783484847e-02
6.742474916387959638e+01 5.081118241494736454e-03 2.351373418293676743e+00 8.769034378316939438e-02 6.993572027310188677e-01 2.595043896108219922e-02
6.772575250836121086e+01 5.076544351214825126e-03 2.361867447335161962e+00 8.664858529379158847e-02 7.024790327980291460e-01 2.467190405341226217e-02
6.802675585284281112e+01 5.074019664036745654e-03 2.372361476376647627e+00 8.560481337087687270e-02 7.056008628650394243e-01 2.349919009779758566e-02
6.832775919732442560e+01 5.073236335758361283e-03 2.382855505418132847e+00 8.452278153401857064e-02 7.087226929320497026e-01 2.240803212629856322e-02
6.862876254180602587e+01 5.073872460571942668e-03 2.393349534459618067e+00 8.335253279314534802e-02 7.118445229990599810e-01 2.136568590341283297e-02
6.892976588628762613e+01 5.075587150787407194e-03 2.403843563501103286e+00 8.203972154115661553e-02 7.149663530660702593e-01 2.033431837605442424e-02
6.923076923076924061e+01 5.078013351009324182e-03 2.414337592542588951e+00 8.053969429468610386e-02 7.180881831330805376e-01 1.927793229294987726e-02
6.953177257525084087e+01 5.080752269064725372e-03 2.424831621584074171e+00 7.883184039327556514e-02 7.212100132000908159e-01 1.817062153014359360e-02
6.983277591973244114e+01 5.083373482208230348e-03 2.435325650625559391e+00 7.692900775127713142e-02 7.243318432671010942e-01 1.700356187689101503e-02
7.013377926421405562e+01 5.085423968994902920e-03 2.445819679667044610e+00 7.487826869752776948e-02 7.274536733341114836e-01 1.578837211100064461e-02
7.043478260869565588e+01 5.086447624622382480e-03 2.456313708708530275e+00 7.275235297249769972e-02 7.305755034011217619e-01 1.455531935292143746e-02
7.073578595317725615e+01 5.086014553916721331e-03 2.466807737750015495e+00 7.063431602888695093e-02 7.336973334681320402e-01 1.334623925865664577e-02
7.103678929765887062e+01 5.083757066912235681e-03 2.477301766791500715e+00 6.860016493272404203e-02 7.368191635351423185e-01 1.220374711562519955e-02
7.133779264214047089e+01 5.079407344100736812e-03 2.487795795832985934e+00 6.670448364391802498e-02 7.399409936021525969e-01 1.115980413675319617e-02
7.163879598662208537e+01 5.072830644118714490e-03 2.498289824874471599e+00 6.497265895267319291e-02 7.430628236691628752e-01 1.022731127569173441e-02
7.193979933110368563e+01 5.064047978970152679e-03 2.508783853915956819e+00 6.340085140734595670e-02 7.461846537361731535e-01 9.397671307345225461e-03
7.224080267558528590e+01 5.053243427035941995e-03 2.519277882957442039e+00 6.196240016588591693e-02 7.493064838031834318e-01 8.645271976844802475e-03
7.254180602006690037e+01 5.040753486589478159e-03 2.529771911998927258e+00 6.061774910338972588e-02 7.524283138701937101e-01 7.937313296478896649e-03
7.284280936454850064e+01 5.027038676913135086e-03 2.540265941040412923e+00 5.932462236633523345e-02 7.555501439372039885e-01 7.245398887864861609e-03
7.314381270903010090e+01 5.012640433901503767e-03 2.550759970081898143e+00 5.804592763807119721e-02 7.586719740042142668e-01 6.554733208640826925e-03
7.344481605351171538e+01 4.998128679985580115e-03 2.561253999123383363e+00 5.675422808198016950e-02 7.617938040712245451e-01 5.867869438602581721e-03
7.374581939799331565e+01 4.984046841566418772e-03 2.571748028164868582e+00 5.543300064691340096e-02 7.649156341382348234e-01 5.202210671366539266e-03
7.404682274247491591e+01 4.970861306690083081e-03 2.582242057206354247e+00 5.407582087004651067e-02 7.680374642052451017e-01 4.582850051094884691e-03
7.434782608695653039e+01 4.958921368831257885e-03 2.592736086247839467e+00 5.268486919090357296e-02 7.711592942722553801e-01 4.033837642359753249e-03
7.464882943143813065e+01 4.948433827011240217e-03 2.603230115289324687e+00 5.126979483446689190e-02 7.742811243392657694e-01 3.571073730756703108e-03
7.494983277591973092e+01 4.939454014507910738e-03 2.613724144330809906e+00 4.984725717039387161e-02 7.774029544062760477e-01 3.198909417216103893e-03
7.525083612040134540e+01 4.931892588063832225e-03 2.624218173372295571e+00 4.844074433382886818e-02 7.805247844732863260e-01 2.910837977779136190e-03
7.555183946488294566e+01 4.925535374391264501e-03 2.634712202413780791e+00 4.707986623300388501e-02 7.836466145402966044e-01 2.693152930624771128e-03
7.585284280936456014e+01 4.920072264689893428e-03 2.645206231455266010e+00 4.579839984277117582e-02 7.867684446073068827e-01 2.529664429569926550e-03
7.615384615384616041e+01 4.915130713426583628e-03 2.655700260496751230e+00 4.463086818773187581e-02 7.898902746743171610e-01 2.405638018305851934e-03
7.645484949832776067e+01 4.910309783477213516e-03 2.666194289538236895e+00 4.360810130630526221e-02 7.930121047413274393e-01 2.309830357823603342e-03
7.675585284280937515e+01 4.905211671753145763e-03 2.676688318579722115e+00 4.275272931449205366e-02 7.961339348083377176e-01 2.234450021499525488e-03
7.705685618729097541e+01 4.899468934364530764e-03 2.687182347621207334e+00 4.207566551808319261e-02 7.992557648753479960e-01 2.173683327126610127e-03
7.735785953177257568e+01 4.892766874711822721e-03 2.697676376662692554e+00 4.157433382921157938e-02 8.023775949423582743e-01 2.121844475162257965e-03
7.765886287625419016e+01 4.884861482891225161e-03 2.708170405704177774e+00 4.123286335898172089e-02 8.054994250093685526e-01 2.072160820436981347e-03
7.795986622073579042e+01 4.875593751613858072e-03 2.718664434745663439e+00 4.102397831246804710e-02 8.086212550763788309e-01 2.016773189341529784e-03
7.826086956521739069e+01 4.864901109409871388e-03 2.729158463787148658e+00 4.091204578352514165e-02 8.117430851433891092e-01 1.947917431285460218e-03
7.856187290969900516e+01 4.852826203482285897e-03 2.739652492828633878e+00 4.085673769144976958e-02 8.148649152103993876e-01 1.859706191822689493e-03
7.886287625418060543e+01 4.839522527736298853e-03 2.750146521870119098e+00 4.081689985383784441e-02 8.179867452774096659e-01 1.749667634183972370e-03
7.916387959866221991e+01 4.825255670670901276e-03 2.760640550911604763e+00 4.075433831770219895e-02 8.211085753444199442e-01 1.619324361167954161e-03
7.946488294314382017e+01 4.810398490746235767e-03 2.771134579953089982e+00 4.063723159311898037e-02 8.242304054114302225e-01 1.473546703203669397e-03
7.976588628762542044e+01 4.795418493719869751e-03 2.781628608994575202e+00 4.044277571820350387e-02 8.273522354784406119e-01 1.318972923336299632e-03
8.006688963210703491e+01 4.780856172406181340e-03 2.792122638036060422e+00 4.015857729771412504e-02 8.304740655454508902e-01 1.162182887089434130e-03
8.036789297658863518e+01 4.767294046190845465e-03 2.802616667077546087e+00 3.978235440431232561e-02 8.335958956124611685e-01 1.008354446318068592e-03
8.066889632107023544e+01 4.755317467454439097e-03 2.813110696119031306e+00 3.931975594674012864e-02 8.367177256794714468e-01 8.608240774341292551e-04
8.096989966555184992e+01 4.745469721250995115e-03 2.823604725160516526e+00 3.878054235167158886e-02 8.398395557464817252e-01 7.215012489015311566e-04
8.127090301003345019e+01 4.738205264621747799e-03 2.834098754202001746e+00 3.817386882583825858e-02 8.429613858134920035e-01 5.917086013401263826e-04
8.157190635451505045e+01 4.733845869303942612e-03 2.844592783243487411e+00 3.750379998299133155e-02 8.460832158805022818e-01 4.729177010632995342e-04
8.187290969899666493e+01 4.732544738167336271e-03 2.855086812284972630e+00 3.676627304599727059e-02 8.492050459475125601e-01 3.670306408292918271e-04
8.217391304347826519e+01 4.734263249874101284e-03 2.865580841326457850e+00 3.594839376073348525e-02 8.523268760145228384e-01 2.761745308109310871e-04
8.247491638795986546e+01 4.738763856946212778e-03 2.876074870367943070e+00 3.503022792462752444e-02 8.554487060815331168e-01 2.022348205707510255e-04
8.277591973244147994e+01 4.745620950917388108e-03 2.886568899409428735e+00 3.398838153477108659e-02 8.585705361485433951e-01 1.464298379710527939e-04
8.307692307692308020e+01 4.754249447213272813e-03 2.897062928450913954e+00 3.280003277706811105e-02 8.616923662155536734e-01 1.091229715484642816e-04
8.337792642140469468e+01 4.763948726309601492e-03 2.907556957492399174e+00 3.144604530104722767e-02 8.648141962825639517e-01 8.987870021719376640e-05
8.367892976588629494e+01 4.773957702565728364e-03 2.918050986533884394e+00 2.991244966474839589e-02 8.679360263495742300e-01 8.761658949279384884e-05
8.397993311036789521e+01 4.783515444515645115e-03 2.928545015575370059e+00 2.819063905298237194e-02 8.710578564165845084e-01 1.006817217299414431e-04
8.428093645484950969e+01 4.791921125533294898e-03 2.939039044616855278e+00 2.627750996104872769e-02 8.741796864835948977e-01 1.267356961929563374e-04
8.458193979933110995e+01 4.798587219639827151e-03 2.949533073658340498e+00 2.417692892871100771e-02 8.773015165506051760e-01 1.625223177506891097e-04
8.488294314381271022e+01 4.803080738002544862e-03 2.960027102699825718e+00 2.190312533724064065e-02 8.804233466176154543e-01 2.036921214095922328e-04
8.518394648829432469e+01 4.805148789817116628e-03 2.970521131741311383e+00 1.948523131464932959e-02 8.835451766846257327e-01 2.449073918469185651e-04
8.548494983277592496e+01 4.804726633637363548e-03 2.981015160782796602e+00 1.697094105742316672e-02 8.866670067516360110e-01 2.803647994785534695e-04
8.578595317725752523e+01 4.801928407650553517e-03 2.991509189824281822e+00 1.442688108652772673e-02 8.897888368186462893e-01 3.046950279398332362e-04
8.608695652173913970e+01 4.797022631333721157e-03 3.002003218865767042e+00 1.193409926557138789e-02 8.929106668856565676e-01 3.140067504289776137e-04
8.638795986622073997e+01 4.790396127095300147e-03 3.012497247907252707e+00 9.578808770622235583e-03 8.960324969526668459e-01 3.067311143961935554e-04
8.668896321070235444e+01 4.782511045991240904e-03 3.022991276948737926e+00 7.440395899119501763e-03 8.991543270196771243e-01 2.839558358710043712e-04
8.698996655518395471e+01 4.773860098118079195e-03 3.033485305990223146e+00 5.579862710412273816e-03 9.022761570866874026e-01 2.491097734484485336e-04
8.729096989966555498e+01 4.764924870427496816e-03 3.043979335031708366e+00 4.031818731215443610e-03 9.053979871536976809e-01 2.070939403188386534e-04
8.759197324414716945e+01 4.756141327760895869e-03 3.054473364073193586e+00 2.801931561425659561e-03 9.085198172207079592e-01 1.631461101810657410e-04
8.789297658862876972e+01 4.747875370497776047e-03 3.064967393114679250e+00 1.869965114914490158e-03 9.116416472877182375e-01 1.217915772857101610e-04
8.819397993311036998e+01 4.740409845317433354e-03 3.075461422156164470e+00 1.196926931904299454e-03 9.147634773547285159e-01 8.615657162773905989e-05
8.849498327759198446e+01 4.733942875683502804e-03 3.085955451197649690e+00 7.339784501947274565e-04 9.178853074217387942e-01 5.775505017576213032e-05
8.879598662207358473e+01 4.728595989338147364e-03 3.096449480239134910e+00 4.308000439978348982e-04 9.210071374887490725e-01 3.668781436930930890e-05
8.909698996655518499e+01 4.724429431637535218e-03 3.106943509280620574e+00 2.418246199541330000e-04 9.241289675557593508e-01 2.208431841422625746e-05
8.939799331103679947e+01 4.721461375036686316e-03 3.117437538322105794e+00 1.297369462672678909e-04 9.272507976227697402e-01 1.259726988655513936e-05
8.969899665551839973e+01 4.719687516141195943e-03 3.127931567363591014e+00 6.648341814709655853e-05 9.303726276897800185e-01 6.809247753409004118e-06
9.000000000000000000e+01 4.719097784569228383e-03 3.138425596405076234e+00 3.252615923605150925e-05 9.334944577567902968e-01 3.487804272907394337e-06
