0.000000000000000000e+00 4.292190836675850517e-06 4.645172629414787147e-04 1.703923246556611915e-03 1.382450575449119257e-04 1.943570456853816429e-03
3.010033444816053727e-01 4.298096144693517512e-06 9.095427532284313527e-03 2.173473159907520803e-03 4.096328699390116776e-03 2.088096644204100009e-03
6.020066889632107454e-01 4.325851966449040103e-06 1.772633780162714834e-02 2.807217411567493499e-03 8.054412341235321626e-03 2.439948975165216315e-03
9.030100334448161181e-01 4.403217238260604613e-06 2.635724807096998315e-02 2.824726038718242647e-03 1.201249598308052648e-02 2.845883251436402087e-03
1.204013377926421491e+00 4.569463620642138005e-06 3.498815834031281796e-02 2.547900711554541061e-03 1.597057962492573133e-02 3.136064587653543054e-03
1.505016722408026864e+00 4.867508443785685539e-06 4.361906860965564930e-02 2.619352522903471529e-03 1.992866326677093444e-02 3.206326376756349870e-03
1.806020066889632236e+00 5.336794534721496902e-06 5.224997887899848759e-02 3.013524177069005789e-03 2.388674690861614103e-02 3.062087072525556102e-03
2.107023411371237387e+00 6.008401972248896286e-06 6.088088914834132587e-02 3.350611471526826132e-03 2.784483055046134761e-02 2.798590298364714551e-03
2.408026755852842982e+00 6.902339449826990690e-06 6.951179941768415027e-02 3.559733080857195760e-03 3.180291419230654726e-02 2.539372296793587780e-03
2.709030100334448576e+00 8.025635601587299343e-06 7.814270968702699549e-02 3.659285946326575664e-03 3.576099783415175037e-02 2.381204866860084628e-03
3.010033444816053727e+00 9.369450467475730793e-06 8.677361995636981296e-02 3.553621005532492296e-03 3.971908147599695349e-02 2.373448059931191310e-03
3.311036789297658878e+00 1.090425173013605886e-05 9.540453022571265818e-02 3.494503690984991813e-03 4.367716511784217048e-02 2.521115818237243140e-03
3.612040133779264472e+00 1.257389294151336520e-05 1.040354404950555034e-01 3.809369088629296560e-03 4.763524875968737360e-02 2.789923479024174636e-03
3.913043478260870067e+00 1.429142631735328192e-05 1.126663507643983209e-01 4.181319934763879330e-03 5.159333240153257671e-02 3.113338481430332882e-03
4.214046822742474774e+00 1.594063182116375055e-05 1.212972610337411661e-01 4.208619199947104261e-03 5.555141604337777983e-02 3.416230546236740002e-03
4.515050167224080369e+00 1.738662701139505399e-05 1.299281713030839835e-01 4.183777337520453062e-03 5.950949968522298295e-02 3.650261267788653362e-03
4.816053511705685963e+00 1.849626100306910300e-05 1.385590815724268288e-01 4.308504760175776820e-03 6.346758332706818606e-02 3.811408337118533680e-03
5.117056856187291558e+00 1.916501645029822977e-05 1.471899918417696740e-01 4.019833364906916749e-03 6.742566696891338918e-02 3.922484113741119341e-03
5.418060200668897153e+00 1.934346392760010640e-05 1.558209021111124915e-01 2.964444073369919188e-03 7.138375061075859229e-02 4.001024944514699686e-03
5.719063545150501859e+00 1.905475595662852722e-05 1.644518123804553367e-01 1.752609298226944032e-03 7.534183425260379541e-02 4.045213678703877581e-03
6.020066889632107454e+00 1.839627468392056908e-05 1.730827226497981541e-01 1.085655945042086510e-03 7.929991789444899852e-02 4.045953634214054240e-03
6.321070234113713049e+00 1.752300520605805248e-05 1.817136329191409994e-01 9.246720205847110997e-04 8.325800153629421552e-02 4.008818897841259603e-03
6.622073578595317755e+00 1.661584607311489151e-05 1.903445431884838446e-01 8.818065157038713778e-04 8.721608517813941863e-02 3.967856836679212532e-03
6.923076923076923350e+00 1.584277744014840999e-05 1.989754534578266620e-01 8.974432527948493369e-04 9.117416881998462175e-02 3.980814272581213731e-03
7.224080267558528945e+00 1.532301339321094028e-05 2.076063637271695073e-01 1.135300345197189087e-03 9.513225246182982486e-02 4.102884074475489362e-03
7.525083612040134540e+00 1.510348779221297635e-05 2.162372739965123525e-01 1.467583867008085069e-03 9.909033610367502798e-02 4.350230264744556208e-03
7.826086956521740134e+00 1.515376395323171822e-05 2.248681842658551699e-01 1.547052450101033851e-03 1.030484197455202311e-01 4.679693672723975011e-03
8.127090301003345729e+00 1.538072253292151591e-05 2.334990945351980152e-01 1.391064219819765704e-03 1.070065033873654342e-01 5.007129584549446961e-03
8.428093645484949548e+00 1.565929112804317173e-05 2.421300048045408604e-01 1.332216130507477003e-03 1.109645870292106512e-01 5.259237144762076398e-03
8.729096989966555142e+00 1.587116912071016722e-05 2.507609150738837056e-01 1.443589785427337215e-03 1.149226706710558543e-01 5.423845810381214445e-03
9.030100334448160737e+00 1.594110549840275397e-05 2.593918253432265231e-01 1.567905068768693294e-03 1.188807543129010574e-01 5.558725526925497630e-03
9.331103678929766332e+00 1.586070763806456720e-05 2.680227356125693960e-01 1.678752138859617099e-03 1.228388379547462606e-01 5.747615616716263316e-03
9.632107023411371927e+00 1.569319462219106789e-05 2.766536458819122135e-01 2.019976631885897055e-03 1.267969215965914775e-01 6.032598559253719850e-03
9.933110367892977521e+00 1.555807560681802968e-05 2.852845561512550310e-01 2.785885172927793276e-03 1.307550052384366945e-01 6.368914382450534609e-03
1.023411371237458312e+01 1.560058865727296401e-05 2.939154664205979040e-01 3.609619387394484222e-03 1.347130888802818838e-01 6.630192244441677867e-03
1.053511705685618871e+01 1.595480606105110401e-05 3.025463766899407214e-01 4.073816376605434407e-03 1.386711725221271008e-01 6.660778944880966883e-03
1.083612040133779431e+01 1.671027703281486817e-05 3.111772869592835389e-01 4.348310497811381722e-03 1.426292561639722900e-01 6.349596534694029390e-03
1.113712374581939812e+01 1.789000127469489820e-05 3.198081972286264119e-01 4.525328353656203617e-03 1.465873398058175070e-01 5.688890477436475170e-03
1.143812709030100372e+01 1.944372891017784888e-05 3.284391074979692293e-01 4.565039071465373452e-03 1.505454234476626962e-01 4.783879548101861202e-03
1.173913043478260931e+01 2.125681993914849328e-05 3.370700177673120468e-01 5.071777377668050014e-03 1.545035070895079132e-01 3.805907300049872835e-03
1.204013377926421491e+01 2.317234693522377906e-05 3.457009280366548643e-01 6.642430240043288581e-03 1.584615907313531025e-01 2.920402204873369031e-03
1.234113712374582050e+01 2.502282351778926871e-05 3.543318383059977372e-01 8.705078742897007574e-03 1.624196743731983195e-01 2.234772268465878321e-03
1.264214046822742610e+01 2.666703197259840777e-05 3.629627485753405547e-01 9.913828075823114677e-03 1.663777580150435365e-01 1.785984420754961046e-03
1.294314381270903169e+01 2.802606630763059223e-05 3.715936588446833722e-01 9.960899830897280288e-03 1.703358416568887257e-01 1.554626785578193350e-03
1.324414715719063551e+01 2.911102169752931838e-05 3.802245691140262451e-01 9.986539245908294601e-03 1.742939252987339427e-01 1.485721729313231512e-03
1.354515050167224111e+01 3.003408031149508523e-05 3.888554793833690626e-01 1.053231027480800754e-02 1.782520089405791319e-01 1.510248607288315397e-03
1.384615384615384670e+01 3.099683891883451908e-05 3.974863896527118801e-01 1.130802924616137496e-02 1.822100925824243489e-01 1.567808155473667106e-03
1.414715719063545230e+01 3.225538101468975789e-05 4.061172999220547530e-01 1.263172227846844249e-02 1.861681762242695382e-01 1.623883010807810820e-03
1.444816053511705789e+01 3.406949506692728781e-05 4.147482101913975705e-01 1.532611552258732711e-02 1.901262598661147551e-01 1.672459083916692010e-03
1.474916387959866348e+01 3.665028156712180773e-05 4.233791204607403880e-01 1.974310564403056190e-02 1.940843435079599721e-01 1.725710716843296619e-03
1.505016722408026908e+01 4.012247417836698816e-05 4.320100307300832609e-01 2.527172311577497929e-02 1.980424271498051614e-01 1.802624024968864933e-03
1.535117056856187467e+01 4.451322665397149613e-05 4.406409409994260784e-01 3.066067880468443738e-02 2.020005107916503784e-01 1.922733347352318821e-03
1.565217391304348027e+01 4.976922660752370432e-05 4.492718512687688959e-01 3.485169279344117743e-02 2.059585944334955676e-01 2.098853581918654673e-03
1.595317725752508409e+01 5.579300424494790510e-05 4.579027615381117688e-01 3.820643679133099019e-02 2.099166780753407846e-01 2.324727921610708278e-03
1.625418060200669146e+01 6.248223790939932325e-05 4.665336718074545863e-01 4.207280738901918171e-02 2.138747617171859738e-01 2.568928395841694762e-03
1.655518394648829528e+01 6.975598787143206202e-05 4.751645820767974038e-01 4.769028839508628742e-02 2.178328453590311908e-01 2.789912635924104902e-03
1.685618729096989910e+01 7.755900921003339166e-05 4.837954923461402768e-01 5.507981824408415827e-02 2.217909290008764078e-01 2.966163521497619353e-03
1.715719063545150647e+01 8.584627403069958489e-05 4.924264026154830942e-01 6.153322531382719729e-02 2.257490126427215971e-01 3.112971295956815879e-03
1.745819397993311028e+01 9.455967434718262762e-05 5.010573128848259117e-01 6.490796630425309244e-02 2.297070962845668141e-01 3.264838157322574614e-03
1.775919732441471766e+01 1.036132897462801089e-04 5.096882231541687291e-01 6.772911079313792548e-02 2.336651799264120033e-01 3.436110388909157081e-03
1.806020066889632147e+01 1.129006043692362904e-04 5.183191334235115466e-01 7.354701386947222475e-02 2.376232635682572203e-01 3.595957975788171938e-03
1.836120401337792885e+01 1.223276443883676535e-04 5.269500436928544751e-01 8.190091084077932848e-02 2.415813472101024095e-01 3.681850838869258312e-03
1.866220735785953266e+01 1.318637575114570116e-04 5.355809539621972926e-01 9.067723464781525522e-02 2.455394308519476265e-01 3.641348790837566421e-03
1.896321070234114003e+01 1.415915560275967343e-04 5.442118642315401100e-01 9.967525945949740063e-02 2.494975144937928158e-01 3.469371778512378001e-03
1.926421404682274385e+01 1.517338239378699771e-04 5.528427745008829275e-01 1.087635365463492931e-01 2.534555981356380050e-01 3.216326728328452490e-03
1.956521739130434767e+01 1.626402020822566102e-04 5.614736847702257450e-01 1.173426431221542832e-01 2.574136817774831942e-01 2.969130027201371744e-03
1.986622073578595504e+01 1.747292576327324901e-04 5.701045950395685624e-01 1.272389223877275211e-01 2.613717654193284390e-01 2.823951671000266526e-03
2.016722408026755886e+01 1.883980480809610818e-04 5.787355053089113799e-01 1.408344562300964109e-01 2.653298490611736282e-01 2.863806473967834589e-03
2.046822742474916623e+01 2.039255673967501725e-04 5.873664155782543084e-01 1.576379857666423412e-01 2.692879327030188175e-01 3.140516953574219901e-03
2.076923076923077005e+01 2.214026816585203930e-04 5.959973258475971258e-01 1.763948054124182818e-01 2.732460163448640067e-01 3.658106317449298997e-03
2.107023411371237742e+01 2.407157305879738956e-04 6.046282361169399433e-01 1.980929285561883746e-01 2.772040999867092514e-01 4.362819471163854879e-03
2.137123745819398124e+01 2.615942606153526251e-04 6.132591463862827608e-01 2.266950909804294201e-01 2.811621836285544407e-01 5.149964813293416051e-03
2.167224080267558861e+01 2.837103810713270061e-04 6.218900566556255782e-01 2.665998211436938492e-01 2.851202672703996299e-01 5.892625000304003643e-03
2.197324414715719243e+01 3.067966039512786585e-04 6.305209669249683957e-01 3.145245095610022523e-01 2.890783509122448747e-01 6.485565814153399639e-03
2.227424749163879625e+01 3.307398381328174137e-04 6.391518771943113242e-01 3.597893862795691344e-01 2.930364345540900639e-01 6.885983323457629639e-03
2.257525083612040362e+01 3.556167533044996215e-04 6.477827874636541416e-01 4.016816830490851364e-01 2.969945181959352531e-01 7.129043014569724605e-03
2.287625418060200744e+01 3.816581235789139720e-04 6.564136977329969591e-01 4.496078046941200390e-01 3.009526018377804424e-01 7.307407821907447622e-03
2.317725752508361481e+01 4.091578539225512127e-04 6.650446080023397766e-01 5.029507026067373543e-01 3.049106854796256871e-01 7.525738807997700563e-03
2.347826086956521863e+01 4.383637172035227442e-04 6.736755182716825940e-01 5.564097704604326067e-01 3.088687691214708764e-01 7.857421712645492815e-03
2.377926421404682600e+01 4.693917852643069138e-04 6.823064285410254115e-01 6.160262680482025965e-01 3.128268527633160656e-01 8.329828933001695926e-03
2.408026755852842982e+01 5.021933068204842291e-04 6.909373388103682290e-01 6.876727631428543042e-01 3.167849364051612548e-01 8.946824669764510268e-03
2.438127090301003363e+01 5.365781455174415326e-04 6.995682490797111575e-01 7.632848170794845899e-01 3.207430200470064996e-01 9.729830191564934130e-03
2.468227424749164101e+01 5.722746294066061558e-04 7.081991593490539749e-01 8.355922936683255475e-01 3.247011036888516888e-01 1.073740668440635072e-02
2.498327759197324482e+01 6.089928204668446782e-04 7.168300696183967924e-01 9.125305182505358825e-01 3.286591873306968781e-01 1.203306319712149630e-02
2.528428093645485220e+01 6.464621763049280051e-04 7.254609798877396099e-01 1.001614138639217888e+00 3.326172709725421228e-01 1.361628932765058392e-02
2.558528428093645601e+01 6.844329771266008866e-04 7.340918901570824273e-01 1.099980464236845590e+00 3.365753546143873121e-01 1.537299681834054625e-02
2.588628762541806339e+01 7.226546991846869101e-04 7.427228004264252448e-01 1.209250488465987150e+00 3.405334382562325013e-01 1.709326142242851426e-02
2.618729096989966720e+01 7.608617124415215137e-04 7.513537106957681733e-01 1.332926305304039660e+00 3.444915218980776905e-01 1.855319026882467498e-02
2.648829431438127102e+01 7.987974526664049727e-04 7.599846209651109907e-01 1.460612197479980168e+00 3.484496055399229353e-01 1.961341950991166844e-02
2.678929765886287839e+01 8.362900368576541401e-04 7.686155312344538082e-01 1.577860317279699220e+00 3.524076891817681245e-01 2.028106361155815329e-02
2.709030100334448221e+01 8.733624728771442660e-04 7.772464415037966257e-01 1.685330856864550420e+00 3.563657728236133138e-01 2.070554694634263448e-02
2.739130434782608958e+01 9.103341267457450321e-04 7.858773517731394431e-01 1.796392466752563255e+00 3.603238564654585585e-01 2.111098304237059992e-02
2.769230769230769340e+01 9.478624319450377339e-04 7.945082620424822606e-01 1.911787879343323171e+00 3.642819401073037477e-01 2.170027965832083128e-02
2.799331103678930077e+01 9.868920391063902824e-04 8.031391723118251891e-01 2.012967284608297547e+00 3.682400237491489370e-01 2.258929408944963454e-02
2.829431438127090459e+01 1.028516124180444075e-03 8.117700825811680065e-01 2.094284799765669280e+00 3.721981073909941262e-01 2.381674236860442315e-02
2.859531772575251196e+01 1.073793559827775253e-03 8.204009928505108240e-01 2.182399835292796908e+00 3.761561910328393710e-01 2.541362026789077341e-02
2.889632107023411578e+01 1.123586499015576026e-03 8.290319031198536415e-01 2.303413236393812014e+00 3.801142746746845602e-01 2.745305845448212101e-02
2.919732441471571960e+01 1.178475168714849391e-03 8.376628133891964589e-01 2.449317860933653002e+00 3.840723583165297494e-01 3.001875769876887270e-02
2.949832775919732697e+01 1.238774480743153397e-03 8.462937236585392764e-01 2.596615268441671454e+00 3.880304419583749942e-01 3.312578857006328453e-02
2.979933110367893079e+01 1.304635946082238545e-03 8.549246339278820939e-01 2.731125635619275904e+00 3.919885256002201834e-01 3.668653245403159791e-02
3.010033444816053816e+01 1.376186002661079202e-03 8.635555441972250224e-01 2.842731197126052933e+00 3.959466092420653727e-01 4.055618377807097136e-02
3.040133779264214198e+01 1.453639383932639646e-03 8.721864544665678398e-01 2.929568294599915301e+00 3.999046928839105619e-01 4.459549068275118350e-02
3.070234113712374935e+01 1.537335078495237570e-03 8.808173647359106573e-01 3.007754714543580565e+00 4.038627765257558067e-01 4.868391664433522475e-02
3.100334448160535317e+01 1.627667321927405266e-03 8.894482750052534747e-01 3.083485648025749093e+00 4.078208601676009959e-01 5.269691053333300235e-02
3.130434782608696054e+01 1.724917164511189684e-03 8.980791852745962922e-01 3.135148391527595280e+00 4.117789438094461851e-01 5.650355899720017894e-02
3.160535117056856436e+01 1.829023958338871951e-03 9.067100955439391097e-01 3.149366498243681534e+00 4.157370274512914299e-01 5.999647784297908182e-02
3.190635451505016817e+01 1.939363033851464538e-03 9.153410058132820382e-01 3.142898300701886694e+00 4.196951110931366191e-01 6.311543223819308934e-02
3.220735785953177555e+01 2.054607564842856910e-03 9.239719160826248556e-01 3.134141184884775999e+00 4.236531947349818084e-01 6.584173755072357526e-02
3.250836120401338292e+01 2.172741793821404178e-03 9.326028263519676731e-01 3.112359085033492345e+00 4.276112783768269976e-01 6.818865248199607043e-02
3.280936454849498318e+01 2.291257355489601400e-03 9.412337366213104906e-01 3.048232631038793716e+00 4.315693620186722423e-01 7.022423009777549463e-02
3.311036789297659055e+01 2.407511705118139857e-03 9.498646468906533080e-01 2.936987493140369221e+00 4.355274456605174316e-01 7.212199418975777376e-02
3.341137123745819792e+01 2.519174241229357996e-03 9.584955571599961255e-01 2.811753933856966370e+00 4.394855293023626208e-01 7.417893377586598502e-02
3.371237458193979819e+01 2.624651702796460331e-03 9.671264674293390540e-01 2.709505329456141087e+00 4.434436129442078656e-01 7.672768797976685373e-02
3.401337792642140556e+01 2.723384081210405289e-03 9.757573776986818714e-01 2.625670565926145450e+00 4.474016965860530548e-01 7.994711162455533926e-02
3.431438127090301293e+01 2.815936434802454244e-03 9.843882879680246889e-01 2.522238455869462825e+00 4.513597802278982440e-01 8.370611913056891229e-02
3.461538461538462030e+01 2.903867071594005544e-03 9.930191982373675064e-01 2.385737839480311706e+00 4.553178638697434333e-01 8.761433719077475757e-02
3.491638795986622057e+01 2.989407589079066258e-03 1.001650108506710213e+00 2.234273335062010979e+00 4.592759475115886780e-01 9.129909554429503638e-02
3.521739130434782794e+01 3.075027719442068562e-03 1.010281018776053141e+00 2.079113742589993929e+00 4.632340311534338673e-01 9.470610277380679676e-02
3.551839464882943531e+01 3.162971818761431148e-03 1.018911929045395848e+00 1.925215510554605158e+00 4.671921147952790565e-01 9.817821810812669969e-02
3.581939799331104268e+01 3.254849743028516949e-03 1.027542839314738776e+00 1.776685478553377662e+00 4.711501984371242457e-01 1.022609543436910212e-01
3.612040133779264295e+01 3.351352615866332908e-03 1.036173749584081483e+00 1.627177050085117926e+00 4.751082820789694905e-01 1.073958467712383402e-01
3.642140468227425032e+01 3.452148864048192305e-03 1.044804659853424411e+00 1.478334825275666509e+00 4.790663657208146797e-01 1.136825012831941401e-01
3.672240802675585769e+01 3.555995004173061799e-03 1.053435570122767340e+00 1.343163430749028553e+00 4.830244493626598690e-01 1.207769675855629860e-01
3.702341137123745796e+01 3.661062330095564681e-03 1.062066480392110046e+00 1.228769138102597802e+00 4.869825330045051137e-01 1.279478495636220126e-01
3.732441471571906533e+01 3.765432945732677481e-03 1.070697390661452975e+00 1.137247021750231735e+00 4.909406166463503030e-01 1.343430913704783958e-01
3.762541806020067270e+01 3.867665357967561141e-03 1.079328300930795681e+00 1.060239672428205493e+00 4.948987002881954922e-01 1.394381534870052786e-01
3.792642140468228007e+01 3.967289574534793584e-03 1.087959211200138609e+00 9.786916113851943377e-01 4.988567839300406814e-01 1.434106934824323498e-01
3.822742474916388034e+01 4.065084694899191199e-03 1.096590121469481316e+00 8.885134761635463674e-01 5.028148675718858707e-01 1.471156281584884151e-01
3.852842809364548771e+01 4.163030669332730589e-03 1.105221031738824244e+00 8.053137130443500658e-01 5.067729512137311154e-01 1.516387763874857131e-01
3.882943143812709508e+01 4.263907369120805910e-03 1.113851942008167173e+00 7.391783708965546928e-01 5.107310348555763602e-01 1.578065062139515085e-01
3.913043478260869534e+01 4.370618471237289367e-03 1.122482852277509879e+00 6.865765091633141415e-01 5.146891184974214939e-01 1.660294860863937016e-01
3.943143812709030271e+01 4.485412127840021808e-03 1.131113762546852808e+00 6.403887815552081753e-01 5.186472021392667386e-01 1.764412607397853328e-01
3.973244147157191009e+01 4.609219138828410042e-03 1.139744672816195514e+00 5.942304518021420678e-01 5.226052857811119834e-01 1.889814445527896458e-01
4.003344481605351746e+01 4.741307609766716447e-03 1.148375583085538443e+00 5.468201692233175537e-01 5.265633694229571171e-01 2.032463074649237811e-01
4.033444816053511772e+01 4.879360851110597051e-03 1.157006493354881149e+00 5.068902581617710235e-01 5.305214530648023619e-01 2.183340052691520872e-01
4.063545150501672509e+01 5.019952746985507572e-03 1.165637403624224078e+00 4.810391106265677341e-01 5.344795367066474956e-01 2.330209205493147251e-01
4.093645484949833246e+01 5.159272885259079053e-03 1.174268313893567006e+00 4.603443960638976540e-01 5.384376203484927403e-01 2.462800245581211189e-01
4.123745819397993273e+01 5.293890760747567252e-03 1.182899224162909713e+00 4.317402881905060830e-01 5.423957039903379851e-01 2.577717340142317570e-01
4.153846153846154010e+01 5.421364904702189597e-03 1.191530134432252641e+00 3.947793005457682636e-01 5.463537876321831188e-01 2.679254273672760922e-01
4.183946488294314747e+01 5.540580527469162776e-03 1.200161044701595348e+00 3.574715978421414420e-01 5.503118712740283636e-01 2.775851688665974537e-01
4.214046822742475484e+01 5.651793017066667098e-03 1.208791954970938276e+00 3.253107840257927763e-01 5.542699549158736083e-01 2.875423499799763527e-01
4.244147157190635511e+01 5.756420962108780605e-03 1.217422865240281205e+00 2.987035892720043551e-01 5.582280385577187420e-01 2.983061672502869688e-01
4.274247491638796248e+01 5.856655471570268619e-03 1.226053775509623911e+00 2.753424252334896738e-01 5.621861221995639868e-01 3.102048098912519314e-01
4.304347826086956985e+01 5.954949567673065852e-03 1.234684685778966839e+00 2.551778657534691797e-01 5.661442058414092315e-01 3.236341441096192706e-01
4.334448160535117722e+01 6.053453677768765029e-03 1.243315596048309546e+00 2.403131697258802102e-01 5.701022894832543653e-01 3.391874342804405140e-01
4.364548494983277749e+01 6.153488115582203023e-03 1.251946506317652474e+00 2.329175693955742865e-01 5.740603731250996100e-01 3.575214992667170577e-01
4.394648829431438486e+01 6.255177984724535206e-03 1.260577416586995181e+00 2.343940972869588413e-01 5.780184567669448548e-01 3.790164619844479943e-01
4.424749163879599223e+01 6.357384766752066999e-03 1.269208326856338109e+00 2.387094664892336349e-01 5.819765404087899885e-01 4.034359401033382198e-01
4.454849498327759250e+01 6.458020438261735142e-03 1.277839237125681038e+00 2.347302503967629572e-01 5.859346240506352332e-01 4.298277834666588415e-01
4.484949832775919987e+01 6.554722383004662513e-03 1.286470147395023744e+00 2.194917299866241400e-01 5.898927076924803670e-01 4.568082454102259660e-01
4.515050167224080724e+01 6.645735494691229657e-03 1.295101057664366673e+00 1.991372603603212277e-01 5.938507913343256117e-01 4.831631699240219180e-01
4.545150501672241461e+01 6.730747384814116802e-03 1.303731967933709379e+00 1.799144272566174374e-01 5.978088749761708565e-01 5.084764775078228771e-01
4.575250836120401488e+01 6.811401699099479609e-03 1.312362878203052308e+00 1.650250188867906365e-01 6.017669586180159902e-01 5.334249213452293414e-01
4.605351170568562225e+01 6.891290304607924390e-03 1.320993788472395014e+00 1.547157565510260679e-01 6.057250422598612349e-01 5.595440154011755984e-01
4.635451505016722962e+01 6.975376269191757572e-03 1.329624698741737943e+00 1.454903688873299961e-01 6.096831259017064797e-01 5.885724362233567541e-01
4.665551839464882988e+01 7.068976065134695633e-03 1.338255609011080871e+00 1.341800581846754326e-01 6.136412095435516134e-01 6.217140946338201024e-01
4.695652173913043725e+01 7.176571633059611321e-03 1.346886519280423578e+00 1.219326567915572923e-01 6.175992931853968582e-01 6.591725997121673508e-01
4.725752508361204463e+01 7.300782066363848029e-03 1.355517429549766506e+00 1.113480325754465095e-01 6.215573768272421029e-01 7.001404799347173968e-01
4.755852842809365200e+01 7.441779151362846664e-03 1.364148339819109212e+00 1.040188322951895866e-01 6.255154604690872366e-01 7.432240925926221209e-01
4.785953177257525226e+01 7.597294999146820930e-03 1.372779250088452141e+00 9.947417016681188440e-02 6.294735441109324814e-01 7.871470397145140518e-01
4.816053511705685963e+01 7.763190612184586552e-03 1.381410160357794847e+00 9.586424933880743904e-02 6.334316277527776151e-01 8.314445879344637413e-01
4.846153846153846700e+01 7.934395217090365118e-03 1.390041070627137776e+00 9.202944833541758241e-02 6.373897113946228599e-01 8.767429720650828928e-01
4.876254180602006727e+01 8.105942317448674647e-03 1.398671980896480704e+00 8.778379108483444493e-02 6.413477950364681046e-01 9.243154095406900250e-01
4.906354515050167464e+01 8.273841480308236421e-03 1.407302891165823411e+00 8.303281521220512440e-02 6.453058786783132383e-01 9.750549818933691437e-01
4.936454849498328201e+01 8.435615122784819245e-03 1.415933801435166339e+00 7.782081903227763831e-02 6.492639623201584831e-01 1.028529873236227576e+00
4.966555183946488938e+01 8.590448696505681783e-03 1.424564711704509046e+00 7.365015773719731096e-02 6.532220459620037278e-01 1.082865644992474508e+00
4.996655518394648965e+01 8.739001202045111258e-03 1.433195621973851974e+00 7.295794015290130163e-02 6.571801296038488616e-01 1.135622737903717150e+00
5.026755852842809702e+01 8.882975160051541016e-03 1.441826532243194903e+00 7.659045202958761345e-02 6.611382132456941063e-01 1.185048478313838416e+00
5.056856187290970439e+01 9.024556248943393227e-03 1.450457442512537609e+00 8.174712344531463726e-02 6.650962968875393511e-01 1.230826070056303401e+00
5.086956521739130466e+01 9.165826056536003491e-03 1.459088352781880538e+00 8.335603651144672666e-02 6.690543805293844848e-01 1.273962047590202040e+00
5.117056856187291203e+01 9.308246373909246502e-03 1.467719263051223244e+00 7.953047815563540901e-02 6.730124641712297295e-01 1.316159687255701316e+00
5.147157190635451940e+01 9.452311766630068154e-03 1.476350173320566173e+00 7.376364455894543481e-02 6.769705478130749743e-01 1.359194483067739601e+00
5.177257525083612677e+01 9.597454371389981323e-03 1.484981083589908879e+00 7.003081580954224894e-02 6.809286314549201080e-01 1.404467246285508786e+00
5.207357859531772704e+01 9.742245227218004899e-03 1.493611993859251807e+00 6.844680253783774759e-02 6.848867150967653528e-01 1.452679031180111657e+00
5.237458193979933441e+01 9.884868289359870913e-03 1.502242904128594736e+00 6.656480015121445104e-02 6.888447987386104865e-01 1.503712271717745130e+00
5.267558528428094178e+01 1.002376447408785502e-02 1.510873814397937442e+00 6.266594460571484060e-02 6.928028823804557312e-01 1.556910295675682177e+00
5.297658862876254204e+01 1.015828371167543619e-02 1.519504724667280371e+00 5.653938771754132148e-02 6.967609660223009760e-01 1.611667029310053012e+00
5.327759197324414941e+01 1.028917015284200147e-02 1.528135634936623077e+00 4.997848104913738682e-02 7.007190496641461097e-01 1.667860818004380130e+00
5.357859531772575679e+01 1.041874915001975328e-02 1.536766545205966006e+00 4.580091064532135214e-02 7.046771333059913545e-01 1.725740910340502809e+00
5.387959866220736416e+01 1.055077049673976142e-02 1.545397455475308712e+00 4.431527711388407592e-02 7.086352169478365992e-01 1.785439711314220190e+00
5.418060200668896442e+01 1.068995807186738645e-02 1.554028365744651641e+00 4.381356821568609811e-02 7.125933005896817329e-01 1.846750883458120773e+00
5.448160535117057179e+01 1.084138499019904334e-02 1.562659276013994569e+00 4.379886966696532741e-02 7.165513842315269777e-01 1.909596240734495298e+00
5.478260869565217916e+01 1.100981292839997745e-02 1.571290186283337276e+00 4.503013101317455968e-02 7.205094678733722224e-01 1.974773625441856195e+00
5.508361204013378654e+01 1.119910682727624958e-02 1.579921096552680204e+00 4.705743227981665916e-02 7.244675515152173562e-01 2.043951805620266349e+00
5.538461538461538680e+01 1.141178630954281341e-02 1.588552006822022911e+00 4.761240057459163733e-02 7.284256351570626009e-01 2.118324681203491267e+00
5.568561872909699417e+01 1.164873371371701570e-02 1.597182917091365839e+00 4.503268483813296919e-02 7.323837187989078457e-01 2.196701924827105579e+00
5.598662207357860154e+01 1.190906307059418252e-02 1.605813827360708768e+00 4.024113093517918405e-02 7.363418024407529794e-01 2.274744132150313458e+00
5.628762541806020181e+01 1.219015910608055135e-02 1.614444737630051474e+00 3.623312364937792546e-02 7.402998860825982241e-01 2.346394038979207064e+00
5.658862876254180918e+01 1.248789915828718913e-02 1.623075647899394403e+00 3.550751371718808419e-02 7.442579697244433579e-01 2.406809963008581299e+00
5.688963210702341655e+01 1.279705511018039421e-02 1.631706558168737109e+00 3.691562542762630295e-02 7.482160533662886026e-01 2.454925742191382820e+00
5.719063545150502392e+01 1.311183633729077862e-02 1.640337468438080037e+00 3.711894979298639707e-02 7.521741370081338474e-01 2.494105715075545682e+00
5.749163879598662419e+01 1.342649587382508704e-02 1.648968378707422744e+00 3.509915287641776627e-02 7.561322206499789811e-01 2.530702031186659262e+00
5.779264214046823156e+01 1.373590244143913647e-02 1.657599288976765672e+00 3.288106863026750426e-02 7.600903042918242258e-01 2.571502317729306153e+00
5.809364548494983893e+01 1.403599037259156690e-02 1.666230199246108601e+00 3.207487577411074348e-02 7.640483879336694706e-01 2.621393584503522334e+00
5.839464882943143920e+01 1.432402972346249331e-02 1.674861109515451307e+00 3.101071818271909294e-02 7.680064715755146043e-01 2.682131166165263814e+00
5.869565217391304657e+01 1.459869331113501818e-02 1.683492019784794236e+00 2.764287621418513169e-02 7.719645552173598491e-01 2.752394993780411081e+00
5.899665551839465394e+01 1.485992563159416364e-02 1.692122930054136942e+00 2.338000747586059525e-02 7.759226388592050938e-01 2.828778691991451932e+00
5.929765886287626131e+01 1.510864344356401857e-02 1.700753840323479871e+00 2.046416660095646753e-02 7.798807225010502275e-01 2.907075936929313542e+00
5.959866220735786158e+01 1.534632764650155183e-02 1.709384750592822577e+00 1.861119204651677864e-02 7.838388061428954723e-01 2.983175710291858795e+00
5.989966555183946895e+01 1.557459973800390945e-02 1.718015660862165506e+00 1.670994701208105421e-02 7.877968897847406060e-01 3.053215789763277233e+00
6.020066889632107632e+01 1.579489524725802632e-02 1.726646571131508434e+00 1.544000125875234428e-02 7.917549734265858508e-01 3.113388884436865567e+00
6.050167224080267658e+01 1.600832587000349319e-02 1.735277481400851141e+00 1.586871844220432565e-02 7.957130570684310955e-01 3.160322676987678658e+00
6.080267558528428395e+01 1.621575237718284393e-02 1.743908391670194069e+00 1.700648111211208041e-02 7.996711407102762292e-01 3.192475444593374068e+00
6.110367892976589133e+01 1.641799559763502600e-02 1.752539301939536776e+00 1.708786921067351541e-02 8.036292243521214740e-01 3.211727281280579049e+00
6.140468227424749870e+01 1.661604346721632861e-02 1.761170212208879704e+00 1.578128342636447509e-02 8.075873079939667187e-01 3.223654013991696932e+00
6.170568561872909896e+01 1.681111520741376819e-02 1.769801122478222632e+00 1.392994976380269000e-02 8.115453916358118525e-01 3.235789121093298526e+00
6.200668896321070633e+01 1.700452762543918153e-02 1.778432032747565339e+00 1.238494489933133873e-02 8.155034752776570972e-01 3.254781817419705181e+00
6.230769230769231370e+01 1.719743080284566808e-02 1.787062943016908267e+00 1.172262302946236803e-02 8.194615589195023420e-01 3.284170769261792078e+00
6.260869565217392108e+01 1.739056986700475080e-02 1.795693853286250974e+00 1.189325968922682643e-02 8.234196425613474757e-01 3.323876099304311715e+00
6.290969899665552134e+01 1.758423060429763901e-02 1.804324763555593902e+00 1.191543601264099736e-02 8.273777262031927204e-01 3.371230001320852043e+00
6.321070234113712871e+01 1.777843574191213458e-02 1.812955673824936609e+00 1.124644608985396650e-02 8.313358098450379652e-01 3.422541749619356644e+00
6.351170568561873608e+01 1.797332670350161588e-02 1.821586584094279537e+00 1.037387432652476550e-02 8.352938934868830989e-01 3.474286633113754519e+00
6.381270903010033635e+01 1.816956554952181210e-02 1.830217494363622466e+00 9.571733804962642353e-03 8.392519771287283437e-01 3.523641937635618504e+00
6.411371237458195083e+01 1.836857431188459316e-02 1.838848404632965172e+00 8.980216218780119955e-03 8.432100607705734774e-01 3.568577673013152651e+00
6.441471571906355109e+01 1.857249573945716353e-02 1.847479314902308101e+00 9.305259104893054065e-03 8.471681444124187221e-01 3.607750247172719860e+00
6.471571906354515136e+01 1.878386951202812294e-02 1.856110225171650807e+00 1.074004095208646974e-02 8.511262280542639669e-01 3.640303831085177855e+00
6.501672240802676583e+01 1.900511734674656047e-02 1.864741135440993736e+00 1.213391791180625304e-02 8.550843116961091006e-01 3.665658308866033721e+00
6.531772575250836610e+01 1.923798289476169251e-02 1.873372045710336442e+00 1.235536305196039547e-02 8.590423953379543454e-01 3.683386617616499770e+00
6.561872909698996637e+01 1.948307168536298623e-02 1.882002955979679371e+00 1.147816450647290779e-02 8.630004789797995901e-01 3.693163705328476709e+00
6.591973244147158084e+01 1.973959835215719633e-02 1.890633866249022299e+00 1.020883980707637875e-02 8.669585626216447238e-01 3.694621254737723959e+00
6.622073578595318111e+01 2.000539428749387866e-02 1.899264776518365005e+00 8.904204105496117683e-03 8.709166462634899686e-01 3.687075902901288948e+00
6.652173913043478137e+01 2.027717450228592316e-02 1.907895686787707934e+00 7.571601735202556673e-03 8.748747299053352133e-01 3.669440601944330638e+00
6.682274247491639585e+01 2.055101665044201109e-02 1.916526597057050640e+00 6.400752656179425903e-03 8.788328135471803471e-01 3.640659894527040752e+00
6.712374581939799612e+01 2.082297292581569009e-02 1.925157507326393569e+00 5.694587211532847748e-03 8.827908971890255918e-01 3.600522164810111558e+00
6.742474916387959638e+01 2.108971903405554640e-02 1.933788417595736497e+00 5.334730453629745080e-03 8.867489808308708366e-01 3.550225376810157041e+00
6.772575250836121086e+01 2.134914113931791341e-02 1.942419327865079204e+00 4.660393756758214774e-03 8.907070644727159703e-01 3.492184932310232082e+00
6.802675585284281112e+01 2.160076471211174257e-02 1.951050238134422132e+00 3.593629974827553843e-03 8.946651481145612150e-01 3.429148398451784985e+00
6.832775919732442560e+01 2.184593383760536842e-02 1.959681148403764839e+00 3.040135389727241597e-03 8.986232317564063488e-01 3.363176266061702613e+00
6.862876254180602587e+01 2.208766181700275166e-02 1.968312058673107767e+00 3.329627186255729523e-03 9.025813153982515935e-01 3.295128981575125682e+00
6.892976588628762613e+01 2.233011126673542165e-02 1.976942968942450474e+00 3.665938392965545183e-03 9.065393990400968383e-01 3.224941153114596393e+00
6.923076923076924061e+01 2.257773968970507028e-02 1.985573879211793402e+00 3.435477596993201984e-03 9.104974826819419720e-01 3.152371225565458346e+00
6.953177257525084087e+01 2.283425660472226948e-02 1.994204789481136331e+00 2.965154119582903702e-03 9.144555663237872167e-01 3.077572745240988450e+00
6.983277591973244114e+01 2.310163867388831047e-02 2.002835699750479037e+00 2.828625617790013567e-03 9.184136499656324615e-01 3.001096631013809191e+00
7.013377926421405562e+01 2.337947909155875179e-02 2.011466610019821744e+00 3.127086889737283690e-03 9.223717336074775952e-01 2.923470702629996421e+00
7.043478260869565588e+01 2.366486577173360778e-02 2.020097520289164894e+00 3.353521407189529856e-03 9.263298172493228400e-01 2.844685365258550647e+00
7.073578595317725615e+01 2.395280520700476118e-02 2.028728430558507601e+00 2.854661967320593942e-03 9.302879008911680847e-01 2.763752464314681134e+00
7.103678929765887062e+01 2.423701275404649760e-02 2.037359340827850307e+00 1.776312808576059783e-03 9.342459845330132184e-01 2.678537226883904498e+00
7.133779264214047089e+01 2.451077708269369659e-02 2.045990251097193457e+00 9.374047196949775217e-04 9.382040681748584632e-01 2.586320082659830266e+00
7.163879598662208537e+01 2.476764123223390915e-02 2.054621161366536164e+00 8.115366885113112954e-04 9.421621518167035969e-01 2.485347494936794188e+00
7.193979933110368563e+01 2.500180829473463984e-02 2.063252071635878870e+00 1.272889549891302553e-03 9.461202354585488417e-01 2.376688486744480855e+00
7.224080267558528590e+01 2.520838141536259694e-02 2.071882981905221577e+00 1.875736526114710418e-03 9.500783191003940864e-01 2.264884028957981243e+00
7.254180602006690037e+01 2.538366516115050237e-02 2.080513892174564727e+00 2.266224242855788273e-03 9.540364027422392201e-01 2.156337813676505011e+00
7.284280936454850064e+01 2.552571219256758242e-02 2.089144802443907434e+00 2.571078388200007808e-03 9.579944863840844649e-01 2.056119807053357285e+00
7.314381270903010090e+01 2.563510920149069186e-02 2.097775712713250140e+00 2.969188158184977912e-03 9.619525700259297096e-01 1.965315296655573141e+00
7.344481605351171538e+01 2.571575796807579889e-02 2.106406622982593291e+00 3.151607132928181763e-03 9.659106536677748434e-01 1.880769545271905319e+00
7.374581939799331565e+01 2.577525385794793636e-02 2.115037533251935997e+00 2.853139364172193031e-03 9.698687373096200881e-01 1.797254478040658077e+00
7.404682274247491591e+01 2.582449296978854558e-02 2.123668443521278704e+00 2.328922365801414530e-03 9.738268209514653329e-01 1.710383176185419574e+00
7.434782608695653039e+01 2.587636235050700881e-02 2.132299353790621410e+00 1.903424631079681049e-03 9.777849045933104666e-01 1.618391197268298276e+00
7.464882943143813065e+01 2.594370250629109836e-02 2.140930264059964561e+00 1.617160063567096547e-03 9.817429882351557113e-01 1.522068234189718705e+00
7.494983277591973092e+01 2.603703742603630938e-02 2.149561174329307267e+00 1.408687874174491305e-03 9.857010718770009561e-01 1.423472874548748601e+00
7.525083612040134540e+01 2.616271056352853855e-02 2.158192084598649974e+00 1.237620626220734162e-03 9.896591555188460898e-01 1.324575681710700836e+00
7.555183946488294566e+01 2.632197893663445684e-02 2.166822994867993124e+00 1.090134254991377387e-03 9.936172391606913346e-01 1.226553551510783491e+00
7.585284280936456014e+01 2.651133054362205671e-02 2.175453905137335830e+00 9.189305844494565900e-04 9.975753228025364683e-01 1.129755511871142648e+00
7.615384615384616041e+01 2.672391111547894535e-02 2.184084815406678537e+00 7.290369566574812776e-04 1.001533406444381713e+00 1.034034307361744398e+00
7.645484949832776067e+01 2.695161307884865604e-02 2.192715725676021243e+00 7.016329242700587027e-04 1.005491490086226847e+00 9.392414002660671724e-01
7.675585284280937515e+01 2.718720369797974351e-02 2.201346635945364394e+00 8.843042621373199165e-04 1.009449573728072203e+00 8.457797458658264933e-01
7.705685618729097541e+01 2.742589727269531541e-02 2.209977546214707100e+00 1.029017460770904847e-03 1.013407657369917336e+00 7.549628009806289564e-01
7.735785953177257568e+01 2.766598330130518035e-02 2.218608456484049807e+00 9.594131221744969708e-04 1.017365741011762470e+00 6.688438897668592675e-01
7.765886287625419016e+01 2.790843124694550662e-02 2.227239366753392957e+00 8.024288713169000281e-04 1.021323824653607826e+00 5.894961648502873297e-01
7.795986622073579042e+01 2.815570257991428793e-02 2.235870277022735664e+00 7.581440473277402349e-04 1.025281908295452959e+00 5.182173245333535627e-01
7.826086956521739069e+01 2.841021862947945911e-02 2.244501187292078370e+00 8.374790936011302332e-04 1.029239991937298093e+00 4.552397705907073600e-01
7.856187290969900516e+01 2.867299704122662843e-02 2.253132097561421077e+00 9.564205950207206640e-04 1.033198075579143449e+00 4.000696150043887567e-01
7.886287625418060543e+01 2.894286839437863398e-02 2.261763007830764227e+00 1.093164329516960361e-03 1.037156159220988583e+00 3.520290725811203725e-01
7.916387959866221991e+01 2.921646000894995154e-02 2.270393918100106934e+00 1.226069881810072648e-03 1.041114242862833716e+00 3.105146066400791272e-01
7.946488294314382017e+01 2.948886904624802019e-02 2.279024828369449640e+00 1.248454742745748773e-03 1.045072326504679072e+00 2.749033353917560984e-01
7.976588628762542044e+01 2.975473502699426537e-02 2.287655738638792791e+00 1.128827785189198164e-03 1.049030410146524206e+00 2.443952827622505319e-01
8.006688963210703491e+01 3.000933097004777894e-02 2.296286648908135497e+00 9.727481600610350145e-04 1.052988493788369340e+00 2.180127096964641631e-01
8.036789297658863518e+01 3.024934046906487331e-02 2.304917559177478203e+00 8.550745878952865356e-04 1.056946577430214695e+00 1.947228310844046906e-01
8.066889632107023544e+01 3.047314058185374153e-02 2.313548469446820910e+00 7.829834314688296397e-04 1.060904661072059829e+00 1.735719643485649222e-01
8.096989966555184992e+01 3.068060000003590762e-02 2.322179379716164060e+00 6.973171197584349720e-04 1.064862744713904963e+00 1.538063594675601886e-01
8.127090301003345019e+01 3.087255876247129924e-02 2.330810289985506767e+00 5.084120887515695400e-04 1.068820828355750097e+00 1.349877519080299182e-01
8.157190635451505045e+01 3.105023326606790729e-02 2.339441200254849473e+00 2.670620040918797065e-04 1.072778911997595452e+00 1.170525111834512383e-01
8.187290969899666493e+01 3.121477634840175153e-02 2.348072110524192624e+00 1.271358739226134834e-04 1.076736995639440586e+00 1.002418168732091414e-01
8.217391304347826519e+01 3.136713476970971054e-02 2.356703020793535330e+00 1.318933317924497490e-04 1.080695079281285720e+00 8.490543561786756399e-02
8.247491638795986546e+01 3.150822117376109177e-02 2.365333931062878037e+00 1.984649859461801971e-04 1.084653162923131076e+00 7.128409367268694063e-02
8.277591973244147994e+01 3.163929495790776536e-02 2.373964841332220743e+00 2.409085160660882376e-04 1.088611246564976209e+00 5.940651302836953696e-02
8.307692307692308020e+01 3.176236196822213725e-02 2.382595751601563894e+00 2.352585146743010783e-04 1.092569330206821343e+00 4.915573949021047329e-02
8.337792642140469468e+01 3.188038043125788340e-02 2.391226661870906600e+00 1.802757615372141799e-04 1.096527413848666699e+00 4.042172088398710006e-02
8.367892976588629494e+01 3.199710719274600351e-02 2.399857572140249307e+00 9.671907547925436401e-05 1.100485497490511833e+00 3.318533834733793791e-02
8.397993311036789521e+01 3.211652257622799739e-02 2.408488482409592457e+00 3.318333976191717248e-05 1.104443581132356966e+00 2.744883336143457905e-02
8.428093645484950969e+01 3.224190701702318862e-02 2.417119392678935164e+00 6.982317032750192515e-06 1.108401664774202322e+00 2.308116487519985133e-02
8.458193979933110995e+01 3.237477373840105116e-02 2.425750302948277870e+00 8.872265737919263541e-07 1.112359748416047456e+00 1.973872377227065336e-02
8.488294314381271022e+01 3.251395572053910471e-02 2.434381213217621021e+00 6.772294663724086548e-08 1.116317832057892590e+00 1.695859231840997350e-02
8.518394648829432469e+01 3.265517388736789012e-02 2.443012123486963727e+00 3.099878438655683367e-09 1.120275915699737945e+00 1.436021461664994600e-02
8.548494983277592496e+01 3.279135534873978131e-02 2.451643033756306433e+00 8.503777073683567772e-11 1.124233999341583079e+00 1.179126131362408757e-02
8.578595317725752523e+01 3.291381584339843347e-02 2.460273944025649140e+00 1.401135833464125657e-12 1.128192082983428213e+00 9.313059928796578110e-03
8.608695652173913970e+01 3.301418292009281746e-02 2.468904854294992290e+00 4.023817563654914600e-13 1.132150166625273568e+00 7.069900768080651654e-03
8.638795986622073997e+01 3.308666606873907762e-02 2.477535764564334997e+00 2.740446239953551982e-11 1.136108250267118702e+00 5.167620384674167025e-03
8.668896321070235444e+01 3.313006371934729827e-02 2.486166674833677703e+00 1.157865500965679461e-09 1.140066333908963836e+00 3.636523450171845993e-03
8.698996655518395471e+01 3.314883428561173073e-02 2.494797585103020854e+00 2.931117802280857966e-08 1.144024417550809192e+00 2.456814220167060671e-03
8.729096989966555498e+01 3.315271790572740102e-02 2.503428495372363560e+00 4.445754499631811587e-07 1.147982501192654325e+00 1.588863963019033479e-03
8.759197324414716945e+01 3.315477187168495293e-02 2.512059405641706267e+00 4.040124278323363142e-06 1.151940584834499459e+00 9.834943714763105544e-04
8.789297658862876972e+01 3.316817945941948065e-02 2.520690315911048973e+00 2.199788954215943477e-05 1.155898668476344815e+00 5.838925592032870012e-04
8.819397993311036998e+01 3.320264509155939486e-02 2.529321226180392124e+00 7.176362262218332700e-05 1.159856752118189949e+00 3.324281709749733922e-04
8.849498327759198446e+01 3.326142594661007923e-02 2.537952136449734830e+00 1.402699799427176511e-04 1.163814835760035082e+00 1.801844576393994203e-04
8.879598662207358473e+01 3.333995972463391771e-02 2.546583046719077537e+00 1.642714764128697796e-04 1.167772919401880216e+00 9.159579473109082505e-05
8.909698996655518499e+01 3.342662976518659401e-02 2.555213956988420687e+00 1.152647812472506886e-04 1.171731003043725572e+00 4.285421290946520462e-05
8.939799331103679947e+01 3.350558069850849419e-02 2.563844867257763394e+00 4.845829670591384868e-05 1.175689086685570706e+00 1.812670544645756559e-05
8.969899665551839973e+01 3.356085992130609930e-02 2.572475777527106100e+00 1.220609381305392319e-05 1.179647170327415839e+00 6.834333601122838584e-06
9.000000000000000000e+01 3.358072363679836386e-02 2.581106687796449251e+00 1.842138616387071623e-06 1.183605253969261195e+00 2.273764552477039104e-06
