0.000000000000000000e+00 1.117311782310683545e-40 1.212128655522919929e-01 1.195471608069348871e-06 7.730446266311782888e-02 2.275334790394093346e-06
3.010033444816053727e-01 7.954740119692298850e-40 1.305941612425426113e-01 3.342382103735063187e-06 8.318332114500365249e-02 7.637758954468322749e-06
6.020066889632107454e-01 1.072692937711975290e-38 1.399754569327932574e-01 8.179814581866351515e-06 8.906217962688947609e-02 2.121389175464169927e-05
9.030100334448161181e-01 1.389474980939295272e-37 1.493567526230438758e-01 1.752271318149315637e-05 9.494103810877531358e-02 4.875380418795178454e-05
1.204013377926421491e+00 1.720754023816233346e-36 1.587380483132945219e-01 3.285714136992002991e-05 1.008198965906611372e-01 9.271082136365753367e-05
1.505016722408026864e+00 2.037370003156710484e-35 1.681193440035451403e-01 5.392979027427501380e-05 1.066987550725469608e-01 1.458767598565427286e-04
1.806020066889632236e+00 2.306237486290994596e-34 1.775006396937957587e-01 7.748153525006667996e-05 1.125776135544327983e-01 1.899221193228369593e-04
2.107023411371237387e+00 2.495865353581255257e-33 1.868819353840464048e-01 9.744021520364153034e-05 1.184564720363186219e-01 2.045967577328723283e-04
2.408026755852842982e+00 2.582386749788378026e-32 1.962632310742970509e-01 1.072627142634993973e-04 1.243353305182044455e-01 1.823709691829803207e-04
2.709030100334448576e+00 2.554491282863198011e-31 2.056445267645476693e-01 1.033546121463744838e-04 1.302141890000902691e-01 1.345074764655992256e-04
3.010033444816053727e+00 2.415853390379560991e-30 2.150258224547982877e-01 8.717289550931572038e-05 1.360930474819760927e-01 8.208634211856645426e-05
3.311036789297658878e+00 2.184337474829852712e-29 2.244071181450489338e-01 6.435815904635409934e-05 1.419719059638619441e-01 4.145043967478178953e-05
3.612040133779264472e+00 1.888217041946261169e-28 2.337884138352995522e-01 4.159070525362343833e-05 1.478507644457477399e-01 1.731893329768747087e-05
3.913043478260870067e+00 1.560511982789916105e-27 2.431697095255501706e-01 2.352661729048637735e-05 1.537296229276335913e-01 5.987518900326328135e-06
4.214046822742474774e+00 1.233006387493799976e-26 2.525510052158008167e-01 1.164912275931004631e-05 1.596084814095194149e-01 1.712799055630766164e-06
4.515050167224080369e+00 9.314221803545959046e-26 2.619323009060514629e-01 5.048908346987634964e-06 1.654873398914052385e-01 4.054148869749093171e-07
4.816053511705685963e+00 6.726836396434775877e-25 2.713135965963020535e-01 1.915456453641329750e-06 1.713661983732910621e-01 7.940113840246530448e-08
5.117056856187291558e+00 4.644705771350496028e-24 2.806948922865526996e-01 6.360885970520984221e-07 1.772450568551768857e-01 1.286730294082861689e-08
5.418060200668897153e+00 3.066116277473648419e-23 2.900761879768033458e-01 1.848985342143521401e-07 1.831239153370627093e-01 1.725369364170348157e-09
5.719063545150501859e+00 1.935094270667701352e-22 2.994574836670539364e-01 4.704569161085611440e-08 1.890027738189485329e-01 1.914301760168342400e-10
6.020066889632107454e+00 1.167612560843686841e-21 3.088387793573046380e-01 1.047796099739406217e-08 1.948816323008343843e-01 1.757407496805993659e-11
6.321070234113713049e+00 6.735635184711339930e-21 3.182200750475552287e-01 2.042698305529414809e-09 2.007604907827201801e-01 1.334960176874343102e-12
6.622073578595317755e+00 3.714852545310550183e-20 3.276013707378058748e-01 3.485797954878871691e-10 2.066393492646060315e-01 8.390694442584834677e-14
6.923076923076923350e+00 1.958790118809573932e-19 3.369826664280565209e-01 5.206797934545132661e-11 2.125182077464918551e-01 4.363764061869765012e-15
7.224080267558528945e+00 9.874557321408363883e-19 3.463639621183071116e-01 6.807846717116525732e-12 2.183970662283776787e-01 1.877839094519093802e-16
7.525083612040134540e+00 4.759166652821623048e-18 3.557452578085577577e-01 7.791471463977692284e-13 2.242759247102635023e-01 6.686352231633121716e-18
7.826086956521740134e+00 2.192945951375330689e-17 3.651265534988084038e-01 7.805958019239539723e-14 2.301547831921493259e-01 1.969944023280009226e-19
8.127090301003345729e+00 9.660707609447065143e-17 3.745078491890589945e-01 6.924685215348300421e-15 2.360336416740351495e-01 4.802333096061902854e-21
8.428093645484949548e+00 4.068874466838591577e-16 3.838891448793096406e-01 1.693828109579553210e-15 2.419125001559210009e-01 9.686891470828209338e-23
8.729096989966555142e+00 1.638417049315997687e-15 3.932704405695602867e-01 1.499604542658128788e-14 2.477913586378068245e-01 1.616777839532869118e-24
9.030100334448160737e+00 6.307540931203927729e-15 4.026517362598109329e-01 1.680906513642668944e-13 2.536702171196926203e-01 2.232801017690109645e-26
9.331103678929766332e+00 2.321571214918872118e-14 4.120330319500615235e-01 1.657712972206178208e-12 2.595490756015784717e-01 2.551428807646093389e-28
9.632107023411371927e+00 8.169423775407854263e-14 4.214143276403121696e-01 1.435574362445033409e-11 2.654279340834643230e-01 2.412407376835035495e-30
9.933110367892977521e+00 2.748463050074502424e-13 4.307956233305628158e-01 1.092098746728554855e-10 2.713067925653501189e-01 1.887346328610876535e-32
1.023411371237458312e+01 8.840556132194469647e-13 4.401769190208134064e-01 7.301436685457866374e-10 2.771856510472359147e-01 1.221761155794007789e-34
1.053511705685618871e+01 2.718713086421911839e-12 4.495582147110640525e-01 4.292118805900542654e-09 2.830645095291217661e-01 6.544173208680392069e-37
1.083612040133779431e+01 7.993651541312867679e-12 4.589395104013146987e-01 2.219610950233485876e-08 2.889433680110076175e-01 2.900394130928221845e-39
1.113712374581939812e+01 2.247141528827359734e-11 4.683208060915653448e-01 1.010345451639766401e-07 2.948222264928934688e-01 1.063635954450575626e-41
1.143812709030100372e+01 6.039851390089909799e-11 4.777021017818159354e-01 4.050664089214407219e-07 3.007010849747792647e-01 3.227515513926492656e-44
1.173913043478260931e+01 1.552181521480937649e-10 4.870833974720665815e-01 1.431416334218382595e-06 3.065799434566650605e-01 2.751814207731116876e-46
1.204013377926421491e+01 3.814103821575483401e-10 4.964646931623172277e-01 4.462550625329892431e-06 3.124588019385509119e-01 7.524613395002070847e-44
1.234113712374582050e+01 8.961781034719524978e-10 5.058459888525678183e-01 1.228849257722257297e-05 3.183376604204367633e-01 2.413060188895844563e-41
1.264214046822742610e+01 2.013596674255163904e-09 5.152272845428185200e-01 2.993999086287025833e-05 3.242165189023225591e-01 6.403049358163505586e-39
1.294314381270903169e+01 4.326734604629889769e-09 5.246085802330691106e-01 6.470730766050926744e-05 3.300953773842083550e-01 1.405851034841132855e-36
1.324414715719063551e+01 8.892068283954418058e-09 5.339898759233197012e-01 1.245457956279889691e-04 3.359742358660942063e-01 2.554027217157355340e-34
1.354515050167224111e+01 1.748079995527420062e-08 5.433711716135702918e-01 2.148184608940574862e-04 3.418530943479800577e-01 3.839242096980524413e-32
1.384615384615384670e+01 3.287901228031367226e-08 5.527524673038209935e-01 3.351760229792208660e-04 3.477319528298659090e-01 4.775284385264669115e-30
1.414715719063545230e+01 5.918170477517280788e-08 5.621337629940716951e-01 4.794664328958878714e-04 3.536108113117516494e-01 4.914583848873588125e-28
1.444816053511705789e+01 1.019809845713702435e-07 5.715150586843222857e-01 6.395736660961155989e-04 3.594896697936375007e-01 4.185121119993842005e-26
1.474916387959866348e+01 1.683133560198994252e-07 5.808963543745728764e-01 8.096502433205495560e-04 3.653685282755233521e-01 2.948920737036951226e-24
1.505016722408026908e+01 2.662322103025854131e-07 5.902776500648234670e-01 9.853211900135929076e-04 3.712473867574092035e-01 1.719301243111359097e-22
1.535117056856187467e+01 4.039365238059071048e-07 5.996589457550741686e-01 1.157273836674976809e-03 3.771262452392950548e-01 8.294203926200651293e-21
1.565217391304348027e+01 5.885254465260526051e-07 6.090402414453247593e-01 1.306479640223401351e-03 3.830051037211807952e-01 3.310788052418361762e-19
1.595317725752508409e+01 8.246351772214371026e-07 6.184215371355754609e-01 1.409530597042223804e-03 3.888839622030666465e-01 1.093508462241788538e-17
1.625418060200669146e+01 1.113381651402386643e-06 6.278028328258260515e-01 1.453662903311890228e-03 3.947628206849524979e-01 2.988459118922266131e-16
1.655518394648829528e+01 1.452089722078618447e-06 6.371841285160766422e-01 1.450838268820620362e-03 4.006416791668383492e-01 6.757833191353357759e-15
1.685618729096989910e+01 1.835169406217028903e-06 6.465654242063272328e-01 1.440039405140653827e-03 4.065205376487242006e-01 1.264455890764669625e-13
1.715719063545150647e+01 2.256211867601482385e-06 6.559467198965778234e-01 1.476505739029787372e-03 4.123993961306099409e-01 1.957663471054702643e-12
1.745819397993311028e+01 2.711034011248381601e-06 6.653280155868286361e-01 1.615616610304254023e-03 4.182782546124957923e-01 2.507924458837225983e-11
1.775919732441471766e+01 3.201180386378813621e-06 6.747093112770792267e-01 1.900430641443350737e-03 4.241571130943816437e-01 2.658522692811318096e-10
1.806020066889632147e+01 3.737444733468586625e-06 6.840906069673298173e-01 2.357521855417382770e-03 4.300359715762674950e-01 2.332007477121098833e-09
1.836120401337792885e+01 4.343307512394419754e-06 6.934719026575804079e-01 3.000084685885197246e-03 4.359148300581532354e-01 1.692817033296072622e-08
1.866220735785953266e+01 5.058606314636847626e-06 7.028531983478309986e-01 3.832247869020090261e-03 4.417936885400390867e-01 1.017025248194724552e-07
1.896321070234114003e+01 5.943929487915482408e-06 7.122344940380818112e-01 4.847039156311013647e-03 4.476725470219249381e-01 5.058159071725826334e-07
1.926421404682274385e+01 7.085848721097330873e-06 7.216157897283324019e-01 6.016453518705076019e-03 4.535514055038107895e-01 2.083426739586021801e-06
1.956521739130434767e+01 8.602118723569641121e-06 7.309970854185829925e-01 7.282974963429469234e-03 4.594302639856966408e-01 7.112870969518083625e-06
1.986622073578595504e+01 1.064465790458345969e-05 7.403783811088335831e-01 8.566894313273126435e-03 4.653091224675823812e-01 2.015930831004759830e-05
2.016722408026755886e+01 1.339706955896426477e-05 7.497596767990841737e-01 9.795528601259539947e-03 4.711879809494682325e-01 4.757550430227461334e-05
2.046822742474916623e+01 1.706334735079185276e-05 7.591409724893347644e-01 1.094438312394731445e-02 4.770668394313540839e-01 9.403476383705034727e-05
2.076923076923077005e+01 2.184573006532786191e-05 7.685222681795855770e-01 1.206837154902627718e-02 4.829456979132399352e-01 1.573896530001330993e-04
2.107023411371237742e+01 2.791251399171634553e-05 7.779035638698361677e-01 1.330137336099080671e-02 4.888245563951256756e-01 2.276388328575478523e-04
2.137123745819398124e+01 3.536053917818339715e-05 7.872848595600867583e-01 1.481647370427503253e-02 4.947034148770115269e-01 2.944937578006196735e-04
2.167224080267558861e+01 4.418102452222525653e-05 7.966661552503373489e-01 1.676243409575087565e-02 5.005822733588973783e-01 3.581833935560268883e-04
2.197324414715719243e+01 5.423999268716751365e-05 8.060474509405879395e-01 1.920968006083250551e-02 5.064611318407832297e-01 4.316295231501177869e-04
2.227424749163879625e+01 6.528415221879523358e-05 8.154287466308387522e-01 2.213504259383949554e-02 5.123399903226690810e-01 5.304304272998158938e-04
2.257525083612040362e+01 7.697871199841817096e-05 8.248100423210893428e-01 2.545059202831963588e-02 5.182188488045548214e-01 6.603256995730851344e-04
2.287625418060200744e+01 8.897529538988684789e-05 8.341913380113399334e-01 2.905983836043532151e-02 5.240977072864406727e-01 8.138457697683375031e-04
2.317725752508361481e+01 1.009977120844786716e-04 8.435726337015905241e-01 3.291785768019128006e-02 5.299765657683265241e-01 9.812208920040670600e-04
2.347826086956521863e+01 1.129242556968428003e-04 8.529539293918411147e-01 3.707003123181272508e-02 5.358554242502123754e-01 1.172767481313631219e-03
2.377926421404682600e+01 1.248414428869589789e-04 8.623352250820917053e-01 4.163967590474427355e-02 5.417342827320981158e-01 1.437162067005870979e-03
2.408026755852842982e+01 1.370485966535928721e-04 8.717165207723425180e-01 4.674990160704933784e-02 5.476131412139839671e-01 1.849620071827169166e-03
2.438127090301003363e+01 1.500054971034931188e-04 8.810978164625931086e-01 5.241742028533140363e-02 5.534919996958698185e-01 2.460050798354959916e-03
2.468227424749164101e+01 1.642330398961880356e-04 8.904791121528436992e-01 5.850387811380215047e-02 5.593708581777556699e-01 3.231709018857610929e-03
2.498327759197324482e+01 1.801933407829543873e-04 8.998604078430942899e-01 6.477922443297887134e-02 5.652497166596415212e-01 4.022549248733362295e-03
2.528428093645485220e+01 1.981845089325237944e-04 9.092417035333448805e-01 7.104506458773281186e-02 5.711285751415272616e-01 4.634315186243520568e-03
2.558528428093645601e+01 2.182823225451242712e-04 9.186229992235956932e-01 7.720039654441564203e-02 5.770074336234131129e-01 4.903591972842226594e-03
2.588628762541806339e+01 2.403466888309590209e-04 9.280042949138462838e-01 8.320169771179450335e-02 5.828862921052989643e-01 4.780266941613330739e-03
2.618729096989966720e+01 2.640901447151402354e-04 9.373855906040968744e-01 8.900158394935769879e-02 5.887651505871848157e-01 4.347332660896272363e-03
2.648829431438127102e+01 2.891866281698892934e-04 9.467668862943474650e-01 9.457861989444388273e-02 5.946440090690706670e-01 3.771983821301756658e-03
2.678929765886287839e+01 3.153886869101341843e-04 9.561481819845980556e-01 1.000543486281076783e-01 6.005228675509565184e-01 3.225171918869310268e-03
2.709030100334448221e+01 3.426237576427976369e-04 9.655294776748486463e-01 1.057797687490675265e-01 6.064017260328422587e-01 2.829726081475307693e-03
2.739130434782608958e+01 3.710531745371198776e-04 9.749107733650994589e-01 1.123041355221490178e-01 6.122805845147281101e-01 2.663035769868482561e-03
2.769230769230769340e+01 4.010944086832971163e-04 9.842920690553500496e-01 1.202638423409338186e-01 6.181594429966139614e-01 2.780120604341144476e-03
2.799331103678930077e+01 4.334192913384680990e-04 9.936733647456006402e-01 1.302839953798158035e-01 6.240383014784998128e-01 3.211357644732085615e-03
2.829431438127090459e+01 4.689426466626113411e-04 1.003054660435851231e+00 1.429173318766221723e-01 6.299171599603855531e-01 3.941558898270271921e-03
2.859531772575251196e+01 5.088064089539764707e-04 1.012435956126101821e+00 1.585689285289669515e-01 6.357960184422714045e-01 4.917712029579136314e-03
2.889632107023411578e+01 5.543495447011121107e-04 1.021817251816352412e+00 1.773780451671924385e-01 6.416748769241572559e-01 6.093320959204898829e-03
2.919732441471571960e+01 6.070431517701819612e-04 1.031198547506603225e+00 1.991098051043105055e-01 6.475537354060431072e-01 7.447608288877725219e-03
2.949832775919732697e+01 6.683713594421799740e-04 1.040579843196853815e+00 2.231411878786066505e-01 6.534325938879289586e-01 8.937350365720440198e-03
2.979933110367893079e+01 7.396553525607716794e-04 1.049961138887104406e+00 2.485873708297198503e-01 6.593114523698146989e-01 1.044463668736515458e-02
3.010033444816053816e+01 8.218458418867237219e-04 1.059342434577354997e+00 2.745678681460117510e-01 6.651903108517005503e-01 1.181275441532592292e-02
3.040133779264214198e+01 9.153379359567548161e-04 1.068723730267605587e+00 3.005700906576896925e-01 6.710691693335864016e-01 1.294671597895440465e-02
3.070234113712374935e+01 1.019878230346174964e-03 1.078105025957856400e+00 3.267755304967241980e-01 6.769480278154722530e-01 1.386503375716689052e-02
3.100334448160535317e+01 1.134626187792745671e-03 1.087486321648106991e+00 3.541040486373150387e-01 6.828268862973579933e-01 1.466377014445571780e-02
3.130434782608696054e+01 1.258397233082159984e-03 1.096867617338357581e+00 3.837944983568126189e-01 6.887057447792438447e-01 1.545692262382715454e-02
3.160535117056856436e+01 1.390060352449649364e-03 1.106248913028608172e+00 4.166837881776897512e-01 6.945846032611296961e-01 1.632706703708698692e-02
3.190635451505016817e+01 1.529004653466972848e-03 1.115630208718858762e+00 4.527154134771202432e-01 7.004634617430155474e-01 1.726780786081075561e-02
3.220735785953177555e+01 1.675548252482462032e-03 1.125011504409109353e+00 4.911400805406400116e-01 7.063423202249013988e-01 1.816855609866203924e-02
3.250836120401338292e+01 1.831157194342687700e-03 1.134392800099359944e+00 5.312691476952250413e-01 7.122211787067871391e-01 1.893122694566923975e-02
3.280936454849498318e+01 1.998379647830430574e-03 1.143774095789610756e+00 5.730598320887563268e-01 7.181000371886729905e-01 1.965005570891589434e-02
3.311036789297659055e+01 2.180474064302894560e-03 1.153155391479861347e+00 6.169303003411409358e-01 7.239788956705588419e-01 2.063832262236582615e-02
3.341137123745819792e+01 2.380797866053939102e-03 1.162536687170111938e+00 6.629953595724311644e-01 7.298577541524446932e-01 2.222453845365622571e-02
3.371237458193979819e+01 2.602096836792563116e-03 1.171917982860362528e+00 7.105483591387901088e-01 7.357366126343305446e-01 2.450680455886082576e-02
3.401337792642140556e+01 2.845869420841731692e-03 1.181299278550613119e+00 7.583672420703243544e-01 7.416154711162162849e-01 2.729178847850063580e-02
3.431438127090301293e+01 3.111962642288990458e-03 1.190680574240863709e+00 8.055557110713775781e-01 7.474943295981021363e-01 3.024504237971920376e-02
3.461538461538462030e+01 3.398493447282322118e-03 1.200061869931114522e+00 8.521156179418832854e-01 7.533731880799879876e-01 3.311379765138407205e-02
3.491638795986622057e+01 3.702102486509731890e-03 1.209443165621365113e+00 8.988009848448983430e-01 7.592520465618738390e-01 3.587767572317930587e-02
3.521739130434782794e+01 4.018464917010742751e-03 1.218824461311615703e+00 9.465063961278070703e-01 7.651309050437595793e-01 3.875419615462045303e-02
3.551839464882943531e+01 4.342928972304779464e-03 1.228205757001866294e+00 9.956836186441653247e-01 7.710097635256454307e-01 4.206633082754179798e-02
3.581939799331104268e+01 4.671140205032094442e-03 1.237587052692116885e+00 1.046006966013945938e+00 7.768886220075312821e-01 4.605965427878958712e-02
3.612040133779264295e+01 4.999535552956207995e-03 1.246968348382367697e+00 1.096313668352478787e+00 7.827674804894171334e-01 5.078460509860287242e-02
3.642140468227425032e+01 5.325643473005148634e-03 1.256349644072618288e+00 1.144953659078506991e+00 7.886463389713029848e-01 5.609246524335109035e-02
3.672240802675585769e+01 5.648185551444902773e-03 1.265730939762868879e+00 1.190629479841651017e+00 7.945251974531887251e-01 6.170743762212099054e-02
3.702341137123745796e+01 5.967022929170962171e-03 1.275112235453119469e+00 1.233314527371370373e+00 8.004040559350745765e-01 6.732240760459892726e-02
3.732441471571906533e+01 6.283014476114719658e-03 1.284493531143370060e+00 1.274452639306223434e+00 8.062829144169604279e-01 7.269114901436037057e-02
3.762541806020067270e+01 6.597848240902185260e-03 1.293874826833620650e+00 1.316037719586341304e+00 8.121617728988462792e-01 7.768956155293789412e-02
3.792642140468228007e+01 6.913878729517145515e-03 1.303256122523871463e+00 1.359128604372776605e+00 8.180406313807320196e-01 8.231681547741256932e-02
3.822742474916388034e+01 7.233964728777362956e-03 1.312637418214122054e+00 1.402929874002072808e+00 8.239194898626178709e-01 8.665732498997850974e-02
3.852842809364548771e+01 7.561274982350402185e-03 1.322018713904372644e+00 1.445191431348128885e+00 8.297983483445037223e-01 9.088905416665497838e-02
3.882943143812709508e+01 7.899027654991631550e-03 1.331400009594623235e+00 1.483681641097400306e+00 8.356772068263895736e-01 9.537522285413344014e-02
3.913043478260869534e+01 8.250157389721323939e-03 1.340781305284873826e+00 1.517652098084953938e+00 8.415560653082754250e-01 1.006995473113315998e-01
3.943143812709030271e+01 8.616947872668248229e-03 1.350162600975124638e+00 1.548141033579806480e+00 8.474349237901611653e-01 1.074709643584946250e-01
3.973244147157191009e+01 9.000704080751173106e-03 1.359543896665375229e+00 1.576786116325411991e+00 8.533137822720470167e-01 1.160298560193922940e-01
4.003344481605351746e+01 9.401544547430749563e-03 1.368925192355625819e+00 1.604032111947056860e+00 8.591926407539328681e-01 1.264228111299535162e-01
4.033444816053511772e+01 9.818363383820501514e-03 1.378306488045876410e+00 1.628232836309089882e+00 8.650714992358187194e-01 1.386559980214314425e-01
4.063545150501672509e+01 1.024895887785495091e-02 1.387687783736127001e+00 1.646483439430165507e+00 8.709503577177044598e-01 1.527305927502042859e-01
4.093645484949833246e+01 1.069027825012745618e-02 1.397069079426377591e+00 1.656554180395868991e+00 8.768292161995903111e-01 1.682205119810482319e-01
4.123745819397993273e+01 1.113871117824957041e-02 1.406450375116628404e+00 1.658372445206567347e+00 8.827080746814761625e-01 1.839129869866970302e-01
4.153846153846154010e+01 1.159038356364790710e-02 1.415831670806878995e+00 1.653981710865843224e+00 8.885869331633620138e-01 1.981191439299064549e-01
4.183946488294314747e+01 1.204144043301480331e-02 1.425212966497129585e+00 1.646259024940902593e+00 8.944657916452478652e-01 2.095228686859260669e-01
4.214046822742475484e+01 1.248833401079579332e-02 1.434594262187380176e+00 1.637535549671510493e+00 9.003446501271336055e-01 2.178988355785930753e-01
4.244147157190635511e+01 1.292812875122175895e-02 1.443975557877630767e+00 1.628922632444219198e+00 9.062235086090194569e-01 2.242419978113331658e-01
4.274247491638796248e+01 1.335880061848984147e-02 1.453356853567881579e+00 1.620249742839258378e+00 9.121023670909053083e-01 2.303736309649122571e-01
4.304347826086956985e+01 1.377946651925591494e-02 1.462738149258132170e+00 1.610200610189776782e+00 9.179812255727911596e-01 2.383322418091282091e-01
4.334448160535117722e+01 1.419046225302464381e-02 1.472119444948382760e+00 1.596663996562155852e+00 9.238600840546769000e-01 2.497077753290707913e-01
4.364548494983277749e+01 1.459321162185325815e-02 1.481500740638633351e+00 1.577582759250728772e+00 9.297389425365627513e-01 2.649857837949977091e-01
4.394648829431438486e+01 1.498988835018246792e-02 1.490882036328883942e+00 1.552065592129906912e+00 9.356178010184486027e-01 2.832576027564448484e-01
4.424749163879599223e+01 1.538293768991074069e-02 1.500263332019134532e+00 1.520870449690701731e+00 9.414966595003344541e-01 3.027595760345356823e-01
4.454849498327759250e+01 1.577456338739509703e-02 1.509644627709385345e+00 1.485664973899371022e+00 9.473755179822203054e-01 3.220666608573973244e-01
4.484949832775919987e+01 1.616628127935895720e-02 1.519025923399635936e+00 1.447674728904183139e+00 9.532543764641060458e-01 3.410683623283088384e-01
4.515050167224080724e+01 1.655860197809310916e-02 1.528407219089886526e+00 1.407113066031348003e+00 9.591332349459918971e-01 3.610506156549447843e-01
4.545150501672241461e+01 1.695085950439735936e-02 1.537788514780137117e+00 1.364091236329708412e+00 9.650120934278777485e-01 3.839801398971076085e-01
4.575250836120401488e+01 1.734117779091677580e-02 1.547169810470387707e+00 1.320127504281958242e+00 9.708909519097635998e-01 4.115078562352724179e-01
4.605351170568562225e+01 1.772657160246812399e-02 1.556551106160638298e+00 1.278599337929350321e+00 9.767698103916494512e-01 4.441168265955662275e-01
4.635451505016722962e+01 1.810319751050140299e-02 1.565932401850889111e+00 1.243409205700080955e+00 9.826486688735351915e-01 4.807044600562744296e-01
4.665551839464882988e+01 1.846677644459139914e-02 1.575313697541139701e+00 1.216846114821264591e+00 9.885275273554210429e-01 5.188387786010641989e-01
4.695652173913043725e+01 1.881318220466175056e-02 1.584694993231390292e+00 1.198398191929184398e+00 9.944063858373068943e-01 5.556487965264655937e-01
4.725752508361204463e+01 1.913913341691661843e-02 1.594076288921640883e+00 1.185391106098944158e+00 1.000285244319192746e+00 5.888604365906467963e-01
4.755852842809365200e+01 1.944286553761788092e-02 1.603457584611891473e+00 1.174730606943195310e+00 1.006164102801078375e+00 6.174533287954766525e-01
4.785953177257525226e+01 1.972462723632851730e-02 1.612838880302142286e+00 1.164252588737391569e+00 1.012042961282964226e+00 6.418565256120072338e-01
4.816053511705685963e+01 1.998686159118189670e-02 1.622220175992392877e+00 1.152838756075279525e+00 1.017921819764850078e+00 6.638811647509480496e-01
4.846153846153846700e+01 2.023399377274456845e-02 1.631601471682643467e+00 1.139731964902057637e+00 1.023800678246735929e+00 6.864447153339803265e-01
4.876254180602006727e+01 2.047183185822735313e-02 1.640982767372894058e+00 1.124091294547672426e+00 1.029679536728621780e+00 7.129287677551084945e-01
4.906354515050167464e+01 2.070667055828027958e-02 1.650364063063144648e+00 1.105303262062491187e+00 1.035558395210507632e+00 7.460398388240128131e-01
4.936454849498328201e+01 2.094425109327290729e-02 1.659745358753395239e+00 1.083620644105105280e+00 1.041437253692393483e+00 7.864554608221380194e-01
4.966555183946488938e+01 2.118876597910698475e-02 1.669126654443646052e+00 1.060330423678000678e+00 1.047316112174279334e+00 8.321662121699902048e-01
4.996655518394648965e+01 2.144210056919178264e-02 1.678507950133896642e+00 1.037122140618272237e+00 1.053194970656165186e+00 8.794013333652123121e-01
5.026755852842809702e+01 2.170346835622190274e-02 1.687889245824147233e+00 1.015071113728802432e+00 1.059073829138050815e+00 9.247758571984339149e-01
5.056856187290970439e+01 2.196952125835731351e-02 1.697270541514397824e+00 9.939768096294578914e-01 1.064952687619936667e+00 9.670481784097499922e-01
5.086956521739130466e+01 2.223490869657681820e-02 1.706651837204648414e+00 9.725089230033899801e-01 1.070831546101822518e+00 1.007369975640894033e+00
5.117056856187291203e+01 2.249314815754925242e-02 1.716033132894899227e+00 9.490276948321750838e-01 1.076710404583708369e+00 1.048500400088027806e+00
5.147157190635451940e+01 2.273759523015887393e-02 1.725414428585149818e+00 9.225200675499113379e-01 1.082589263065594221e+00 1.093861952180995134e+00
5.177257525083612677e+01 2.296229576631322530e-02 1.734795724275400408e+00 8.930929465873876927e-01 1.088468121547480072e+00 1.146338851135777270e+00
5.207357859531772704e+01 2.316257178632310371e-02 1.744177019965650999e+00 8.618245994995488157e-01 1.094346980029365923e+00 1.206544701608512682e+00
5.237458193979933441e+01 2.333530546732236893e-02 1.753558315655901589e+00 8.301922008614094350e-01 1.100225838511251775e+00 1.271664120309254464e+00
5.267558528428094178e+01 2.347898944477598213e-02 1.762939611346152180e+00 7.994741460127054999e-01 1.106104696993137626e+00 1.336583928621976058e+00
5.297658862876254204e+01 2.359366015259742669e-02 1.772320907036402993e+00 7.704097552312992869e-01 1.111983555475023477e+00 1.397066806382375015e+00
5.327759197324414941e+01 2.368080912447776895e-02 1.781702202726653583e+00 7.431608829419151796e-01 1.117862413956909329e+00 1.452310478637496072e+00
5.357859531772575679e+01 2.374329895137254273e-02 1.791083498416904174e+00 7.174634272935657142e-01 1.123741272438795180e+00 1.504743595525751321e+00
5.387959866220736416e+01 2.378524265719506384e-02 1.800464794107154765e+00 6.928401719673563663e-01 1.129620130920680809e+00 1.557859030514221255e+00
5.418060200668896442e+01 2.381177848837909283e-02 1.809846089797405355e+00 6.688038431298903852e-01 1.135498989402566661e+00 1.614561049276748150e+00
5.448160535117057179e+01 2.382869822554221917e-02 1.819227385487656168e+00 6.450353844423525329e-01 1.141377847884452512e+00 1.677120275239642799e+00
5.478260869565217916e+01 2.384194482632028683e-02 1.828608681177906758e+00 6.215372181564863263e-01 1.147256706366338364e+00 1.747576773390985716e+00
5.508361204013378654e+01 2.385704697892277945e-02 1.837989976868157349e+00 5.987237439180764786e-01 1.153135564848224215e+00 1.827241536820067402e+00
5.538461538461538680e+01 2.387857568038351599e-02 1.847371272558407940e+00 5.773612963940399911e-01 1.159014423330110066e+00 1.915679606632026966e+00
5.568561872909699417e+01 2.390968941138527440e-02 1.856752568248658530e+00 5.582914827471773256e-01 1.164893281811995918e+00 2.010478304511440495e+00
5.598662207357860154e+01 2.395180273151912426e-02 1.866133863938909121e+00 5.420023304530919850e-01 1.170772140293881769e+00 2.108020024072600140e+00
5.628762541806020181e+01 2.400439689390252915e-02 1.875515159629159934e+00 5.282646336928245034e-01 1.176650998775767620e+00 2.204330388778948269e+00
5.658862876254180918e+01 2.406500214353174752e-02 1.884896455319410524e+00 5.160737101926586856e-01 1.182529857257653250e+00 2.295545634313232330e+00
5.688963210702341655e+01 2.412940360266310064e-02 1.894277751009661115e+00 5.039626513796401364e-01 1.188408715739539101e+00 2.378550266408035796e+00
5.719063545150502392e+01 2.419212145201332653e-02 1.903659046699911706e+00 4.904979463731147793e-01 1.194287574221424952e+00 2.452146844215460586e+00
5.749163879598662419e+01 2.424716335360121294e-02 1.913040342390162296e+00 4.746553524830425808e-01 1.200166432703310804e+00 2.518001843525715877e+00
5.779264214046823156e+01 2.428894594485035349e-02 1.922421638080412887e+00 4.559205885005949144e-01 1.206045291185196655e+00 2.580157035691813316e+00
5.809364548494983893e+01 2.431317479506556190e-02 1.931802933770663699e+00 4.342291207737378200e-01 1.211924149667082506e+00 2.642823934716882039e+00
5.839464882943143920e+01 2.431742137481548993e-02 1.941184229460914290e+00 4.099687244056255953e-01 1.217803008148968358e+00 2.707617237278417299e+00
5.869565217391304657e+01 2.430118943537722467e-02 1.950565525151164881e+00 3.840911023446487715e-01 1.223681866630854209e+00 2.772029221330071014e+00
5.899665551839465394e+01 2.426542170039256915e-02 1.959946820841415471e+00 3.581217163341527954e-01 1.229560725112740061e+00 2.830375343905421115e+00
5.929765886287626131e+01 2.421160343184086683e-02 1.969328116531666062e+00 3.338518048200080357e-01 1.235439583594625690e+00 2.876950654382107953e+00
5.959866220735786158e+01 2.414078101432206441e-02 1.978709412221916875e+00 3.127892651504449728e-01 1.241318442076511541e+00 2.909311183449907023e+00
5.989966555183946895e+01 2.405285259250423621e-02 1.988090707912167465e+00 2.957054760687358175e-01 1.247197300558397393e+00 2.929009074078000374e+00
6.020066889632107632e+01 2.394638132299710051e-02 1.997472003602418056e+00 2.825398964916698841e-01 1.253076159040283244e+00 2.939296336025106982e+00
6.050167224080267658e+01 2.381897760350235732e-02 2.006853299292668869e+00 2.726165335675994617e-01 1.258955017522169095e+00 2.942417192104278101e+00
6.080267558528428395e+01 2.366808832527011325e-02 2.016234594982919237e+00 2.649366024437089795e-01 1.264833876004054947e+00 2.939132144432035521e+00
6.110367892976589133e+01 2.349190874267843843e-02 2.025615890673170050e+00 2.583882751215690887e-01 1.270712734485940798e+00 2.930060553456233396e+00
6.140468227424749870e+01 2.329013649572827041e-02 2.034997186363420862e+00 2.518836088113298177e-01 1.276591592967826649e+00 2.916594185203449374e+00
6.170568561872909896e+01 2.306439304115774289e-02 2.044378482053671231e+00 2.444892100603324181e-01 1.282470451449712501e+00 2.900442179247245900e+00
6.200668896321070633e+01 2.281827705884793486e-02 2.053759777743922044e+00 2.355596328856111588e-01 1.288349309931598130e+00 2.882801662645702034e+00
6.230769230769231370e+01 2.255711847288244601e-02 2.063141073434172412e+00 2.248311123182757665e-01 1.294228168413483981e+00 2.864231605551154303e+00
6.260869565217392108e+01 2.228753782676665129e-02 2.072522369124423225e+00 2.124449001472643039e-01 1.300107026895369833e+00 2.844841640562669305e+00
6.290969899665552134e+01 2.201689694323641366e-02 2.081903664814674038e+00 1.989057479921806648e-01 1.305985885377255684e+00 2.823563872089565496e+00
6.321070234113712871e+01 2.175269293837664777e-02 2.091284960504924406e+00 1.849934157778270194e-01 1.311864743859141536e+00 2.796723340191362706e+00
6.351170568561873608e+01 2.150193395989391867e-02 2.100666256195175219e+00 1.716305245889963582e-01 1.317743602341027387e+00 2.758323960151509713e+00
6.381270903010033635e+01 2.127054972272230532e-02 2.110047551885425587e+00 1.597022687063086033e-01 1.323622460822913238e+00 2.703718447962933258e+00
6.411371237458195083e+01 2.106291360454256092e-02 2.119428847575676400e+00 1.498500326573589669e-01 1.329501319304799090e+00 2.634316038789595638e+00
6.441471571906355109e+01 2.088155666324833376e-02 2.128810143265926769e+00 1.423024529085291923e-01 1.335380177786684941e+00 2.558600114230568767e+00
6.471571906354515136e+01 2.072712123919276395e-02 2.138191438956177581e+00 1.368146836329827976e-01 1.341259036268570570e+00 2.487702385416637796e+00
6.501672240802676583e+01 2.059854151665736419e-02 2.147572734646427950e+00 1.327476423550531248e-01 1.347137894750456422e+00 2.428968885272974720e+00
6.531772575250836610e+01 2.049337901060881498e-02 2.156954030336678763e+00 1.292690476405383426e-01 1.353016753232342273e+00 2.382456827094068252e+00
6.561872909698996637e+01 2.040821264320769046e-02 2.166335326026929575e+00 1.256152498886010938e-01 1.358895611714228124e+00 2.342194500493521403e+00
6.591973244147158084e+01 2.033899873782431603e-02 2.175716621717179944e+00 1.213108141943080726e-01 1.364774470196113976e+00 2.300295415928949261e+00
6.622073578595318111e+01 2.028136300184657514e-02 2.185097917407430756e+00 1.162371116223610418e-01 1.370653328677999827e+00 2.250736371297795912e+00
6.652173913043478137e+01 2.023083350660942470e-02 2.194479213097681125e+00 1.105271377179164599e-01 1.376532187159885678e+00 2.190826782964946151e+00
6.682274247491639585e+01 2.018304153954033134e-02 2.203860508787931938e+00 1.043943527592530035e-01 1.382411045641771530e+00 2.120668006889927071e+00
6.712374581939799612e+01 2.013389802353185432e-02 2.213241804478182750e+00 9.803557583495382810e-02 1.388289904123657381e+00 2.042211913359107012e+00
6.742474916387959638e+01 2.007971703065705021e-02 2.222623100168433119e+00 9.163490776205039656e-02 1.394168762605543233e+00 1.958603449404357821e+00
6.772575250836121086e+01 2.001724072187314324e-02 2.232004395858683932e+00 8.537741113666807991e-02 1.400047621087428862e+00 1.872897231168819010e+00
6.802675585284281112e+01 1.994354865869768512e-02 2.241385691548934300e+00 7.940328537067585513e-02 1.405926479569314713e+00 1.785939814972029138e+00
6.832775919732442560e+01 1.985590440667999931e-02 2.250766987239185113e+00 7.374894704756783381e-02 1.411805338051200565e+00 1.695688249429314620e+00
6.862876254180602587e+01 1.975166471456421546e-02 2.260148282929435481e+00 6.836711610114994120e-02 1.417684196533086416e+00 1.599998259554306745e+00
6.892976588628762613e+01 1.962839861215012749e-02 2.269529578619686294e+00 6.323555494206710426e-02 1.423563055014972267e+00 1.500620227694699160e+00
6.923076923076924061e+01 1.948430285291525774e-02 2.278910874309937107e+00 5.845782945887111060e-02 1.429441913496858119e+00 1.403588917045714091e+00
6.953177257525084087e+01 1.931886889097699997e-02 2.288292170000187475e+00 5.425018782000438217e-02 1.435320771978743970e+00 1.315038907466616225e+00
6.983277591973244114e+01 1.913361210077181920e-02 2.297673465690438288e+00 5.080421852994664034e-02 1.441199630460629821e+00 1.236915903295595642e+00
7.013377926421405562e+01 1.893258908063830126e-02 2.307054761380688657e+00 4.812526713942127249e-02 1.447078488942515673e+00 1.166729574067127073e+00
7.043478260869565588e+01 1.872245250327993216e-02 2.316436057070939469e+00 4.597640567317940602e-02 1.452957347424401302e+00 1.100562400590540557e+00
7.073578595317725615e+01 1.851192301332954884e-02 2.325817352761190282e+00 4.398119241025721937e-02 1.458836205906287153e+00 1.035736773098737240e+00
7.103678929765887062e+01 1.831074243757090797e-02 2.335198648451440651e+00 4.181778045578317393e-02 1.464715064388173005e+00 9.712179070601939523e-01
7.133779264214047089e+01 1.812833795728627240e-02 2.344579944141691463e+00 3.937244385521193601e-02 1.470593922870058856e+00 9.067266957461757038e-01
7.163879598662208537e+01 1.797251210445746303e-02 2.353961239831941832e+00 3.676054022578868763e-02 1.476472781351944707e+00 8.422825258913365642e-01
7.193979933110368563e+01 1.784845551050957477e-02 2.363342535522192644e+00 3.422110188825391169e-02 1.482351639833830559e+00 7.784481180954612167e-01
7.224080267558528590e+01 1.775827619215320993e-02 2.372723831212443457e+00 3.196269041683413165e-02 1.488230498315716410e+00 7.163744582581155207e-01
7.254180602006690037e+01 1.770109465056662543e-02 2.382105126902693826e+00 3.004511546252619514e-02 1.494109356797602262e+00 6.573406379704438418e-01
7.284280936454850064e+01 1.767361644376171798e-02 2.391486422592944638e+00 2.834874494074969553e-02 1.499988215279488113e+00 6.023899823788640973e-01
7.314381270903010090e+01 1.767099896657352634e-02 2.400867718283195007e+00 2.664261840193519332e-02 1.505867073761373742e+00 5.522623986157948472e-01
7.344481605351171538e+01 1.768779310694764545e-02 2.410249013973445820e+00 2.471890882363649358e-02 1.511745932243259594e+00 5.071564130694564687e-01
7.374581939799331565e+01 1.771876112339316328e-02 2.419630309663696632e+00 2.251904753150900731e-02 1.517624790725145445e+00 4.663270411698722251e-01
7.404682274247491591e+01 1.775943486922786779e-02 2.429011605353947001e+00 2.016995866543888974e-02 1.523503649207031296e+00 4.281950552367226326e-01
7.434782608695653039e+01 1.780636264825022005e-02 2.438392901044197814e+00 1.790561048304277827e-02 1.529382507688917148e+00 3.911763087534202432e-01
7.464882943143813065e+01 1.785707677404495264e-02 2.447774196734448182e+00 1.593499648791343176e-02 1.535261366170802999e+00 3.545539534126443404e-01
7.494983277591973092e+01 1.790987788542084194e-02 2.457155492424698995e+00 1.435285415406561092e-02 1.541140224652688850e+00 3.187182704649037523e-01
7.525083612040134540e+01 1.796356152656467670e-02 2.466536788114949363e+00 1.313908574443136031e-02 1.547019083134574702e+00 2.847514266683150996e-01
7.555183946488294566e+01 1.801720012974592985e-02 2.475918083805200176e+00 1.221356150344727644e-02 1.552897941616460553e+00 2.537067147597762973e-01
7.585284280936456014e+01 1.807004286659381204e-02 2.485299379495450989e+00 1.148589739385725422e-02 1.558776800098346182e+00 2.259778783889447862e-01
7.615384615384616041e+01 1.812152374634307811e-02 2.494680675185701357e+00 1.087558201603060735e-02 1.564655658580232034e+00 2.011536708691513131e-01
7.645484949832776067e+01 1.817130326774207827e-02 2.504061970875952170e+00 1.031705239497709807e-02 1.570534517062117885e+00 1.784532620241292000e-01
7.675585284280937515e+01 1.821924187130456729e-02 2.513443266566202539e+00 9.763361422069894574e-03 1.576413375544003737e+00 1.573034014779753353e-01
7.705685618729097541e+01 1.826523316934644883e-02 2.522824562256453351e+00 9.182555146869294735e-03 1.582292234025889588e+00 1.375731940365615968e-01
7.735785953177257568e+01 1.830890446549223935e-02 2.532205857946704164e+00 8.543405603957120870e-03 1.588171092507775439e+00 1.194665909334461373e-01
7.765886287625419016e+01 1.834928592888899687e-02 2.541587153636954532e+00 7.807599076403132221e-03 1.594049950989661291e+00 1.032973581655494272e-01
7.795986622073579042e+01 1.838460757902604312e-02 2.550968449327205345e+00 6.946386607656647796e-03 1.599928809471547142e+00 8.922381259251513375e-02
7.826086956521739069e+01 1.841236546581721464e-02 2.560349745017455714e+00 5.971656462540838629e-03 1.605807667953432993e+00 7.704425005287050821e-02
7.856187290969900516e+01 1.842970099886266991e-02 2.569731040707706526e+00 4.949399331331898709e-03 1.611686526435318623e+00 6.626840719453666595e-02
7.886287625418060543e+01 1.843399942701297659e-02 2.579112336397957339e+00 3.977362379454456483e-03 1.617565384917204474e+00 5.645847947633437364e-02
7.916387959866221991e+01 1.842350115443977185e-02 2.588493632088207708e+00 3.142557557553624613e-03 1.623444243399090325e+00 4.750774522736074534e-02
7.946488294314382017e+01 1.839769247496058843e-02 2.597874927778458520e+00 2.489932299215429166e-03 1.629323101880976177e+00 3.958542018809679125e-02
7.976588628762542044e+01 1.835732040137314641e-02 2.607256223468708889e+00 2.018216688072741773e-03 1.635201960362862028e+00 3.283775736780900761e-02
8.006688963210703491e+01 1.830402677203369147e-02 2.616637519158959702e+00 1.694986354870901216e-03 1.641080818844747879e+00 2.716114429242004122e-02
8.036789297658863518e+01 1.823974949739365706e-02 2.626018814849210070e+00 1.475059627785169254e-03 1.646959677326633731e+00 2.226222996079146171e-02
8.066889632107023544e+01 1.816612225690766511e-02 2.635400110539460883e+00 1.314578940058248532e-03 1.652838535808519582e+00 1.792997254124447867e-02
8.096989966555184992e+01 1.808408277048040302e-02 2.644781406229711695e+00 1.181011281817960067e-03 1.658717394290405434e+00 1.423143247176029969e-02
8.127090301003345019e+01 1.799379173338403262e-02 2.654162701919962064e+00 1.058479476621542337e-03 1.664596252772291063e+00 1.141298994153338610e-02
8.157190635451505045e+01 1.789482845985103723e-02 2.663543997610212877e+00 9.453775075267788078e-04 1.670475111254176914e+00 9.592183057292655649e-03
8.187290969899666493e+01 1.778653155174663228e-02 2.672925293300463245e+00 8.449003567871774846e-04 1.676353969736062766e+00 8.549493724497593886e-03
8.217391304347826519e+01 1.766833233855351695e-02 2.682306588990714058e+00 7.554634672833397896e-04 1.682232828217948617e+00 7.824450911247884596e-03
8.247491638795986546e+01 1.753998015664279958e-02 2.691687884680964871e+00 6.685334816482840998e-04 1.688111686699834468e+00 7.011094823880379551e-03
8.277591973244147994e+01 1.740164155816720237e-02 2.701069180371215239e+00 5.747425346619361919e-04 1.693990545181720320e+00 5.979952244673243655e-03
8.307692307692308020e+01 1.725392183469049573e-02 2.710450476061466052e+00 4.720630896104127824e-04 1.699869403663606171e+00 4.867298701866399138e-03
8.337792642140469468e+01 1.709787688922291202e-02 2.719831771751716420e+00 3.687083547117745276e-04 1.705748262145492022e+00 3.894378366197544933e-03
8.367892976588629494e+01 1.693505702090002465e-02 2.729213067441967233e+00 2.783635846831991048e-04 1.711627120627377874e+00 3.193172807890182034e-03
8.397993311036789521e+01 1.676757592705255609e-02 2.738594363132218046e+00 2.115277968032747645e-04 1.717505979109263503e+00 2.760702566319017150e-03
8.428093645484950969e+01 1.659815861397969869e-02 2.747975658822468414e+00 1.693574685412788528e-04 1.723384837591149354e+00 2.520862081090522334e-03
8.458193979933110995e+01 1.643011079920908210e-02 2.757356954512719227e+00 1.440430884520392345e-04 1.729263696073035206e+00 2.387007972975678342e-03
8.488294314381271022e+01 1.626717188826636365e-02 2.766738250202969596e+00 1.247237098243069494e-04 1.735142554554921057e+00 2.271303109780856404e-03
8.518394648829432469e+01 1.611325143287009945e-02 2.776119545893220408e+00 1.042433418935026290e-04 1.741021413036806909e+00 2.085944102786456596e-03
8.548494983277592496e+01 1.597208752374031440e-02 2.785500841583471221e+00 8.228027791252879686e-05 1.746900271518692760e+00 1.781438371322216019e-03
8.578595317725752523e+01 1.584689052103810045e-02 2.794882137273721590e+00 6.374150941830553790e-05 1.752779130000578611e+00 1.386288587411943149e-03
8.608695652173913970e+01 1.574004023918541828e-02 2.804263432963972402e+00 5.457027590081249877e-05 1.758657988482464463e+00 9.905197360240611780e-04
8.638795986622073997e+01 1.565289019790586794e-02 2.813644728654222771e+00 5.785138928474598474e-05 1.764536846964350314e+00 6.829595673791895478e-04
8.668896321070235444e+01 1.558570503971181548e-02 2.823026024344473583e+00 7.182731150104646248e-05 1.770415705446235943e+00 5.012347688827764906e-04
8.698996655518395471e+01 1.553772533013019451e-02 2.832407320034723952e+00 9.017847181714159295e-05 1.776294563928121795e+00 4.262685312610573277e-04
8.729096989966555498e+01 1.550732665093543065e-02 2.841788615724974765e+00 1.044136514656720892e-04 1.782173422410007646e+00 4.072857189388270514e-04
8.759197324414716945e+01 1.549222475916663816e-02 2.851169911415225577e+00 1.075894053113817770e-04 1.788052280891893497e+00 3.922771711435120261e-04
8.789297658862876972e+01 1.548968001874100227e-02 2.860551207105475946e+00 9.752843466538862148e-05 1.793931139373779349e+00 3.497600753742149114e-04
8.819397993311036998e+01 1.549667160919076560e-02 2.869932502795726759e+00 7.750238861992273193e-05 1.799809997855665200e+00 2.762547700239022545e-04
8.849498327759198446e+01 1.551003839821749747e-02 2.879313798485977127e+00 5.393410511712907411e-05 1.805688856337551051e+00 1.891143196282722466e-04
8.879598662207358473e+01 1.552660741716285937e-02 2.888695094176227940e+00 3.285792286657036133e-05 1.811567714819436903e+00 1.107735572426199043e-04
8.909698996655518499e+01 1.554334090704014536e-02 2.898076389866478753e+00 1.752283707857687370e-05 1.817446573301322754e+00 5.502094661777527353e-05
8.939799331103679947e+01 1.555752278848670025e-02 2.907457685556729121e+00 8.179831775440540755e-06 1.823325431783208606e+00 2.301631894088873223e-05
8.969899665551839973e+01 1.556697883060405643e-02 2.916838981246979934e+00 3.342384192271403976e-06 1.829204290265094235e+00 8.067043620816650995e-06
9.000000000000000000e+01 1.557029471359427757e-02 2.926220276937230302e+00 1.195471830138697110e-06 1.835083148746980086e+00 2.359968231402584507e-06
