0.000000000000000000e+00 8.610571236319395499e-03 2.867314882993923786e-04 5.365108807848032596e-02 1.459118206240204302e-04 6.365817147627688133e-01
3.010033444816053727e-01 8.607921170987541115e-03 1.044808073432522758e-02 5.439716512433954293e-02 2.559111479437996012e-03 6.197655296711607198e-01
6.020066889632107454e-01 8.599841386062718682e-03 2.060942998035106277e-02 5.489816970556757325e-02 4.972311138251971595e-03 5.828444583920454614e-01
9.030100334448161181e-01 8.585950115594025850e-03 3.077077922637689797e-02 5.322439914517255316e-02 7.385510797065947611e-03 5.445104156850683053e-01
1.204013377926421491e+00 8.565634262571841795e-03 4.093212847240273317e-02 5.084319927187738730e-02 9.798710455879922759e-03 5.163495773617506890e-01
1.505016722408026864e+00 8.538083561043730702e-03 5.109347771842857183e-02 5.060237728177995747e-02 1.221191011469389791e-02 4.972948023898436931e-01
1.806020066889632236e+00 8.502336998112047101e-03 6.125482696445440356e-02 5.224367907101849090e-02 1.462510977350787479e-02 4.805209543417730544e-01
2.107023411371237387e+00 8.457339724209370774e-03 7.141617621048024223e-02 5.507599047783457574e-02 1.703830943232184647e-02 4.622872915694282714e-01
2.408026755852842982e+00 8.402007826274168409e-03 8.157752545650606701e-02 6.108458470247616484e-02 1.945150909113582682e-02 4.443021771343089732e-01
2.709030100334448576e+00 8.335297473618528269e-03 9.173887470253191956e-02 7.196167541744280527e-02 2.186470874994980024e-02 4.306179201891099928e-01
3.010033444816053727e+00 8.256274246172307443e-03 1.019002239485577443e-01 8.528891029221483122e-02 2.427790840876377365e-02 4.240102803842423218e-01
3.311036789297658878e+00 8.164178097741845233e-03 1.120615731945835691e-01 1.009566423079615305e-01 2.669110806757775400e-02 4.240842223945989198e-01
3.612040133779264472e+00 8.058479524359873566e-03 1.222229224406094217e-01 1.278478929872124970e-01 2.910430772639172742e-02 4.270758423035548867e-01
3.913043478260870067e+00 7.938923145065359538e-03 1.323842716866352465e-01 1.707886944809938745e-01 3.151750738520570083e-02 4.278308590742305739e-01
4.214046822742474774e+00 7.805556001054494118e-03 1.425456209326610713e-01 2.243104703339396377e-01 3.393070704401967425e-02 4.236199271642510089e-01
4.515050167224080369e+00 7.658739285637945066e-03 1.527069701786869238e-01 2.891118445648810376e-01 3.634390670283365460e-02 4.163192477512815959e-01
4.816053511705685963e+00 7.499143716649578004e-03 1.628683194247127486e-01 3.761807102962432259e-01 3.875710636164762801e-02 4.101015439037381527e-01
5.117056856187291558e+00 7.327730126686268428e-03 1.730296686707385734e-01 4.953163924074300284e-01 4.117030602046160143e-02 4.075260715570421244e-01
5.418060200668897153e+00 7.145717884740247425e-03 1.831910179167644259e-01 6.562245267019664041e-01 4.358350567927558178e-02 4.087050518690515388e-01
5.719063545150501859e+00 6.954544363512867380e-03 1.933523671627902507e-01 8.688842850988839350e-01 4.599670533808955519e-02 4.128406935801152700e-01
6.020066889632107454e+00 6.755818815048799525e-03 2.035137164088161033e-01 1.144392682442407994e+00 4.840990499690352861e-02 4.185649787786842602e-01
6.321070234113713049e+00 6.551273788797888804e-03 2.136750656548419280e-01 1.496959420653250605e+00 5.082310465571750896e-02 4.234182997817436123e-01
6.622073578595317755e+00 6.342716757734818446e-03 2.238364149008677528e-01 1.925827993264476179e+00 5.323630431453148237e-02 4.250729602056453338e-01
6.923076923076923350e+00 6.131984065735161284e-03 2.339977641468936054e-01 2.404452766828649057e+00 5.564950397334545579e-02 4.234439974205886359e-01
7.224080267558528945e+00 5.920898804603732558e-03 2.441591133929194302e-01 2.896141714980331461e+00 5.806270363215943614e-02 4.207585870642892578e-01
7.525083612040134540e+00 5.711233846729927080e-03 2.543204626389452550e-01 3.368444505115061993e+00 6.047590329097340955e-02 4.197306765349196889e-01
7.826086956521740134e+00 5.504681004283950782e-03 2.644818118849711075e-01 3.774874164016070122e+00 6.288910294978738991e-02 4.221497381438043539e-01
8.127090301003345729e+00 5.302827102443350218e-03 2.746431611309969600e-01 4.047228023412889009e+00 6.530230260860137026e-02 4.284863055804357668e-01
8.428093645484949548e+00 5.107137553101953435e-03 2.848045103770227571e-01 4.152411073782757533e+00 6.771550226741533673e-02 4.379343698820033493e-01
8.729096989966555142e+00 4.918947710414978483e-03 2.949658596230486096e-01 4.127297211458321513e+00 7.012870192622931709e-02 4.487152708766826148e-01
9.030100334448160737e+00 4.739461830952442639e-03 3.051272088690744622e-01 4.014594102278064014e+00 7.254190158504329744e-02 4.584812183302790500e-01
9.331103678929766332e+00 4.569758858709008567e-03 3.152885581151002592e-01 3.836180152211047023e+00 7.495510124385726392e-02 4.653080070337379248e-01
9.632107023411371927e+00 4.410803580674406595e-03 3.254499073611261117e-01 3.623962592756773127e+00 7.736830090267124427e-02 4.698598014529398736e-01
9.933110367892977521e+00 4.263461070680125455e-03 3.356112566071519643e-01 3.401743498470084504e+00 7.978150056148522462e-02 4.765275475079740475e-01
1.023411371237458312e+01 4.128511893063212430e-03 3.457726058531777613e-01 3.176077462592818534e+00 8.219470022029919110e-02 4.906493869046555378e-01
1.053511705685618871e+01 4.006665389834774237e-03 3.559339550992036139e-01 2.957508570926528968e+00 8.460789987911317145e-02 5.137710040265688338e-01
1.083612040133779431e+01 3.898568592312315340e-03 3.660953043452294664e-01 2.759259866075683743e+00 8.702109953792715180e-02 5.419987609906244952e-01
1.113712374581939812e+01 3.804808879409859405e-03 3.762566535912552634e-01 2.581617986241017793e+00 8.943429919674111828e-02 5.691041049639140592e-01
1.143812709030100372e+01 3.725909379552052886e-03 3.864180028372811160e-01 2.416867108251253171e+00 9.184749885555509863e-02 5.914781564269322445e-01
1.173913043478260931e+01 3.662317156846612524e-03 3.965793520833069685e-01 2.250176095904717233e+00 9.426069851436907898e-02 6.103941496539887490e-01
1.204013377926421491e+01 3.614385282323075849e-03 4.067407013293328211e-01 2.071712755696131225e+00 9.667389817318304546e-02 6.289085095611058884e-01
1.234113712374582050e+01 3.582350817968946253e-03 4.169020505753586181e-01 1.901066367519895550e+00 9.908709783199702581e-02 6.465645909859765172e-01
1.264214046822742610e+01 3.566311414442516290e-03 4.270633998213844706e-01 1.760074368287597446e+00 1.015002974908110062e-01 6.588104232871803134e-01
1.294314381270903169e+01 3.566203568494802877e-03 4.372247490674103232e-01 1.647960602100331684e+00 1.039134971496249726e-01 6.623626311390657939e-01
1.324414715719063551e+01 3.581785580527803003e-03 4.473860983134361202e-01 1.546925035446613528e+00 1.063266968084389530e-01 6.595457488447988847e-01
1.354515050167224111e+01 3.612627919419357687e-03 4.575474475594619728e-01 1.442188009823476280e+00 1.087398964672529333e-01 6.564246856059587909e-01
1.384615384615384670e+01 3.658113097043341408e-03 4.677087968054878253e-01 1.332373925105400980e+00 1.111530961260668998e-01 6.581377689762617500e-01
1.414715719063545230e+01 3.717446353566778404e-03 4.778701460515136223e-01 1.223072192243085166e+00 1.135662957848808802e-01 6.671108188951847540e-01
1.444816053511705789e+01 3.789677537182349360e-03 4.880314952975394749e-01 1.126599543993393793e+00 1.159794954436948605e-01 6.842868259533795294e-01
1.474916387959866348e+01 3.873733606616950112e-03 4.981928445435653274e-01 1.044719013663043317e+00 1.183926951025088270e-01 7.100954529720153729e-01
1.505016722408026908e+01 3.968460263756533150e-03 5.083541937895911245e-01 9.662777794412579224e-01 1.208058947613228074e-01 7.444540537957040627e-01
1.535117056856187467e+01 4.072670402708836353e-03 5.185155430356169770e-01 8.884455497035601557e-01 1.232190944201367738e-01 7.870915417888681986e-01
1.565217391304348027e+01 4.185196399779759178e-03 5.286768922816428296e-01 8.128667045945842107e-01 1.256322940789507403e-01 8.374201793533573301e-01
1.595317725752508409e+01 4.304942817651613921e-03 5.388382415276686821e-01 7.416204261641421436e-01 1.280454937377647207e-01 8.927818410980071784e-01
1.625418060200669146e+01 4.430935896994748872e-03 5.489995907736945346e-01 6.772731375661947828e-01 1.304586933965787010e-01 9.475477427397451802e-01
1.655518394648829528e+01 4.562366284488451884e-03 5.591609400197202762e-01 6.197690167286079577e-01 1.328718930553926814e-01 9.960471378370479023e-01
1.685618729096989910e+01 4.698621801926088949e-03 5.693222892657461287e-01 5.722872319694695120e-01 1.352850927142066340e-01 1.037102465081146896e+00
1.715719063545150647e+01 4.839307677470798368e-03 5.794836385117719812e-01 5.362372270153684672e-01 1.376982923730206143e-01 1.075148894295449020e+00
1.745819397993311028e+01 4.984252494638909473e-03 5.896449877577978338e-01 5.057253558103175228e-01 1.401114920318345947e-01 1.116745128901104778e+00
1.775919732441471766e+01 5.133499104653176451e-03 5.998063370038236863e-01 4.766954018470781484e-01 1.425246916906485750e-01 1.166065008103682965e+00
1.806020066889632147e+01 5.287280816686103398e-03 6.099676862498495389e-01 4.477962646000183122e-01 1.449378913494625554e-01 1.223461497103091045e+00
1.836120401337792885e+01 5.445984244390559073e-03 6.201290354958752804e-01 4.180066777043556225e-01 1.473510910082765357e-01 1.287791633398494229e+00
1.866220735785953266e+01 5.610101162327072941e-03 6.302903847419011329e-01 3.865942042747406715e-01 1.497642906670904883e-01 1.359084626286519715e+00
1.896321070234114003e+01 5.780172535589205018e-03 6.404517339879269855e-01 3.561970822056766961e-01 1.521774903259044687e-01 1.437920906021349587e+00
1.926421404682274385e+01 5.956728465950434162e-03 6.506130832339528380e-01 3.296852002903126744e-01 1.545906899847184490e-01 1.522998107283659364e+00
1.956521739130434767e+01 6.140228102000472483e-03 6.607744324799786906e-01 3.008480346934639948e-01 1.570038896435324294e-01 1.611548012805018804e+00
1.986622073578595504e+01 6.331003565225579860e-03 6.709357817260045431e-01 2.683714675333762623e-01 1.594170893023464097e-01 1.702429567695546098e+00
2.016722408026755886e+01 6.529211650678302080e-03 6.810971309720303957e-01 2.433245918335038283e-01 1.618302889611603623e-01 1.797171956772770640e+00
2.046822742474916623e+01 6.734796498238587031e-03 6.912584802180561372e-01 2.276112432920290862e-01 1.642434886199743427e-01 1.898085193785848057e+00
2.076923076923077005e+01 6.947465651207685756e-03 7.014198294640819897e-01 2.132757057369931153e-01 1.666566882787883230e-01 2.006285334752135885e+00
2.107023411371237742e+01 7.166680993899014231e-03 7.115811787101078423e-01 1.994506906950149205e-01 1.690698879376023034e-01 2.120561716608216685e+00
2.137123745819398124e+01 7.391665068405277490e-03 7.217425279561336948e-01 1.881519016663214527e-01 1.714830875964162837e-01 2.237738364605983854e+00
2.167224080267558861e+01 7.621422289822763103e-03 7.319038772021595474e-01 1.780132102440783737e-01 1.738962872552302641e-01 2.355721898092408395e+00
2.197324414715719243e+01 7.854773673543292978e-03 7.420652264481853999e-01 1.716628644629987765e-01 1.763094869140442167e-01 2.476375282961511104e+00
2.227424749163879625e+01 8.090402903922494157e-03 7.522265756942111414e-01 1.696869160558358569e-01 1.787226865728581970e-01 2.603986230682269198e+00
2.257525083612040362e+01 8.326910937750729366e-03 7.623879249402369940e-01 1.640138605126069127e-01 1.811358862316721774e-01 2.741482127253907386e+00
2.287625418060200744e+01 8.562875861426852767e-03 7.725492741862628465e-01 1.516006199389013653e-01 1.835490858904861577e-01 2.890302673144714785e+00
2.317725752508361481e+01 8.796914414938013932e-03 7.827106234322886991e-01 1.373575233472090484e-01 1.859622855493001381e-01 3.053658027566776401e+00
2.347826086956521863e+01 9.027741469086142043e-03 7.928719726783145516e-01 1.242713487724101395e-01 1.883754852081141185e-01 3.235796670401166697e+00
2.377926421404682600e+01 9.254223813067671139e-03 8.030333219243404042e-01 1.132793843493920399e-01 1.907886848669280710e-01 3.434499280377568464e+00
2.408026755852842982e+01 9.475424901556679658e-03 8.131946711703662567e-01 1.031512490791483411e-01 1.932018845257420514e-01 3.636862738667419492e+00
2.438127090301003363e+01 9.690637744603181405e-03 8.233560204163919982e-01 9.217239706683993949e-02 1.956150841845560318e-01 3.828327697707825994e+00
2.468227424749164101e+01 9.899403903219670259e-03 8.335173696624178508e-01 8.258521439947913434e-02 1.980282838433700121e-01 4.006612447059592519e+00
2.498327759197324482e+01 1.010151754981155302e-02 8.436787189084437033e-01 7.777967572431222776e-02 2.004414835021839925e-01 4.184176236732103149e+00
2.528428093645485220e+01 1.029701469575119467e-02 8.538400681544695559e-01 7.681579257295710617e-02 2.028546831609979728e-01 4.378369174994685586e+00
2.558528428093645601e+01 1.048614886821046081e-02 8.640014174004954084e-01 7.717567626660568059e-02 2.052678828198119254e-01 4.600859879316840484e+00
2.588628762541806339e+01 1.066935559739910604e-02 8.741627666465212609e-01 7.619850674178504923e-02 2.076810824786259058e-01 4.852365578727956930e+00
2.618729096989966720e+01 1.084720891262931468e-02 8.843241158925470025e-01 7.142235432161088415e-02 2.100942821374398861e-01 5.122643311175672842e+00
2.648829431438127102e+01 1.102037352586133015e-02 8.944854651385728550e-01 6.526226419850048033e-02 2.125074817962538665e-01 5.396356604057753081e+00
2.678929765886287839e+01 1.118955644214221674e-02 9.046468143845987075e-01 6.099738598862988748e-02 2.149206814550678468e-01 5.661741753955688239e+00
2.709030100334448221e+01 1.135546138526756163e-02 9.148081636306245601e-01 5.685913880493806416e-02 2.173338811138818272e-01 5.914771755634598449e+00
2.739130434782608958e+01 1.151874874341871254e-02 9.249695128766504126e-01 5.128274659870647734e-02 2.197470807726957798e-01 6.157481022048828301e+00
2.769230769230769340e+01 1.168000285879583489e-02 9.351308621226762652e-01 4.716047575403440467e-02 2.221602804315097601e-01 6.395882254211605833e+00
2.799331103678930077e+01 1.183970756872732531e-02 9.452922113687020067e-01 4.581275801225700994e-02 2.245734800903237405e-01 6.638999694183870481e+00
2.829431438127090459e+01 1.199823010372844286e-02 9.554535606147278592e-01 4.337884690386770853e-02 2.269866797491377208e-01 6.894264125954578937e+00
2.859531772575251196e+01 1.215581286542008997e-02 9.656149098607537118e-01 3.755559687301669031e-02 2.293998794079517012e-01 7.158672744063068194e+00
2.889632107023411578e+01 1.231257228112848760e-02 9.757762591067795643e-01 3.055412976811899828e-02 2.318130790667656815e-01 7.415766331956828772e+00
2.919732441471571960e+01 1.246850382747882041e-02 9.859376083528054169e-01 2.502223581597465968e-02 2.342262787255796341e-01 7.646658398791925215e+00
2.949832775919732697e+01 1.262349234153410833e-02 9.960989575988312694e-01 2.266992445489560484e-02 2.366394783843936145e-01 7.844858191469760378e+00
2.979933110367893079e+01 1.277732678022333417e-02 1.006260306844857233e+00 2.357190401081709144e-02 2.390526780432075948e-01 8.016438825181760208e+00
3.010033444816053816e+01 1.292971854748913192e-02 1.016421656090882975e+00 2.525163564269010744e-02 2.414658777020215752e-01 8.166245972134298370e+00
3.040133779264214198e+01 1.308032233497021662e-02 1.026583005336908938e+00 2.600854411894089682e-02 2.438790773608355555e-01 8.290887060218190996e+00
3.070234113712374935e+01 1.322875813863206608e-02 1.036744354582934680e+00 2.611853779789449423e-02 2.462922770196495081e-01 8.389193063373044268e+00
3.100334448160535317e+01 1.337463281320325388e-02 1.046905703828960421e+00 2.534911560540430153e-02 2.487054766784634885e-01 8.473101524124700745e+00
3.130434782608696054e+01 1.351755934699978845e-02 1.057067053074986385e+00 2.337917997349998542e-02 2.511186763372774688e-01 8.557929211217226495e+00
3.160535117056856436e+01 1.365717212387327489e-02 1.067228402321012126e+00 2.182385579453190866e-02 2.535318759960914492e-01 8.640517479720935867e+00
3.190635451505016817e+01 1.379313688355641998e-02 1.077389751567038090e+00 2.159570376897571725e-02 2.559450756549054296e-01 8.693706929595089505e+00
3.220735785953177555e+01 1.392515490648948973e-02 1.087551100813063831e+00 2.088556775444001118e-02 2.583582753137194099e-01 8.686038819396472377e+00
3.250836120401338292e+01 1.405296203537353440e-02 1.097712450059089795e+00 1.922993290456230520e-02 2.607714749725333903e-01 8.606200563646282831e+00
3.280936454849498318e+01 1.417632430240511540e-02 1.107873799305115536e+00 1.767967076381306638e-02 2.631846746313473706e-01 8.469388238125715063e+00
3.311036789297659055e+01 1.429503289263611872e-02 1.118035148551141278e+00 1.639882442863092177e-02 2.655978742901613510e-01 8.302208056412167636e+00
3.341137123745819792e+01 1.440890166949872903e-02 1.128196497797167241e+00 1.586470084673581582e-02 2.680110739489752758e-01 8.121006041376395146e+00
3.371237458193979819e+01 1.451777031218285351e-02 1.138357847043192983e+00 1.653053498240706146e-02 2.704242736077892562e-01 7.922591526483629742e+00
3.401337792642140556e+01 1.462151518645029256e-02 1.148519196289218947e+00 1.811872612224935813e-02 2.728374732666032365e-01 7.693630541089079955e+00
3.431438127090301293e+01 1.472006847429490999e-02 1.158680545535244688e+00 1.945340099409663057e-02 2.752506729254172169e-01 7.427350171820762625e+00
3.461538461538462030e+01 1.481344407209086132e-02 1.168841894781270652e+00 1.875576968530873190e-02 2.776638725842311972e-01 7.131231997481921603e+00
3.491638795986622057e+01 1.490176670705892215e-02 1.179003244027296393e+00 1.636253282858370073e-02 2.800770722430451776e-01 6.819951565415856010e+00
3.521739130434782794e+01 1.498529905004299806e-02 1.189164593273322135e+00 1.524530519164426189e-02 2.824902719018591579e-01 6.503308445036160457e+00
3.551839464882943531e+01 1.506446071814149940e-02 1.199325942519348098e+00 1.654333134313415790e-02 2.849034715606731383e-01 6.183179728259162289e+00
3.581939799331104268e+01 1.513983324219069296e-02 1.209487291765373840e+00 1.821150744646772915e-02 2.873166712194871186e-01 5.859312627706177778e+00
3.612040133779264295e+01 1.521214641120085913e-02 1.219648641011399803e+00 1.954482661550869735e-02 2.897298708783010990e-01 5.532368657700115655e+00
3.642140468227425032e+01 1.528224376782563211e-02 1.229809990257425545e+00 2.147007327503973675e-02 2.921430705371150793e-01 5.202433296353831338e+00
3.672240802675585769e+01 1.535102807684663069e-02 1.239971339503451286e+00 2.243265086518747911e-02 2.945562701959290597e-01 4.870597930182950286e+00
3.702341137123745796e+01 1.541939083057988075e-02 1.250132688749477250e+00 2.153676791677848132e-02 2.969694698547429845e-01 4.542224118608801042e+00
3.732441471571906533e+01 1.548813273409849721e-02 1.260294037995502991e+00 2.121318503765820540e-02 2.993826695135569649e-01 4.224035404475951161e+00
3.762541806020067270e+01 1.555788411071924553e-02 1.270455387241528955e+00 2.201583105680019956e-02 3.017958691723709452e-01 3.917538552528867957e+00
3.792642140468228007e+01 1.562903490308878776e-02 1.280616736487554697e+00 2.189756824980270550e-02 3.042090688311849256e-01 3.618742456159544929e+00
3.822742474916388034e+01 1.570168324795014059e-02 1.290778085733580660e+00 2.054588561945358549e-02 3.066222684899989059e-01 3.325025038538070188e+00
3.852842809364548771e+01 1.577560955067684387e-02 1.300939434979606402e+00 1.952528129138265262e-02 3.090354681488128863e-01 3.040200862712671093e+00
3.882943143812709508e+01 1.585027989156993083e-02 1.311100784225632143e+00 1.983421673757078396e-02 3.114486678076268666e-01 2.772132685395852114e+00
3.913043478260869534e+01 1.592487895090537176e-02 1.321262133471658107e+00 2.140809442471006477e-02 3.138618674664408470e-01 2.525819051705832319e+00
3.943143812709030271e+01 1.599836902262886246e-02 1.331423482717683848e+00 2.340511295210394999e-02 3.162750671252548273e-01 2.299264216593931653e+00
3.973244147157191009e+01 1.606956865675937193e-02 1.341584831963709812e+00 2.461880045172304410e-02 3.186882667840688077e-01 2.086836772858175149e+00
4.003344481605351746e+01 1.613724246603426976e-02 1.351746181209735553e+00 2.415194529023816788e-02 3.211014664428827881e-01 1.885712807074161335e+00
4.033444816053511772e+01 1.620019289414912494e-02 1.361907530455761517e+00 2.287123053534756076e-02 3.235146661016967129e-01 1.696558976818891784e+00
4.063545150501672509e+01 1.625734528076105620e-02 1.372068879701787258e+00 2.305987666364866726e-02 3.259278657605106932e-01 1.518967934293989241e+00
4.093645484949833246e+01 1.630781916363778158e-02 1.382230228947813000e+00 2.397310713345081681e-02 3.283410654193246736e-01 1.350517319514849213e+00
4.123745819397993273e+01 1.635098106039944640e-02 1.392391578193838964e+00 2.265186094687841878e-02 3.307542650781386540e-01 1.190689854979529727e+00
4.153846153846154010e+01 1.638647652406760580e-02 1.402552927439864705e+00 2.046858013081241656e-02 3.331674647369526343e-01 1.042026579412928422e+00
4.183946488294314747e+01 1.641424163845219344e-02 1.412714276685890669e+00 2.086733974103916270e-02 3.355806643957666147e-01 9.068804170057271907e-01
4.214046822742475484e+01 1.643449598051971439e-02 1.422875625931916410e+00 2.325547266854167267e-02 3.379938640545805950e-01 7.857175647043257438e-01
4.244147157190635511e+01 1.644772024690756979e-02 1.433036975177942152e+00 2.431949135598334213e-02 3.404070637133945754e-01 6.784054847071291361e-01
4.274247491638796248e+01 1.645462220336687056e-02 1.443198324423968115e+00 2.338639287609135461e-02 3.428202633722085557e-01 5.845543833013088220e-01
4.304347826086956985e+01 1.645609449013730671e-02 1.453359673669993857e+00 2.262810197785338276e-02 3.452334630310225361e-01 5.026237671361269976e-01
4.334448160535117722e+01 1.645316731064365087e-02 1.463521022916019820e+00 2.339588079693006098e-02 3.476466626898365164e-01 4.308572341590298782e-01
4.364548494983277749e+01 1.644695837682949580e-02 1.473682372162045562e+00 2.482672780134954557e-02 3.500598623486504968e-01 3.691464314000005298e-01
4.394648829431438486e+01 1.643862188027447532e-02 1.483843721408071525e+00 2.523154520741384410e-02 3.524730620074644216e-01 3.180982255711464202e-01
4.424749163879599223e+01 1.642929783155009163e-02 1.494005070654097267e+00 2.466862192565637615e-02 3.548862616662784020e-01 2.761624374574621621e-01
4.454849498327759250e+01 1.642006290533346360e-02 1.504166419900123008e+00 2.455259454031707284e-02 3.572994613250923823e-01 2.395507029333932558e-01
4.484949832775919987e+01 1.641188391787313378e-02 1.514327769146148972e+00 2.544785756454476591e-02 3.597126609839063627e-01 2.055599869701866811e-01
4.515050167224080724e+01 1.640557517399255510e-02 1.524489118392174714e+00 2.716475719486865364e-02 3.621258606427203430e-01 1.745340869436685094e-01
4.545150501672241461e+01 1.640176106791158689e-02 1.534650467638200677e+00 2.823495934289975764e-02 3.645390603015343234e-01 1.479421892606060385e-01
4.575250836120401488e+01 1.640084543481562865e-02 1.544811816884226419e+00 2.703064921937854692e-02 3.669522599603483037e-01 1.260079515631587765e-01
4.605351170568562225e+01 1.640298918521886778e-02 1.554973166130252382e+00 2.542706575468138899e-02 3.693654596191622841e-01 1.081654458309174449e-01
4.635451505016722962e+01 1.640809769565900952e-02 1.565134515376278124e+00 2.624593954153258205e-02 3.717786592779762644e-01 9.445300695562883209e-02
4.665551839464882988e+01 1.641581927585298792e-02 1.575295864622303865e+00 2.814653059332018065e-02 3.741918589367902448e-01 8.508849660702767770e-02
4.695652173913043725e+01 1.642555578128767832e-02 1.585457213868329829e+00 2.776527723764536659e-02 3.766050585956042251e-01 7.927177524146007681e-02
4.725752508361204463e+01 1.643648607450800062e-02 1.595618563114355570e+00 2.547010600432317654e-02 3.790182582544182055e-01 7.528485008673665990e-02
4.755852842809365200e+01 1.644760252551033877e-02 1.605779912360381534e+00 2.362041399797822766e-02 3.814314579132321303e-01 7.151495917335973229e-02
4.785953177257525226e+01 1.645776004464847078e-02 1.615941261606407275e+00 2.224628961756522361e-02 3.838446575720461107e-01 6.701344548512219723e-02
4.816053511705685963e+01 1.646573624099946162e-02 1.626102610852433239e+00 2.218085182620077589e-02 3.862578572308600910e-01 6.138267453836279003e-02
4.846153846153846700e+01 1.647030021941628397e-02 1.636263960098458980e+00 2.543730154741315891e-02 3.886710568896740714e-01 5.460752778255895806e-02
4.876254180602006727e+01 1.647028635806417271e-02 1.646425309344484722e+00 3.042830180703196344e-02 3.910842565484880518e-01 4.708869565963837850e-02
4.906354515050167464e+01 1.646466830051145774e-02 1.656586658590510686e+00 3.328123701562830938e-02 3.934974562073020321e-01 3.963963260252559295e-02
4.936454849498328201e+01 1.645262755901822846e-02 1.666748007836536427e+00 3.290583179763104799e-02 3.959106558661160125e-01 3.326642957013834639e-02
4.966555183946488938e+01 1.643361077862184536e-02 1.676909357082562391e+00 3.191566603407932495e-02 3.983238555249299928e-01 2.877425825806744983e-02
4.996655518394648965e+01 1.640737003677793585e-02 1.687070706328588132e+00 3.325543024366953843e-02 4.007370551837439732e-01 2.634416383701030859e-02
5.026755852842809702e+01 1.637398164101808509e-02 1.697232055574613874e+00 3.548747628740923921e-02 4.031502548425579535e-01 2.537055321157607318e-02
5.056856187290970439e+01 1.633384069647011994e-02 1.707393404820639837e+00 3.534678029315765219e-02 4.055634545013719339e-01 2.482105153165854033e-02
5.086956521739130466e+01 1.628763106098574109e-02 1.717554754066665579e+00 3.316202279183829565e-02 4.079766541601858587e-01 2.388271051205574300e-02
5.117056856187291203e+01 1.623627287912242367e-02 1.727716103312691542e+00 3.123832261325205917e-02 4.103898538189998391e-01 2.231360102334910625e-02
5.147157190635451940e+01 1.618085230722378712e-02 1.737877452558717284e+00 3.038696314867074533e-02 4.128030534778138194e-01 2.036867935710379163e-02
5.177257525083612677e+01 1.612253993292162360e-02 1.748038801804743247e+00 3.011490473411126967e-02 4.152162531366277998e-01 1.860599602221791812e-02
5.207357859531772704e+01 1.606250545688047912e-02 1.758200151050768989e+00 3.041743115114328364e-02 4.176294527954417801e-01 1.757937631314984359e-02
5.237458193979933441e+01 1.600183628965819518e-02 1.768361500296794731e+00 3.080324839298503176e-02 4.200426524542557605e-01 1.736746444088627800e-02
5.267558528428094178e+01 1.594146684519695892e-02 1.778522849542820694e+00 3.094894190319841601e-02 4.224558521130697408e-01 1.742578190906370755e-02
5.297658862876254204e+01 1.588212367655219767e-02 1.788684198788846436e+00 3.256185092003843068e-02 4.248690517718837212e-01 1.707834689200161959e-02
5.327759197324414941e+01 1.582428951518043830e-02 1.798845548034872399e+00 3.618710493762995750e-02 4.272822514306977015e-01 1.609072527986868742e-02
5.357859531772575679e+01 1.576818711212944063e-02 1.809006897280898141e+00 3.880561038964217002e-02 4.296954510895116819e-01 1.471816620323808562e-02
5.387959866220736416e+01 1.571378188141800761e-02 1.819168246526924104e+00 3.747804243856829587e-02 4.321086507483256622e-01 1.340566159185694987e-02
5.418060200668896442e+01 1.566080096099484523e-02 1.829329595772949846e+00 3.369860644057851712e-02 4.345218504071396426e-01 1.255074746670524835e-02
5.448160535117057179e+01 1.560876554450199051e-02 1.839490945018975587e+00 3.179615627914716275e-02 4.369350500659535674e-01 1.235806507267008490e-02
5.478260869565217916e+01 1.555703315995815572e-02 1.849652294265001551e+00 3.359445366465633326e-02 4.393482497247675478e-01 1.276729063351094394e-02
5.508361204013378654e+01 1.550484682044853645e-02 1.859813643511027292e+00 3.704740986654817686e-02 4.417614493835815281e-01 1.356698195376694095e-02
5.538461538461538680e+01 1.545138841891627833e-02 1.869974992757053256e+00 3.936645499591166775e-02 4.441746490423955085e-01 1.454210521006323031e-02
5.568561872909699417e+01 1.539583415164733765e-02 1.880136342003078997e+00 4.014400875263424151e-02 4.465878487012094888e-01 1.541221851899285573e-02
5.598662207357860154e+01 1.533740995697522799e-02 1.890297691249104739e+00 4.107630360988889784e-02 4.490010483600234692e-01 1.579186033914592099e-02
5.628762541806020181e+01 1.527544487090260437e-02 1.900459040495130703e+00 4.284023365382673421e-02 4.514142480188374495e-01 1.548530263097530266e-02
5.658862876254180918e+01 1.520941986980409687e-02 1.910620389741156444e+00 4.457417182907069675e-02 4.538274476776514299e-01 1.475368492903702047e-02
5.688963210702341655e+01 1.513900933524224904e-02 1.920781738987182408e+00 4.627832797000127479e-02 4.562406473364654103e-01 1.404821803037270903e-02
5.719063545150502392e+01 1.506411194452938508e-02 1.930943088233208149e+00 4.772818003670800668e-02 4.586538469952793906e-01 1.353361720017151777e-02
5.749163879598662419e+01 1.498486777974211009e-02 1.941104437479234113e+00 4.697971571757380421e-02 4.610670466540933710e-01 1.302445334106110825e-02
5.779264214046823156e+01 1.490165892557904041e-02 1.951265786725259854e+00 4.501639484491896936e-02 4.634802463129073513e-01 1.223950091781068200e-02
5.809364548494983893e+01 1.481509186431454253e-02 1.961427135971285596e+00 4.463853584539804326e-02 4.658934459717212762e-01 1.100134889456983595e-02
5.839464882943143920e+01 1.472596152210412998e-02 1.971588485217311559e+00 4.515386477685831568e-02 4.683066456305352565e-01 9.379003166944224409e-03
5.869565217391304657e+01 1.463519869956140911e-02 1.981749834463337301e+00 4.490676856406619621e-02 4.707198452893492369e-01 7.718167970701310734e-03
5.899665551839465394e+01 1.454380455980437865e-02 1.991911183709363264e+00 4.508202114502263963e-02 4.731330449481632172e-01 6.391347155578316203e-03
5.929765886287626131e+01 1.445277753263685128e-02 2.002072532955388784e+00 4.634411414287970682e-02 4.755462446069771976e-01 5.511074934338847098e-03
5.959866220735786158e+01 1.436303912477394744e-02 2.012233882201414747e+00 4.569904042640555303e-02 4.779594442657911779e-01 4.964603907227638224e-03
5.989966555183946895e+01 1.427536548231450424e-02 2.022395231447440267e+00 4.275856501719479258e-02 4.803726439246051583e-01 4.672300344091353391e-03
6.020066889632107632e+01 1.419033103885871012e-02 2.032556580693466231e+00 4.064996186492235430e-02 4.827858435834191386e-01 4.737476562861077205e-03
6.050167224080267658e+01 1.410826925665303183e-02 2.042717929939492194e+00 3.954418770134308231e-02 4.851990432422331190e-01 5.326081051914456979e-03
6.080267558528428395e+01 1.402925352797105944e-02 2.052879279185518158e+00 3.843302935526932140e-02 4.876122429010470993e-01 6.375264897823677661e-03
6.110367892976589133e+01 1.395309905499599393e-02 2.063040628431543677e+00 3.804007438807060354e-02 4.900254425598610797e-01 7.460421349882960344e-03
6.140468227424749870e+01 1.387938432060378639e-02 2.073201977677569641e+00 3.830737918333429470e-02 4.924386422186750045e-01 8.054644256427666987e-03
6.170568561872909896e+01 1.380748892753851445e-02 2.083363326923595604e+00 3.800166537557529700e-02 4.948518418774889849e-01 7.918736832093755881e-03
6.200668896321070633e+01 1.373664335811084110e-02 2.093524676169621124e+00 3.772366217678644468e-02 4.972650415363029652e-01 7.196032828126635618e-03
6.230769230769231370e+01 1.366598569509423246e-02 2.103686025415647087e+00 3.895871065279397222e-02 4.996782411951169456e-01 6.248416605236232352e-03
6.260869565217392108e+01 1.359462050372073523e-02 2.113847374661673051e+00 4.085084814555667992e-02 5.020914408539309814e-01 5.494357167783185843e-03
6.290969899665552134e+01 1.352167573580284089e-02 2.124008723907699014e+00 4.213492261155159929e-02 5.045046405127450173e-01 5.219772887831572276e-03
6.321070234113712871e+01 1.344635443784329178e-02 2.134170073153724534e+00 4.286237274374739281e-02 5.069178401715589422e-01 5.346826424861539882e-03
6.351170568561873608e+01 1.336797897871689310e-02 2.144331422399750497e+00 4.260256800014247669e-02 5.093310398303728670e-01 5.465521679317435731e-03
6.381270903010033635e+01 1.328602627431918828e-02 2.154492771645776461e+00 4.112635250867833353e-02 5.117442394891869029e-01 5.224434327064791939e-03
6.411371237458195083e+01 1.320015299943787246e-02 2.164654120891801981e+00 3.908558824151394523e-02 5.141574391480008277e-01 4.660396616459722488e-03
6.441471571906355109e+01 1.311021008307031860e-02 2.174815470137827944e+00 3.873584369417436973e-02 5.165706388068148636e-01 4.116727886806999942e-03
6.471571906354515136e+01 1.301624601686087422e-02 2.184976819383853908e+00 4.252745552570737914e-02 5.189838384656287884e-01 3.897599363977063188e-03
6.501672240802676583e+01 1.291849883680325564e-02 2.195138168629879871e+00 4.760281439318116842e-02 5.213970381244428243e-01 4.010770646256406335e-03
6.531772575250836610e+01 1.281737720042886407e-02 2.205299517875905391e+00 4.857754928758174773e-02 5.238102377832567491e-01 4.205884042259499730e-03
6.561872909698996637e+01 1.271343181421977567e-02 2.215460867121931354e+00 4.648422606971699261e-02 5.262234374420707850e-01 4.248106079700079626e-03
6.591973244147158084e+01 1.260731948092935414e-02 2.225622216367957318e+00 4.490445847631197029e-02 5.286366371008847098e-01 4.127214233413565962e-03
6.622073578595318111e+01 1.249976302959166473e-02 2.235783565613982837e+00 4.301861181823149471e-02 5.310498367596987457e-01 3.982037100407926668e-03
6.652173913043478137e+01 1.239151109341537528e-02 2.245944914860008801e+00 4.025817925118745783e-02 5.334630364185126705e-01 3.889744114246852097e-03
6.682274247491639585e+01 1.228330185823495874e-02 2.256106264106034764e+00 3.843977964900924943e-02 5.358762360773265954e-01 3.816038458667855762e-03
6.712374581939799612e+01 1.217583436061375236e-02 2.266267613352060728e+00 3.720882936625678067e-02 5.382894357361406312e-01 3.750569580534926159e-03
6.742474916387959638e+01 1.206974967426163899e-02 2.276428962598086247e+00 3.631095776157695215e-02 5.407026353949545561e-01 3.777847117355924000e-03
6.772575250836121086e+01 1.196562257090076110e-02 2.286590311844112211e+00 3.770142463388683612e-02 5.431158350537685919e-01 3.954403938768153923e-03
6.802675585284281112e+01 1.186396231175012098e-02 2.296751661090138175e+00 3.961895705068533419e-02 5.455290347125825168e-01 4.180874559938549742e-03
6.832775919732442560e+01 1.176521952741390285e-02 2.306913010336163694e+00 3.941303434830610575e-02 5.479422343713965526e-01 4.255645200224269196e-03
6.862876254180602587e+01 1.166979505951236396e-02 2.317074359582189658e+00 3.845196836578743116e-02 5.503554340302104775e-01 4.010380380730611122e-03
6.892976588628762613e+01 1.157804642382118630e-02 2.327235708828215621e+00 3.915243970879468682e-02 5.527686336890245133e-01 3.385641663773936421e-03
6.923076923076924061e+01 1.149028827464190772e-02 2.337397058074241585e+00 4.250636701431763365e-02 5.551818333478384382e-01 2.473853303379298062e-03
6.953177257525084087e+01 1.140678475275787307e-02 2.347558407320267104e+00 4.554414621486454345e-02 5.575950330066524741e-01 1.513558221911178803e-03
6.983277591973244114e+01 1.132773355640147306e-02 2.357719756566293068e+00 4.480393097882155035e-02 5.600082326654663989e-01 7.553807645715232208e-04
7.013377926421405562e+01 1.125324356215040393e-02 2.367881105812319031e+00 4.164728661546687055e-02 5.624214323242803237e-01 3.022019444490860380e-04
7.043478260869565588e+01 1.118330942519043560e-02 2.378042455058344551e+00 3.830816618116117400e-02 5.648346319830943596e-01 9.621721553041047165e-05
7.073578595317725615e+01 1.111778749769378773e-02 2.388203804304370514e+00 3.629752204966068402e-02 5.672478316419082844e-01 2.637236196943858828e-05
7.103678929765887062e+01 1.105637748538378616e-02 2.398365153550396478e+00 3.760424362223169920e-02 5.696610313007223203e-01 1.692583590362514178e-05
7.133779264214047089e+01 1.099861357205513673e-02 2.408526502796421997e+00 4.097258013887321998e-02 5.720742309595362451e-01 4.930543356627924281e-05
7.163879598662208537e+01 1.094386749454039597e-02 2.418687852042447961e+00 4.312255238223981768e-02 5.744874306183502810e-01 1.518831105726300545e-04
7.193979933110368563e+01 1.089136454836158938e-02 2.428849201288473925e+00 4.209816857333303908e-02 5.769006302771642059e-01 3.741052782375613108e-04
7.224080267558528590e+01 1.084021205015225572e-02 2.439010550534499888e+00 3.855569249449002089e-02 5.793138299359782417e-01 7.314144975064841439e-04
7.254180602006690037e+01 1.078943860497315679e-02 2.449171899780525408e+00 3.594530888821635684e-02 5.817270295947921666e-01 1.145387326014216155e-03
7.284280936454850064e+01 1.073804173295905134e-02 2.459333249026551371e+00 3.494382582309889240e-02 5.841402292536062024e-01 1.459200988933953948e-03
7.314381270903010090e+01 1.068504098434466462e-02 2.469494598272577335e+00 3.341832335145119431e-02 5.865534289124201273e-01 1.551058870918001686e-03
7.344481605351171538e+01 1.062953350855169385e-02 2.479655947518602854e+00 3.159173407574900755e-02 5.889666285712341631e-01 1.432904486444589289e-03
7.374581939799331565e+01 1.057074900233449452e-02 2.489817296764628818e+00 3.126741472140847494e-02 5.913798282300480880e-01 1.222298929942600490e-03
7.404682274247491591e+01 1.050810093192720493e-02 2.499978646010654781e+00 3.346855651474035104e-02 5.937930278888620128e-01 1.026661309431254601e-03
7.434782608695653039e+01 1.044123086388992934e-02 2.510139995256680745e+00 3.666210391939494356e-02 5.962062275476760487e-01 8.679156735049478036e-04
7.464882943143813065e+01 1.037004269412265985e-02 2.520301344502706264e+00 3.804314019082200016e-02 5.986194272064899735e-01 7.207276508996405011e-04
7.494983277591973092e+01 1.029472364855504342e-02 2.530462693748732228e+00 3.734047767812970209e-02 6.010326268653040094e-01 6.227620762526169711e-04
7.525083612040134540e+01 1.021574928426528285e-02 2.540624042994758192e+00 3.696438406294971779e-02 6.034458265241179342e-01 7.433210888744488367e-04
7.555183946488294566e+01 1.013387046421334800e-02 2.550785392240783711e+00 3.776526786265866492e-02 6.058590261829319701e-01 1.317448783931941640e-03
7.585284280936456014e+01 1.005008146035586344e-02 2.560946741486809675e+00 3.766887520231634867e-02 6.082722258417458949e-01 2.423724057240563782e-03
7.615384615384616041e+01 9.965569908803180790e-03 2.571108090732835638e+00 3.641577532159454011e-02 6.106854255005599308e-01 3.732814660955862621e-03
7.645484949832776067e+01 9.881651146106980657e-03 2.581269439978861602e+00 3.672970915482363929e-02 6.130986251593738556e-01 4.557744309617455664e-03
7.675585284280937515e+01 9.799691266844401741e-03 2.591430789224887121e+00 3.929441160040619135e-02 6.155118248181878915e-01 4.368224600273880494e-03
7.705685618729097541e+01 9.721024786968063616e-03 2.601592138470913085e+00 4.085358753189144432e-02 6.179250244770018163e-01 3.295852613181942878e-03
7.735785953177257568e+01 9.646873808327915273e-03 2.611753487716939048e+00 3.894874595264223582e-02 6.203382241358157412e-01 2.012063129474483784e-03
7.765886287625419016e+01 9.578275843810031207e-03 2.621914836962964568e+00 3.602192085751361461e-02 6.227514237946297770e-01 1.137279739591784021e-03
7.795986622073579042e+01 9.516026859156269044e-03 2.632076186208990531e+00 3.595205053490850566e-02 6.251646234534437019e-01 8.553144158302742163e-04
7.826086956521739069e+01 9.460644616844770399e-03 2.642237535455016495e+00 3.795852170821043675e-02 6.275778231122577377e-01 9.683871328715342201e-04
7.856187290969900516e+01 9.412355202104838794e-03 2.652398884701042459e+00 3.768319788480667398e-02 6.299910227710716626e-01 1.139925854388548808e-03
7.886287625418060543e+01 9.371102930119633301e-03 2.662560233947067978e+00 3.494831857229467598e-02 6.324042224298856985e-01 1.119196765611322857e-03
7.916387959866221991e+01 9.336581035625500860e-03 2.672721583193093942e+00 3.338726913169327848e-02 6.348174220886996233e-01 8.695962601282388686e-04
7.946488294314382017e+01 9.308278044216310859e-03 2.682882932439119905e+00 3.417331011603387536e-02 6.372306217475136592e-01 5.295622030553797169e-04
7.976588628762542044e+01 9.285532922735683856e-03 2.693044281685145425e+00 3.530784131712093321e-02 6.396438214063275840e-01 2.523327909209478444e-04
8.006688963210703491e+01 9.267591328151048372e-03 2.703205630931171388e+00 3.469938660838577105e-02 6.420570210651416199e-01 9.405062032050836164e-05
8.036789297658863518e+01 9.253655696342875242e-03 2.713366980177197352e+00 3.366712183765658423e-02 6.444702207239555447e-01 2.741947674342258795e-05
8.066889632107023544e+01 9.242923513169284955e-03 2.723528329423223315e+00 3.391972459145713159e-02 6.468834203827694695e-01 6.252625845649893349e-06
8.096989966555184992e+01 9.234610654720297809e-03 2.733689678669248835e+00 3.500382361784080965e-02 6.492966200415835054e-01 1.115246465199230433e-06
8.127090301003345019e+01 9.227959747100887219e-03 2.743851027915274798e+00 3.620218001194890761e-02 6.517098197003974303e-01 1.555909359884700150e-07
8.157190635451505045e+01 9.222236530698899731e-03 2.754012377161300762e+00 3.633647104291540253e-02 6.541230193592114661e-01 1.697863359795080069e-08
8.187290969899666493e+01 9.216719647904247567e-03 2.764173726407326281e+00 3.425394638684550741e-02 6.565362190180253910e-01 1.449192843672006809e-09
8.217391304347826519e+01 9.210690623066696003e-03 2.774335075653352245e+00 3.063298316204227448e-02 6.589494186768394268e-01 9.675081370705029615e-11
8.247491638795986546e+01 9.203430775771351963e-03 2.784496424899378209e+00 2.803487738372814966e-02 6.613626183356533517e-01 5.052287693582571610e-12
8.277591973244147994e+01 9.194230368537928758e-03 2.794657774145404172e+00 2.791417054799153960e-02 6.637758179944673875e-01 2.063604793542043898e-13
8.307692307692308020e+01 9.182412679334074276e-03 2.804819123391429692e+00 2.914666160842927997e-02 6.661890176532813124e-01 6.593075600629222517e-15
8.337792642140469468e+01 9.167372386364360665e-03 2.814980472637455655e+00 3.028847605881906588e-02 6.686022173120953482e-01 1.803617490927666866e-16
8.367892976588629494e+01 9.148624283395372439e-03 2.825141821883481619e+00 3.185371134193874798e-02 6.710154169709092731e-01 6.977432280112774022e-16
8.397993311036789521e+01 9.125855559923325144e-03 2.835303171129507138e+00 3.426474556887422473e-02 6.734286166297233089e-01 2.416316394562639859e-14
8.428093645484950969e+01 9.098973230443814855e-03 2.845464520375533102e+00 3.601413668364895210e-02 6.758418162885372338e-01 6.575429592364167886e-13
8.458193979933110995e+01 9.068138118945093251e-03 2.855625869621559065e+00 3.624708385786901133e-02 6.782550159473511586e-01 1.399588444307770439e-11
8.488294314381271022e+01 9.033778161332196854e-03 2.865787218867584585e+00 3.468821714230230918e-02 6.806682156061651945e-01 2.330137587879926884e-10
8.518394648829432469e+01 8.996576459008637575e-03 2.875948568113610548e+00 3.227109546856246625e-02 6.830814152649791193e-01 3.034364746582318133e-09
8.548494983277592496e+01 8.957433044943740458e-03 2.886109917359636512e+00 3.048194889642188293e-02 6.854946149237931552e-01 3.090715309870311406e-08
8.578595317725752523e+01 8.917403109876494149e-03 2.896271266605662476e+00 2.769220175647101392e-02 6.879078145826070800e-01 2.462380842776516807e-07
8.608695652173913970e+01 8.877617854497209943e-03 2.906432615851687995e+00 2.341513886349829571e-02 6.903210142414211159e-01 1.534463084802184466e-06
8.638795986622073997e+01 8.839196644617420759e-03 2.916593965097713959e+00 2.036865260257117102e-02 6.927342139002350407e-01 7.479329510623840839e-06
8.668896321070235444e+01 8.803160388933990027e-03 2.926755314343739922e+00 1.966620106571178445e-02 6.951474135590490766e-01 2.851503375423145259e-05
8.698996655518395471e+01 8.770355898089271865e-03 2.936916663589765442e+00 2.047111844965157634e-02 6.975606132178630014e-01 8.503351151749102680e-05
8.729096989966555498e+01 8.741399513875279526e-03 2.947078012835791405e+00 2.194992565623824984e-02 6.999738128766770373e-01 1.983404703404823563e-04
8.759197324414716945e+01 8.716645803699921147e-03 2.957239362081817369e+00 2.295842827743950834e-02 7.023870125354909622e-01 3.618574884300854275e-04
8.789297658862876972e+01 8.696184005598222438e-03 2.967400711327843332e+00 2.299060191033042849e-02 7.048002121943048870e-01 5.163792604393879077e-04
8.819397993311036998e+01 8.679861634164159206e-03 2.977562060573868852e+00 2.326387010369971448e-02 7.072134118531189229e-01 5.763748454378243976e-04
8.849498327759198446e+01 8.667331638089886825e-03 2.987723409819894815e+00 2.286968070310040069e-02 7.096266115119328477e-01 5.032065057106121326e-04
8.879598662207358473e+01 8.658117069493664192e-03 2.997884759065920779e+00 1.781231157387661024e-02 7.120398111707468836e-01 3.436311113270116863e-04
8.909698996655518499e+01 8.651685601032950076e-03 3.008046108311946298e+00 9.218106002802812018e-03 7.144530108295608084e-01 1.835454854746768082e-04
8.939799331103679947e+01 8.647525503841239219e-03 3.018207457557972262e+00 2.898209712634169238e-03 7.168662104883748443e-01 7.668314887324565138e-05
8.969899665551839973e+01 8.645214864663556056e-03 3.028368806803998226e+00 5.299124503851873743e-04 7.192794101471887691e-01 2.505885195292612729e-05
9.000000000000000000e+01 8.644476779384581075e-03 3.038530156050024189e+00 5.499192358125295555e-05 7.216926098060028050e-01 6.405121957301751056e-06
