0.000000000000000000e+00 0.000000000000000000e+00 1.454527348673494869e+00 5.190711323084488796e-06 1.401729596525425503e+00 5.467523949249624114e-06
3.010033444816053727e-01 0.000000000000000000e+00 1.457544900241414920e+00 1.253652445883160313e-05 1.403530869916436830e+00 1.369658337330227388e-05
6.020066889632107454e-01 0.000000000000000000e+00 1.460562451809334972e+00 2.826073094531618662e-05 1.405332143307448156e+00 3.090097349927532462e-05
9.030100334448161181e-01 0.000000000000000000e+00 1.463580003377255023e+00 5.955677658720858554e-05 1.407133416698459705e+00 6.278787006667249789e-05
1.204013377926421491e+00 0.000000000000000000e+00 1.466597554945175075e+00 1.175514174442842720e-04 1.408934690089471031e+00 1.149045479296338445e-04
1.505016722408026864e+00 0.000000000000000000e+00 1.469615106513095126e+00 2.177860172692008042e-04 1.410735963480482358e+00 1.894064347633397591e-04
1.806020066889632236e+00 0.000000000000000000e+00 1.472632658081015178e+00 3.797292797891048443e-04 1.412537236871493684e+00 2.812880597952320061e-04
2.107023411371237387e+00 0.000000000000000000e+00 1.475650209648935229e+00 6.250395355487525654e-04 1.414338510262505233e+00 3.766052342755435347e-04
2.408026755852842982e+00 0.000000000000000000e+00 1.478667761216855281e+00 9.747958599762453604e-04 1.416139783653516560e+00 4.553664147725947054e-04
2.709030100334448576e+00 0.000000000000000000e+00 1.481685312784775332e+00 1.446521470851326987e-03 1.417941057044527886e+00 4.996294143274538800e-04
3.010033444816053727e+00 0.000000000000000000e+00 1.484702864352695384e+00 2.052178948045534426e-03 1.419742330435539213e+00 5.038619003822356534e-04
3.311036789297658878e+00 0.000000000000000000e+00 1.487720415920615435e+00 2.798152580664236676e-03 1.421543603826550539e+00 4.824852988608634109e-04
3.612040133779264472e+00 0.000000000000000000e+00 1.490737967488535487e+00 3.687609951867859819e-03 1.423344877217562088e+00 4.706964096773592508e-04
3.913043478260870067e+00 0.000000000000000000e+00 1.493755519056455539e+00 4.724940681547708417e-03 1.425146150608573414e+00 5.182207100422529756e-04
4.214046822742474774e+00 0.000000000000000000e+00 1.496773070624375812e+00 5.921570324081746814e-03 1.426947423999584741e+00 6.785833127616608266e-04
4.515050167224080369e+00 0.000000000000000000e+00 1.499790622192295864e+00 7.302307184867083516e-03 1.428748697390596067e+00 9.968667037499638010e-04
4.816053511705685963e+00 0.000000000000000000e+00 1.502808173760215915e+00 8.911122955857261885e-03 1.430549970781607616e+00 1.497757577326339247e-03
5.117056856187291558e+00 0.000000000000000000e+00 1.505825725328135967e+00 1.081472599008082708e-02 1.432351244172618943e+00 2.175371721165996874e-03
5.418060200668897153e+00 0.000000000000000000e+00 1.508843276896056018e+00 1.310196607887976344e-02 1.434152517563630269e+00 2.987946588742418971e-03
5.719063545150501859e+00 0.000000000000000000e+00 1.511860828463976070e+00 1.587791118418386410e-02 1.435953790954641596e+00 3.862685230650413949e-03
6.020066889632107454e+00 0.000000000000000000e+00 1.514878380031896121e+00 1.925366317195244953e-02 1.437755064345652922e+00 4.715979459649534064e-03
6.321070234113713049e+00 0.000000000000000000e+00 1.517895931599816173e+00 2.333557760340312925e-02 1.439556337736664471e+00 5.489139463625163952e-03
6.622073578595317755e+00 0.000000000000000000e+00 1.520913483167736224e+00 2.821857542625683113e-02 1.441357611127675797e+00 6.189236658691436334e-03
6.923076923076923350e+00 0.000000000000000000e+00 1.523931034735656276e+00 3.398647935226261491e-02 1.443158884518687124e+00 6.913504008772116717e-03
7.224080267558528945e+00 0.000000000000000000e+00 1.526948586303576327e+00 4.071869384360506799e-02 1.444960157909698450e+00 7.833381057350494517e-03
7.525083612040134540e+00 0.000000000000000000e+00 1.529966137871496379e+00 4.849954077928262525e-02 1.446761431300709999e+00 9.128361115780869034e-03
7.826086956521740134e+00 0.000000000000000000e+00 1.532983689439416430e+00 5.742572393156245708e-02 1.448562704691721326e+00 1.088778539242063297e-02
8.127090301003345729e+00 0.000000000000000000e+00 1.536001241007336482e+00 6.760769567448252082e-02 1.450363978082732652e+00 1.302625491088170093e-02
8.428093645484949548e+00 0.000000000000000000e+00 1.539018792575256533e+00 7.916032847879157786e-02 1.452165251473743979e+00 1.526663570836477198e-02
8.729096989966555142e+00 0.000000000000000000e+00 1.542036344143176585e+00 9.217862961469394656e-02 1.453966524864755527e+00 1.722190228725731936e-02
9.030100334448160737e+00 0.000000000000000000e+00 1.545053895711096636e+00 1.067003926161833732e-01 1.455767798255766854e+00 1.855759181731847507e-02
9.331103678929766332e+00 0.000000000000000000e+00 1.548071447279016688e+00 1.226722212713755727e-01 1.457569071646778180e+00 1.916403849619575939e-02
9.632107023411371927e+00 0.000000000000000000e+00 1.551088998846936740e+00 1.399505135319387417e-01 1.459370345037789507e+00 1.924637010224876724e-02
9.933110367892977521e+00 0.000000000000000000e+00 1.554106550414856791e+00 1.583679670057812072e-01 1.461171618428800834e+00 1.927331274433622191e-02
1.023411371237458312e+01 0.000000000000000000e+00 1.557124101982776843e+00 1.778671824796270173e-01 1.462972891819812382e+00 1.980092975524603768e-02
1.053511705685618871e+01 0.000000000000000000e+00 1.560141653550696894e+00 1.986549058151582114e-01 1.464774165210823709e+00 2.125803869501026802e-02
1.083612040133779431e+01 0.000000000000000000e+00 1.563159205118616946e+00 2.212935736318391300e-01 1.466575438601835035e+00 2.379806050928149827e-02
1.113712374581939812e+01 0.000000000000000000e+00 1.566176756686536997e+00 2.466532024593353634e-01 1.468376711992846362e+00 2.727649347726942078e-02
1.143812709030100372e+01 0.000000000000000000e+00 1.569194308254457049e+00 2.757046549318251105e-01 1.470177985383857688e+00 3.133994416838800645e-02
1.173913043478260931e+01 0.000000000000000000e+00 1.572211859822377100e+00 3.092187768936439096e-01 1.471979258774869237e+00 3.556462502793675262e-02
1.204013377926421491e+01 0.000000000000000000e+00 1.575229411390297152e+00 3.474976921389867912e-01 1.473780532165880564e+00 3.958501109718717131e-02
1.234113712374582050e+01 0.000000000000000000e+00 1.578246962958217203e+00 3.902654200737193935e-01 1.475581805556891890e+00 4.318588600812173911e-02
1.264214046822742610e+01 0.000000000000000000e+00 1.581264514526137255e+00 4.367786060511115731e-01 1.477383078947903217e+00 4.635218239588281830e-02
1.294314381270903169e+01 0.000000000000000000e+00 1.584282066094057528e+00 4.861166395303282983e-01 1.479184352338914765e+00 4.926692688848641200e-02
1.324414715719063551e+01 0.000000000000000000e+00 1.587299617661977580e+00 5.375268480959087825e-01 1.480985625729926092e+00 5.224531511368942643e-02
1.354515050167224111e+01 0.000000000000000000e+00 1.590317169229897631e+00 5.906781354430667985e-01 1.482786899120937418e+00 5.562023569165276682e-02
1.384615384615384670e+01 0.000000000000000000e+00 1.593334720797817683e+00 6.457239078681272781e-01 1.484588172511948745e+00 5.963472836549937872e-02
1.414715719063545230e+01 0.000000000000000000e+00 1.596352272365737734e+00 7.031633006334923053e-01 1.486389445902960293e+00 6.440168987642375109e-02
1.444816053511705789e+01 0.000000000000000000e+00 1.599369823933657786e+00 7.635727639182361415e-01 1.488190719293971620e+00 6.994182517785740849e-02
1.474916387959866348e+01 0.000000000000000000e+00 1.602387375501577838e+00 8.273235786844147510e-01 1.489991992684982947e+00 7.624941891061556842e-02
1.505016722408026908e+01 0.000000000000000000e+00 1.605404927069497889e+00 8.943961961326175603e-01 1.491793266075994273e+00 8.332249926051760180e-02
1.535117056856187467e+01 0.000000000000000000e+00 1.608422478637417941e+00 9.643608004356371000e-01 1.493594539467005600e+00 9.114067822147170483e-02
1.565217391304348027e+01 0.000000000000000000e+00 1.611440030205337992e+00 1.036532653703210904e+00 1.495395812858017148e+00 9.962989188929426143e-02
1.595317725752508409e+01 0.000000000000000000e+00 1.614457581773258044e+00 1.110247421032944271e+00 1.497197086249028475e+00 1.086629544707058831e-01
1.625418060200669146e+01 0.000000000000000000e+00 1.617475133341178095e+00 1.185154232688516274e+00 1.498998359640039801e+00 1.181076764761335302e-01
1.655518394648829528e+01 0.000000000000000000e+00 1.620492684909098147e+00 1.261412434631916657e+00 1.500799633031051128e+00 1.278992559040404153e-01
1.685618729096989910e+01 0.000000000000000000e+00 1.623510236477018198e+00 1.339711685890504933e+00 1.502600906422062454e+00 1.381158599110872964e-01
1.715719063545150647e+01 3.853712037561723045e-322 1.626527788044938250e+00 1.421101426546697466e+00 1.504402179813074003e+00 1.490521772180390947e-01
1.745819397993311028e+01 4.313203562385774165e-316 1.629545339612858301e+00 1.506682484734685135e+00 1.506203453204085330e+00 1.612670725318202658e-01
1.775919732441471766e+01 4.218272379504985583e-310 1.632562891180778353e+00 1.597251743066917085e+00 1.508004726595096656e+00 1.755330827197295884e-01
1.806020066889632147e+01 3.606302333302819900e-304 1.635580442748698404e+00 1.692995497596167409e+00 1.509805999986107983e+00 1.926120938519101655e-01
1.836120401337792885e+01 2.695147400137420806e-298 1.638597994316618456e+00 1.793313046538825395e+00 1.511607273377119531e+00 2.128820914848832124e-01
1.866220735785953266e+01 1.760742375564709833e-292 1.641615545884538507e+00 1.896828545994714288e+00 1.513408546768130858e+00 2.359930621030043030e-01
1.896321070234114003e+01 1.005546243015367790e-286 1.644633097452458559e+00 2.001607989883280148e+00 1.515209820159142184e+00 2.607973608372445851e-01
1.926421404682274385e+01 5.019971487848900305e-281 1.647650649020378610e+00 2.105532658767586440e+00 1.517011093550153511e+00 2.856880130217757663e-01
1.956521739130434767e+01 2.190753238447726271e-275 1.650668200588298662e+00 2.206713735216466077e+00 1.518812366941165060e+00 3.092401875067650185e-01
1.986622073578595504e+01 8.357545010111427763e-270 1.653685752156218935e+00 2.303813165522712758e+00 1.520613640332176386e+00 3.308492536704026321e-01
2.016722408026755886e+01 2.787129065374490567e-264 1.656703303724138987e+00 2.396190998461633193e+00 1.522414913723187713e+00 3.510380072267219043e-01
2.046822742474916623e+01 8.125097458637204636e-259 1.659720855292059039e+00 2.483896403269479691e+00 1.524216187114199039e+00 3.712865781366875839e-01
2.076923076923077005e+01 2.070585995613850791e-253 1.662738406859979090e+00 2.567581567570427659e+00 1.526017460505210366e+00 3.935036162144361360e-01
2.107023411371237742e+01 4.612657594109356911e-248 1.665755958427899142e+00 2.648393303645470542e+00 1.527818733896221914e+00 4.194288302004399727e-01
2.137123745819398124e+01 8.982608581870267304e-243 1.668773509995819193e+00 2.727815968500097998e+00 1.529620007287233241e+00 4.502255956004288517e-01
2.167224080267558861e+01 1.529139526025124222e-237 1.671791061563739245e+00 2.807392058980290539e+00 1.531421280678244567e+00 4.863386128607368186e-01
2.197324414715719243e+01 2.275543835901125819e-232 1.674808613131659296e+00 2.888301893843342683e+00 1.533222554069255894e+00 5.275258234903618115e-01
2.227424749163879625e+01 2.960171207894122902e-227 1.677826164699579348e+00 2.970916162713099773e+00 1.535023827460267221e+00 5.729568300436262973e-01
2.257525083612040362e+01 3.366216715453717520e-222 1.680843716267499399e+00 3.054537402022147852e+00 1.536825100851278769e+00 6.213663287128480262e-01
2.287625418060200744e+01 3.346270352176276188e-217 1.683861267835419451e+00 3.137515654111387331e+00 1.538626374242290096e+00 6.713073706886791836e-01
2.317725752508361481e+01 2.907861996385603315e-212 1.686878819403339502e+00 3.217750937641079556e+00 1.540427647633301422e+00 7.214748411534367412e-01
2.347826086956521863e+01 2.208922506231279223e-207 1.689896370971259554e+00 3.293383840722807321e+00 1.542228921024312971e+00 7.709464967922327050e-01
2.377926421404682600e+01 1.466834819919273613e-202 1.692913922539179605e+00 3.363368697648990491e+00 1.544030194415324297e+00 8.191841042383561922e-01
2.408026755852842982e+01 8.514832577894006872e-198 1.695931474107099657e+00 3.427696034405623760e+00 1.545831467806335624e+00 8.658084800442826801e-01
2.438127090301003363e+01 4.320811578922894532e-193 1.698949025675019708e+00 3.487228117886628009e+00 1.547632741197346951e+00 9.103724784750232280e-01
2.468227424749164101e+01 1.916677341296387405e-188 1.701966577242939760e+00 3.543292159204004754e+00 1.549434014588358277e+00 9.523978678292694955e-01
2.498327759197324482e+01 7.432369989865806728e-184 1.704984128810859811e+00 3.597226563187323478e+00 1.551235287979369826e+00 9.917496651130401908e-01
2.528428093645485220e+01 2.519419263336956588e-179 1.708001680378779863e+00 3.650001935559522792e+00 1.553036561370381152e+00 1.029144116153779542e+00
2.558528428093645601e+01 7.465666373951706488e-175 1.711019231946699914e+00 3.701946599625770329e+00 1.554837834761392479e+00 1.066445070185483290e+00
2.588628762541806339e+01 1.933890730261186060e-170 1.714036783514619966e+00 3.752591472566452424e+00 1.556639108152403805e+00 1.106492613219519416e+00
2.618729096989966720e+01 4.379159231690279575e-166 1.717054335082540018e+00 3.800699328704903124e+00 1.558440381543415132e+00 1.152450193307331006e+00
2.648829431438127102e+01 8.668525775660816089e-162 1.720071886650460069e+00 3.844556486658708749e+00 1.560241654934426681e+00 1.206908698920355238e+00
2.678929765886287839e+01 1.500015434608162612e-157 1.723089438218380121e+00 3.882503604221577032e+00 1.562042928325438007e+00 1.271129916358976208e+00
2.709030100334448221e+01 2.269041721430012149e-153 1.726106989786300172e+00 3.913511132402248904e+00 1.563844201716449334e+00 1.344766771136146399e+00
2.739130434782608958e+01 3.000446081517884963e-149 1.729124541354220224e+00 3.937506879087516509e+00 1.565645475107460660e+00 1.426151152681286893e+00
2.769230769230769340e+01 3.468375522216492544e-145 1.732142092922140275e+00 3.955251412709497760e+00 1.567446748498472209e+00 1.512922555160570059e+00
2.799331103678930077e+01 3.504803848501962484e-141 1.735159644490060327e+00 3.967802879976426667e+00 1.569248021889483535e+00 1.602622812183638557e+00
2.829431438127090459e+01 3.095986448964300356e-137 1.738177196057980378e+00 3.975854677944936189e+00 1.571049295280494862e+00 1.693038029447961668e+00
2.859531772575251196e+01 2.390741171703366477e-133 1.741194747625900430e+00 3.979299150327950674e+00 1.572850568671506188e+00 1.782375324594646537e+00
2.889632107023411578e+01 1.613855809661249014e-129 1.744212299193820481e+00 3.977225924566013759e+00 1.574651842062517737e+00 1.869500716177270982e+00
2.919732441471571960e+01 9.523488995595802151e-126 1.747229850761740533e+00 3.968315626665940066e+00 1.576453115453529064e+00 1.954289687568628420e+00
2.949832775919732697e+01 4.912778616211309117e-122 1.750247402329660806e+00 3.951407658518601984e+00 1.578254388844540390e+00 2.037849131976265937e+00
2.979933110367893079e+01 2.215433294127819988e-118 1.753264953897580858e+00 3.926000927574270882e+00 1.580055662235551717e+00 2.122291254957056950e+00
3.010033444816053816e+01 8.733557990373160698e-115 1.756282505465500909e+00 3.892553540194279016e+00 1.581856935626563043e+00 2.209997850857411184e+00
3.040133779264214198e+01 3.009715975072548188e-111 1.759300057033420961e+00 3.852566079170937741e+00 1.583658209017574592e+00 2.302695041778999752e+00
3.070234113712374935e+01 9.066974294894049375e-108 1.762317608601341012e+00 3.808474802642149548e+00 1.585459482408585918e+00 2.400827054814946404e+00
3.100334448160535317e+01 2.387826015526029510e-104 1.765335160169261064e+00 3.763352626594223871e+00 1.587260755799597245e+00 2.503526331589452258e+00
3.130434782608696054e+01 5.497273310746764925e-101 1.768352711737181115e+00 3.720396214385897071e+00 1.589062029190608571e+00 2.609095127237202494e+00
3.160535117056856436e+01 1.106362238291760636e-97 1.771370263305101167e+00 3.682234617071547866e+00 1.590863302581619898e+00 2.715657153017242198e+00
3.190635451505016817e+01 1.946497359834992196e-94 1.774387814873021219e+00 3.650216601102009850e+00 1.592664575972631447e+00 2.821678287092617587e+00
3.220735785953177555e+01 2.993766618170036789e-91 1.777405366440941270e+00 3.623930940765419884e+00 1.594465849363642773e+00 2.926283769804951529e+00
3.250836120401338292e+01 4.025232770695932575e-88 1.780422918008861322e+00 3.601189257234453045e+00 1.596267122754654100e+00 3.029465068302577446e+00
3.280936454849498318e+01 4.731233586025395544e-85 1.783440469576781373e+00 3.578530473114811539e+00 1.598068396145665426e+00 3.132234184184289116e+00
3.311036789297659055e+01 4.861492570457177998e-82 1.786458021144701425e+00 3.552072001175541338e+00 1.599869669536676975e+00 3.236628423075784244e+00
3.341137123745819792e+01 4.366951302812357958e-79 1.789475572712621476e+00 3.518378794554152478e+00 1.601670942927688301e+00 3.345380467316057427e+00
3.371237458193979819e+01 3.429275176583442514e-76 1.792493124280541528e+00 3.475051259805750359e+00 1.603472216318699628e+00 3.461153216623939599e+00
3.401337792642140556e+01 2.354200852776852445e-73 1.795510675848461579e+00 3.420926685779608345e+00 1.605273489709710955e+00 3.585460128448893169e+00
3.431438127090301293e+01 1.412875733040641434e-70 1.798528227416381631e+00 3.356007156913020761e+00 1.607074763100722503e+00 3.717638655643539014e+00
3.461538461538462030e+01 7.412862672291770756e-68 1.801545778984301682e+00 3.281315669037284888e+00 1.608876036491733830e+00 3.854393895663090319e+00
3.491638795986622057e+01 3.400101834505272550e-65 1.804563330552221734e+00 3.198795490455009549e+00 1.610677309882745156e+00 3.990351043073139259e+00
3.521739130434782794e+01 1.363403871096653939e-62 1.807580882120141785e+00 3.111203438565106172e+00 1.612478583273756483e+00 4.119663087975683702e+00
3.551839464882943531e+01 4.779545643376546701e-60 1.810598433688062059e+00 3.021859291978667983e+00 1.614279856664767809e+00 4.238126819798533340e+00
3.581939799331104268e+01 1.464809993548628018e-57 1.813615985255982110e+00 2.934178049134617883e+00 1.616081130055779358e+00 4.344836746979645170e+00
3.612040133779264295e+01 3.924749248194909012e-55 1.816633536823902162e+00 2.851070996769899502e+00 1.617882403446790684e+00 4.442538243546209742e+00
3.642140468227425032e+01 9.193525725654208661e-53 1.819651088391822213e+00 2.774423027849506340e+00 1.619683676837802011e+00 4.536531988209219435e+00
3.672240802675585769e+01 1.882763401301578343e-50 1.822668639959742265e+00 2.704845427977891070e+00 1.621484950228813338e+00 4.632761748089629705e+00
3.702341137123745796e+01 3.370987126720046250e-48 1.825686191527662317e+00 2.641779165347879488e+00 1.623286223619824664e+00 4.736037255556061254e+00
3.732441471571906533e+01 5.276800723954429525e-46 1.828703743095582368e+00 2.583874112428496961e+00 1.625087497010836213e+00 4.849059837963753061e+00
3.762541806020067270e+01 7.221733594028658162e-44 1.831721294663502420e+00 2.529481811639218147e+00 1.626888770401847539e+00 4.972352387213757829e+00
3.792642140468228007e+01 8.641212899380185877e-42 1.834738846231422471e+00 2.477099557479784941e+00 1.628690043792858866e+00 5.104766398112749570e+00
3.822742474916388034e+01 9.040160285326395424e-40 1.837756397799342523e+00 2.425659268841943383e+00 1.630491317183870192e+00 5.244129476983387050e+00
3.852842809364548771e+01 8.268979013536831828e-38 1.840773949367262574e+00 2.374619285878527997e+00 1.632292590574881741e+00 5.387742710146732783e+00
3.882943143812709508e+01 6.613153426510634763e-36 1.843791500935182626e+00 2.323870116061030444e+00 1.634093863965893068e+00 5.532682521234351114e+00
3.913043478260869534e+01 4.624378462802808631e-34 1.846809052503102677e+00 2.273513155363779070e+00 1.635895137356904394e+00 5.676040510655528948e+00
3.943143812709030271e+01 2.827442899315545340e-32 1.849826604071022729e+00 2.223618193768506224e+00 1.637696410747915721e+00 5.815214673159646352e+00
3.973244147157191009e+01 1.511604636393371215e-30 1.852844155638942780e+00 2.174087106007356773e+00 1.639497684138927269e+00 5.948161843381950753e+00
4.003344481605351746e+01 7.066352101583749284e-29 1.855861707206862832e+00 2.124711202377627561e+00 1.641298957529938596e+00 6.073364736162574218e+00
4.033444816053511772e+01 2.888513664991947405e-27 1.858879258774782883e+00 2.075403885795618741e+00 1.643100230920949922e+00 6.189412891880008871e+00
4.063545150501672509e+01 1.032489718445379607e-25 1.861896810342702935e+00 2.026471301541044934e+00 1.644901504311961249e+00 6.294493301161150356e+00
4.093645484949833246e+01 3.227304531949307280e-24 1.864914361910622986e+00 1.978733371009277819e+00 1.646702777702972575e+00 6.386329854249401805e+00
4.123745819397993273e+01 8.821623631099084012e-23 1.867931913478543038e+00 1.933374139601125918e+00 1.648504051093984124e+00 6.462861943860273684e+00
4.153846153846154010e+01 2.108743093972923414e-21 1.870949465046463089e+00 1.891555131019126978e+00 1.650305324484995451e+00 6.523366635948184999e+00
4.183946488294314747e+01 4.408373378783974348e-20 1.873967016614383141e+00 1.853976040179134976e+00 1.652106597876006777e+00 6.569334998394483094e+00
4.214046822742475484e+01 8.059839501520544639e-19 1.876984568182303192e+00 1.820616794147533746e+00 1.653907871267018104e+00 6.604552870384882368e+00
4.244147157190635511e+01 1.288790529537210682e-17 1.880002119750223244e+00 1.790806165818297435e+00 1.655709144658029430e+00 6.634339849204347495e+00
4.274247491638796248e+01 1.802443394255789301e-16 1.883019671318143295e+00 1.763583347873094453e+00 1.657510418049040979e+00 6.664337695713657972e+00
4.304347826086956985e+01 2.204857805532417310e-15 1.886037222886063347e+00 1.738157370178922356e+00 1.659311691440052305e+00 6.699347638709467923e+00
4.334448160535117722e+01 2.359154444438163318e-14 1.889054774453983399e+00 1.714223125628941524e+00 1.661112964831063632e+00 6.742525295575762634e+00
4.364548494983277749e+01 2.208040808322784471e-13 1.892072326021903450e+00 1.691986497670376011e+00 1.662914238222075181e+00 6.794943057726603897e+00
4.394648829431438486e+01 1.807806041899938754e-12 1.895089877589823502e+00 1.671919711596745683e+00 1.664715511613086507e+00 6.855347627536194643e+00
4.424749163879599223e+01 1.294824085678704303e-11 1.898107429157743553e+00 1.654403604568966957e+00 1.666516785004097834e+00 6.920027517062782074e+00
4.454849498327759250e+01 8.113447631203597967e-11 1.901124980725663605e+00 1.639439292582711261e+00 1.668318058395109160e+00 6.982989777598506365e+00
4.484949832775919987e+01 4.447943232615062398e-10 1.904142532293583656e+00 1.626529907447580969e+00 1.670119331786120487e+00 7.036804984090460735e+00
4.515050167224080724e+01 2.133528618017387274e-09 1.907160083861503708e+00 1.614715165456908075e+00 1.671920605177132035e+00 7.074221610663522952e+00
4.545150501672241461e+01 8.954771144705146215e-09 1.910177635429423759e+00 1.602673325453952247e+00 1.673721878568143362e+00 7.090074747247105513e+00
4.575250836120401488e+01 3.289031285645291207e-08 1.913195186997344033e+00 1.588826233464933901e+00 1.675523151959154688e+00 7.082614241133537547e+00
4.605351170568562225e+01 1.057299381074956357e-07 1.916212738565264084e+00 1.571460735783112295e+00 1.677324425350166015e+00 7.053591796025084015e+00
4.635451505016722962e+01 2.975363410394508948e-07 1.919230290133184136e+00 1.548934499609618598e+00 1.679125698741177342e+00 7.007187253864654686e+00
4.665551839464882988e+01 7.332717722831641962e-07 1.922247841701104187e+00 1.520003956288722646e+00 1.680926972132188890e+00 6.948532887249662338e+00
4.695652173913043725e+01 1.583803191492388950e-06 1.925265393269024239e+00 1.484206183896311204e+00 1.682728245523200217e+00 6.882659747363629066e+00
4.725752508361204463e+01 3.002707947052453140e-06 1.928282944836944290e+00 1.442125597651241931e+00 1.684529518914211543e+00 6.814143482725945056e+00
4.755852842809365200e+01 5.012932739981866371e-06 1.931300496404864342e+00 1.395370382891825800e+00 1.686330792305222870e+00 6.747092964919683133e+00
4.785953177257525226e+01 7.420078198927942609e-06 1.934318047972784393e+00 1.346198761633457863e+00 1.688132065696234196e+00 6.684932340811984730e+00
4.816053511705685963e+01 9.880712855226679410e-06 1.937335599540704445e+00 1.296909743424641492e+00 1.689933339087245745e+00 6.629753057698648533e+00
4.846153846153846700e+01 1.219190395529732313e-05 1.940353151108624497e+00 1.249241345317034568e+00 1.691734612478257072e+00 6.581501336315078277e+00
4.876254180602006727e+01 1.468649641166060747e-05 1.943370702676544548e+00 1.204023925210308210e+00 1.693535885869268398e+00 6.537508286450468553e+00
4.906354515050167464e+01 1.846499889980305728e-05 1.946388254244464600e+00 1.161213744863212050e+00 1.695337159260279947e+00 6.492731657986318794e+00
4.936454849498328201e+01 2.524130213190640853e-05 1.949405805812384651e+00 1.120248621514823739e+00 1.697138432651291273e+00 6.440731725404472918e+00
4.966555183946488938e+01 3.681647091032473330e-05 1.952423357380304703e+00 1.080520017798838328e+00 1.698939706042302600e+00 6.375104320652874357e+00
4.996655518394648965e+01 5.442490938933263546e-05 1.955440908948224754e+00 1.041720465466088985e+00 1.700740979433313926e+00 6.290961897400701552e+00
5.026755852842809702e+01 7.825256242839992308e-05 1.958458460516144806e+00 1.003918299948777904e+00 1.702542252824325253e+00 6.186052155883057679e+00
5.056856187290970439e+01 1.073287024778355717e-04 1.961476012084064857e+00 9.673781955949357636e-01 1.704343526215336801e+00 6.061176553260090749e+00
5.086956521739130466e+01 1.398779687595084608e-04 1.964493563651985131e+00 9.322873299970676486e-01 1.706144799606348128e+00 5.919736879323458822e+00
5.117056856187291203e+01 1.741577423359376539e-04 1.967511115219905182e+00 8.985802555726369878e-01 1.707946072997359455e+00 5.766531037417853334e+00
5.147157190635451940e+01 2.096912738417548499e-04 1.970528666787825234e+00 8.659678649924900107e-01 1.709747346388370781e+00 5.606260452824066043e+00
5.177257525083612677e+01 2.484593911772982637e-04 1.973546218355745285e+00 8.341329948098844538e-01 1.711548619779382108e+00 5.442386145553828491e+00
5.207357859531772704e+01 2.951567241570620921e-04 1.976563769923665337e+00 8.029541830745653419e-01 1.713349893170393656e+00 5.276787277337327886e+00
5.237458193979933441e+01 3.557091693442258223e-04 1.979581321491585388e+00 7.726186874019935757e-01 1.715151166561404983e+00 5.110196505457872185e+00
5.267558528428094178e+01 4.344288982464123588e-04 1.982598873059505440e+00 7.435691237211109472e-01 1.716952439952416309e+00 4.942959663448113439e+00
5.297658862876254204e+01 5.317322755501439381e-04 1.985616424627425491e+00 7.163249472595253353e-01 1.718753713343427636e+00 4.775631252084182599e+00
5.327759197324414941e+01 6.444760555998304587e-04 1.988633976195345543e+00 6.912681982949341331e-01 1.720554986734438963e+00 4.609234853711970281e+00
5.357859531772575679e+01 7.689435370391189181e-04 1.991651527763265594e+00 6.684728586599291145e-01 1.722356260125450511e+00 4.445304590276103696e+00
5.387959866220736416e+01 9.041260489163786482e-04 1.994669079331185646e+00 6.476236522542657692e-01 1.724157533516461838e+00 4.285801665410698291e+00
5.418060200668896442e+01 1.052772839684631935e-03 1.997686630899105698e+00 6.280464223235758814e-01 1.725958806907473164e+00 4.132824619003439892e+00
5.448160535117057179e+01 1.219949146427805765e-03 2.000704182467025749e+00 6.088570275845395230e-01 1.727760080298484713e+00 3.988056138206628631e+00
5.478260869565217916e+01 1.411093042478097194e-03 2.003721734034945801e+00 5.892061982832503819e-01 1.729561353689496039e+00 3.852165050105689215e+00
5.508361204013378654e+01 1.631613844510296186e-03 2.006739285602865852e+00 5.685492459402736731e-01 1.731362627080507366e+00 3.724571890817193864e+00
5.538461538461538680e+01 1.888269138714509642e-03 2.009756837170785904e+00 5.468330502573985896e-01 1.733163900471518692e+00 3.603803322998599068e+00
5.568561872909699417e+01 2.190764658928493359e-03 2.012774388738705955e+00 5.245087078130148406e-01 1.734965173862530019e+00 3.488241839798227772e+00
5.598662207357860154e+01 2.551505880219870435e-03 2.015791940306626007e+00 5.023530321095052154e-01 1.736766447253541568e+00 3.376809779309285720e+00
5.628762541806020181e+01 2.982368936607550196e-03 2.018809491874546058e+00 4.811749636227749538e-01 1.738567720644552894e+00 3.269199265770922569e+00
5.658862876254180918e+01 3.489438685516342131e-03 2.021827043442466110e+00 4.615369044161956591e-01 1.740368994035564221e+00 3.165531414075789307e+00
5.688963210702341655e+01 4.068900388870208031e-03 2.024844595010386161e+00 4.436068992301202552e-01 1.742170267426575547e+00 3.065597287424195017e+00
5.719063545150502392e+01 4.707724968155246881e-03 2.027862146578306213e+00 4.271904086914454224e-01 1.743971540817586874e+00 2.968047983770166987e+00
5.749163879598662419e+01 5.390047728130203074e-03 2.030879698146226264e+00 4.119095943113932901e-01 1.745772814208598422e+00 2.870043495065221162e+00
5.779264214046823156e+01 6.105644621069448823e-03 2.033897249714146316e+00 3.974386834179947092e-01 1.747574087599609749e+00 2.767792403625082720e+00
5.809364548494983893e+01 6.854643305364027141e-03 2.036914801282066367e+00 3.836850120921283525e-01 1.749375360990621076e+00 2.657978694810720466e+00
5.839464882943143920e+01 7.645291250079760091e-03 2.039932352849986419e+00 3.708323964076132850e-01 1.751176634381632624e+00 2.539441381027646827e+00
5.869565217391304657e+01 8.487256969479136173e-03 2.042949904417906470e+00 3.592290749914263670e-01 1.752977907772643729e+00 2.414116947799541446e+00
5.899665551839465394e+01 9.386219719830869723e-03 2.045967455985826522e+00 3.491802815569338136e-01 1.754779181163655277e+00 2.286552452380250511e+00
5.929765886287626131e+01 1.034312422288066920e-02 2.048985007553746573e+00 3.407549687404303196e-01 1.756580454554666604e+00 2.162134542630709699e+00
5.959866220735786158e+01 1.135596433847925642e-02 2.052002559121666625e+00 3.337061964892712451e-01 1.758381727945677930e+00 2.044982721589613472e+00
5.989966555183946895e+01 1.241928522375669933e-02 2.055020110689586677e+00 3.275392599083811196e-01 1.760183001336689479e+00 1.936645451781288996e+00
6.020066889632107632e+01 1.351989412058401084e-02 2.058037662257506728e+00 3.216812000121004322e-01 1.761984274727700805e+00 1.836195443347689915e+00
6.050167224080267658e+01 1.463328025396598911e-02 2.061055213825426780e+00 3.156587601957031031e-01 1.763785548118712132e+00 1.741460792366967381e+00
6.080267558528428395e+01 1.572735568539833720e-02 2.064072765393346831e+00 3.092023789043825133e-01 1.765586821509723459e+00 1.650550166786133977e+00
6.110367892976589133e+01 1.677515881903669792e-02 2.067090316961266883e+00 3.022464728985274074e-01 1.767388094900734785e+00 1.562847597963106461e+00
6.140468227424749870e+01 1.777003284113770620e-02 2.070107868529186934e+00 2.948533327357362732e-01 1.769189368291746334e+00 1.479107554267212077e+00
6.170568561872909896e+01 1.873304574306192474e-02 2.073125420097106986e+00 2.871168542999850692e-01 1.770990641682757660e+00 1.400773020857037032e+00
6.200668896321070633e+01 1.970672167097923394e-02 2.076142971665027037e+00 2.790945298603580427e-01 1.772791915073768987e+00 1.328912337225443885e+00
6.230769230769231370e+01 2.073773379621807883e-02 2.079160523232947089e+00 2.707862719310172861e-01 1.774593188464780313e+00 1.263251121084441930e+00
6.260869565217392108e+01 2.185715752367125425e-02 2.082178074800867140e+00 2.621494409698203465e-01 1.776394461855791640e+00 1.201764705808464173e+00
6.290969899665552134e+01 2.306700218493077173e-02 2.085195626368787636e+00 2.531262281147745874e-01 1.778195735246803189e+00 1.141148087471109962e+00
6.321070234113712871e+01 2.433816432697064741e-02 2.088213177936707687e+00 2.436644783402753811e-01 1.779997008637814515e+00 1.078092307139066897e+00
6.351170568561873608e+01 2.562088482520408217e-02 2.091230729504627739e+00 2.337281828877541545e-01 1.781798282028825842e+00 1.010785489374783852e+00
6.381270903010033635e+01 2.686452661052661853e-02 2.094248281072547790e+00 2.233070742064819647e-01 1.783599555419837390e+00 9.397977280238006825e-01
6.411371237458195083e+01 2.803802887274672861e-02 2.097265832640467842e+00 2.124357709959031060e-01 1.785400828810848717e+00 8.677970106418428919e-01
6.441471571906355109e+01 2.913877694811961225e-02 2.100283384208387893e+00 2.012199136553292078e-01 1.787202102201860043e+00 7.982456695739637009e-01
6.471571906354515136e+01 3.018253200622096968e-02 2.103300935776307945e+00 1.898498647673086959e-01 1.789003375592871370e+00 7.338419558686194444e-01
6.501672240802676583e+01 3.118098358030567396e-02 2.106318487344227997e+00 1.785784060998064915e-01 1.790804648983882696e+00 6.755609996125799821e-01
6.531772575250836610e+01 3.212473579375136473e-02 2.109336038912148048e+00 1.676564584620660603e-01 1.792605922374894245e+00 6.227017249136245214e-01
6.561872909698996637e+01 3.298542831919109436e-02 2.112353590480068100e+00 1.572510435198841983e-01 1.794407195765905572e+00 5.737332731835401711e-01
6.591973244147158084e+01 3.373385036294665462e-02 2.115371142047988151e+00 1.473899492571320302e-01 1.796208469156916898e+00 5.273640675007922329e-01
6.622073578595318111e+01 3.435755328888494969e-02 2.118388693615908203e+00 1.379698365336388122e-01 1.798009742547928225e+00 4.832775160564693473e-01
6.652173913043478137e+01 3.486358936733355979e-02 2.121406245183828254e+00 1.288307395912990649e-01 1.799811015938939551e+00 4.422613403789614206e-01
6.682274247491639585e+01 3.526639200357244847e-02 2.124423796751748306e+00 1.198610792904604705e-01 1.801612289329951100e+00 4.057782626251852931e-01
6.712374581939799612e+01 3.557419718327736735e-02 2.127441348319668357e+00 1.110780550415278595e-01 1.803413562720962426e+00 3.752355962599812078e-01
6.742474916387959638e+01 3.578787471646417001e-02 2.130458899887588409e+00 1.026402740399399438e-01 1.805214836111973753e+00 3.512768903874088355e-01
6.772575250836121086e+01 3.591269509763219542e-02 2.133476451455508460e+00 9.478543042858834922e-02 1.807016109502985080e+00 3.333685301759578556e-01
6.802675585284281112e+01 3.596940484061175031e-02 2.136494003023428512e+00 8.772540272654132110e-02 1.808817382893996406e+00 3.198251668769365730e-01
6.832775919732442560e+01 3.599160072677749095e-02 2.139511554591348563e+00 8.155261269399659285e-02 1.810618656285007955e+00 3.082487233141897320e-01
6.862876254180602587e+01 3.601153714111741955e-02 2.142529106159268615e+00 7.620331754151153658e-02 1.812419929676019281e+00 2.962013793478733281e-01
6.892976588628762613e+01 3.604887635462442064e-02 2.145546657727188666e+00 7.149084789782986227e-02 1.814221203067030608e+00 2.818562846594249161e-01
6.923076923076924061e+01 3.611310190650187518e-02 2.148564209295108718e+00 6.718433859507939865e-02 1.816022476458042156e+00 2.644032541998175834e-01
6.953177257525084087e+01 3.621596927144487416e-02 2.151581760863028769e+00 6.308857348735280590e-02 1.817823749849053483e+00 2.441044945931367116e-01
6.983277591973244114e+01 3.638062075788815741e-02 2.154599312430948821e+00 5.908826533443178181e-02 1.819625023240064809e+00 2.220324091581400150e-01
7.013377926421405562e+01 3.663656852709049755e-02 2.157616863998868872e+00 5.514674117615270266e-02 1.821426296631076136e+00 1.996208098558200639e-01
7.043478260869565588e+01 3.700117768710311367e-02 2.160634415566788924e+00 5.127496355853222720e-02 1.823227570022087463e+00 1.781998825774053496e-01
7.073578595317725615e+01 3.745984307030597593e-02 2.163651967134708975e+00 4.749685979908262884e-02 1.825028843413099011e+00 1.586665117294701888e-01
7.103678929765887062e+01 3.796023053982078288e-02 2.166669518702629027e+00 4.382981306777553737e-02 1.826830116804110338e+00 1.413763605137938473e-01
7.133779264214047089e+01 3.842742702879231587e-02 2.169687070270549079e+00 4.028458808372164385e-02 1.828631390195121664e+00 1.262516049852419331e-01
7.163879598662208537e+01 3.879252503026889981e-02 2.172704621838469130e+00 3.687735692473770310e-02 1.830432663586132991e+00 1.130109588897899309e-01
7.193979933110368563e+01 3.901864993804591425e-02 2.175722173406389182e+00 3.364210620143861380e-02 1.832233936977144317e+00 1.013864593966105898e-01
7.224080267558528590e+01 3.911224470038941747e-02 2.178739724974309233e+00 3.063337071493851468e-02 1.834035210368155866e+00 9.122040727699391727e-02
7.254180602006690037e+01 3.911831971100355326e-02 2.181757276542229285e+00 2.791464648678475269e-02 1.835836483759167193e+00 8.242394773168792987e-02
7.284280936454850064e+01 3.910518105765684732e-02 2.184774828110149336e+00 2.553540985412669842e-02 1.837637757150178519e+00 7.487170096279061049e-02
7.314381270903010090e+01 3.914266953826335549e-02 2.187792379678069388e+00 2.350704797746816857e-02 1.839439030541189846e+00 6.833940911521219075e-02
7.344481605351171538e+01 3.927578545136780480e-02 2.190809931245989439e+00 2.179101811754639850e-02 1.841240303932201172e+00 6.254029015140943892e-02
7.374581939799331565e+01 3.950097487399861079e-02 2.193827482813909491e+00 2.030770023584756862e-02 1.843041577323212721e+00 5.722535307642703101e-02
7.404682274247491591e+01 3.976027907913128046e-02 2.196845034381829542e+00 1.896303848603203557e-02 1.844842850714224047e+00 5.226178165778720686e-02
7.434782608695653039e+01 3.996480722270424196e-02 2.199862585949749594e+00 1.767929492718954901e-02 1.846644124105235374e+00 4.763272858225324480e-02
7.464882943143813065e+01 4.003970105229386067e-02 2.202880137517669645e+00 1.641410244607833385e-02 1.848445397496246922e+00 4.337611653667879791e-02
7.494983277591973092e+01 3.996332553520633851e-02 2.205897689085589697e+00 1.516043044440149208e-02 1.850246670887258249e+00 3.952412149901606692e-02
7.525083612040134540e+01 3.977372948438527567e-02 2.208915240653509748e+00 1.393252348116884483e-02 1.852047944278269576e+00 3.608189320162566438e-02
7.555183946488294566e+01 3.953832203241844367e-02 2.211932792221429800e+00 1.274973235498697531e-02 1.853849217669280902e+00 3.303094357225024036e-02
7.585284280936456014e+01 3.930986143856590731e-02 2.214950343789349851e+00 1.162720382470438379e-02 1.855650491060292229e+00 3.032390063474707520e-02
7.615384615384616041e+01 3.910043368726010687e-02 2.217967895357269903e+00 1.057406729756855783e-02 1.857451764451303777e+00 2.786865922292828396e-02
7.645484949832776067e+01 3.888832546208648849e-02 2.220985446925189954e+00 9.594184219194725263e-03 1.859253037842315104e+00 2.553384576690232582e-02
7.675585284280937515e+01 3.864571692030677880e-02 2.224002998493110006e+00 8.685652266794510398e-03 1.861054311233326430e+00 2.319598228901074283e-02
7.705685618729097541e+01 3.836157319273149346e-02 2.227020550061030058e+00 7.839978342854490509e-03 1.862855584624337757e+00 2.080320127572145641e-02
7.735785953177257568e+01 3.804441410737505191e-02 2.230038101628950109e+00 7.044298041639179137e-03 1.864656858015349084e+00 1.840511746699842466e-02
7.765886287625419016e+01 3.771085904268180883e-02 2.233055653196870161e+00 6.287819229990303758e-03 1.866458131406360632e+00 1.612345733582874752e-02
7.795986622073579042e+01 3.737556250520347734e-02 2.236073204764790212e+00 5.569564958688882558e-03 1.868259404797371959e+00 1.408634008404120209e-02
7.826086956521739069e+01 3.704934131509696194e-02 2.239090756332710264e+00 4.902762359257087366e-03 1.870060678188383285e+00 1.237261163832914859e-02
7.856187290969900516e+01 3.673965084386724561e-02 2.242108307900630315e+00 4.313233815710713036e-03 1.871861951579394612e+00 1.099501150070382287e-02
7.886287625418060543e+01 3.644705914875177172e-02 2.245125859468550367e+00 3.832631163602530800e-03 1.873663224970405938e+00 9.916783734583373491e-03
7.916387959866221991e+01 3.616050443178096124e-02 2.248143411036470418e+00 3.489333644281206789e-03 1.875464498361417487e+00 9.077588084916021413e-03
7.946488294314382017e+01 3.585876610308399992e-02 2.251160962604390470e+00 3.299527137170780392e-03 1.877265771752428813e+00 8.410089415482704597e-03
7.976588628762542044e+01 3.552033091622371075e-02 2.254178514172310521e+00 3.259926527785169965e-03 1.879067045143440140e+00 7.844973341672599812e-03
8.006688963210703491e+01 3.513614761256954322e-02 2.257196065740230573e+00 3.343475949766443710e-03 1.880868318534451689e+00 7.313108749374884650e-03
8.036789297658863518e+01 3.471677744494183065e-02 2.260213617308150624e+00 3.500124531079826674e-03 1.882669591925463015e+00 6.753337676162210305e-03
8.066889632107023544e+01 3.428751352191111712e-02 2.263231168876070676e+00 3.664809577271120437e-03 1.884470865316474342e+00 6.126800855891663920e-03
8.096989966555184992e+01 3.387177223260948861e-02 2.266248720443990727e+00 3.772639130868827434e-03 1.886272138707485668e+00 5.430834056022201470e-03
8.127090301003345019e+01 3.347380222357619617e-02 2.269266272011910779e+00 3.777362549544129641e-03 1.888073412098496995e+00 4.702810858671331064e-03
8.157190635451505045e+01 3.307776060367940973e-02 2.272283823579830830e+00 3.665959590408771236e-03 1.889874685489508543e+00 4.008685253075017219e-03
8.187290969899666493e+01 3.266936281748593351e-02 2.275301375147750882e+00 3.462313205239482810e-03 1.891675958880519870e+00 3.419548181033001642e-03
8.217391304347826519e+01 3.226279439123058007e-02 2.278318926715670933e+00 3.217272017349065948e-03 1.893477232271531197e+00 2.986154563671927255e-03
8.247491638795986546e+01 3.190398604150571776e-02 2.281336478283590985e+00 2.988825586889404771e-03 1.895278505662542523e+00 2.721496527367024514e-03
8.277591973244147994e+01 3.163977956671128883e-02 2.284354029851511036e+00 2.820833331353124647e-03 1.897079779053553850e+00 2.596281016142283019e-03
8.307692307692308020e+01 3.147617724731960331e-02 2.287371581419431088e+00 2.729024415185983717e-03 1.898881052444565398e+00 2.546987077215861865e-03
8.337792642140469468e+01 3.136268859117961882e-02 2.290389132987351584e+00 2.698968972284009320e-03 1.900682325835576725e+00 2.494104789009808469e-03
8.367892976588629494e+01 3.121810801595215415e-02 2.293406684555271635e+00 2.695047461224296930e-03 1.902483599226588051e+00 2.366852090477196066e-03
8.397993311036789521e+01 3.097757867441136570e-02 2.296424236123191687e+00 2.675199092841948172e-03 1.904284872617599600e+00 2.127194341141443439e-03
8.428093645484950969e+01 3.062547309759390546e-02 2.299441787691111738e+00 2.605078060732660041e-03 1.906086146008610704e+00 1.782840217365508784e-03
8.458193979933110995e+01 3.019404749086998518e-02 2.302459339259031790e+00 2.466937278012080147e-03 1.907887419399622253e+00 1.381807622448313032e-03
8.488294314381271022e+01 2.973559118878446247e-02 2.305476890826951841e+00 2.261620196770104327e-03 1.909688692790633580e+00 9.908885727714911423e-04
8.518394648829432469e+01 2.929176585278189110e-02 2.308494442394871893e+00 2.004827724653996789e-03 1.911489966181644906e+00 6.696876476356464734e-04
8.548494983277592496e+01 2.887949636411072177e-02 2.311511993962791944e+00 1.720317578406855901e-03 1.913291239572656455e+00 4.528921961311901056e-04
8.578595317725752523e+01 2.849678843084884131e-02 2.314529545530711996e+00 1.432777581933354031e-03 1.915092512963667559e+00 3.459194929997099909e-04
8.608695652173913970e+01 2.813851930856934441e-02 2.317547097098632047e+00 1.162341671871075163e-03 1.916893786354679108e+00 3.304714695988706275e-04
8.638795986622073997e+01 2.780960021148636344e-02 2.320564648666552099e+00 9.217272493004887877e-04 1.918695059745690434e+00 3.736090077465338360e-04
8.668896321070235444e+01 2.752838558896926816e-02 2.323582200234472150e+00 7.160809516744273207e-04 1.920496333136701761e+00 4.367381165714479072e-04
8.698996655518395471e+01 2.731967520252109524e-02 2.326599751802392202e+00 5.448722266032503345e-04 1.922297606527713310e+00 4.842978047694043438e-04
8.729096989966555498e+01 2.720116392111581946e-02 2.329617303370312253e+00 4.046544065768782898e-04 1.924098879918724636e+00 4.920564896479839899e-04
8.759197324414716945e+01 2.717091123751095433e-02 2.332634854938232305e+00 2.914386500399235649e-04 1.925900153309735963e+00 4.527179943564526416e-04
8.789297658862876972e+01 2.720484474784141959e-02 2.335652406506152357e+00 2.018988549295070681e-04 1.927701426700747511e+00 3.757694026987425432e-04
8.819397993311036998e+01 2.726811439406996024e-02 2.338669958074072408e+00 1.333962776338850199e-04 1.929502700091758616e+00 2.810501913368824555e-04
8.849498327759198446e+01 2.733324754358485917e-02 2.341687509641992460e+00 8.340699511039475524e-05 1.931303973482770164e+00 1.893454187872987548e-04
8.879598662207358473e+01 2.739101090694003732e-02 2.344705061209912511e+00 4.903512260639701371e-05 1.933105246873781491e+00 1.148904445852929300e-04
8.909698996655518499e+01 2.744536591367729983e-02 2.347722612777832563e+00 2.696964271128955622e-05 1.934906520264792817e+00 6.278493304526008693e-05
8.939799331103679947e+01 2.749845892908310552e-02 2.350740164345752614e+00 1.382544111768020534e-05 1.936707793655804366e+00 3.090042248208386879e-05
8.969899665551839973e+01 2.754103795904009472e-02 2.353757715913672666e+00 6.587796966772865956e-06 1.938509067046815471e+00 1.369649024491280997e-05
9.000000000000000000e+01 2.755774608362074676e-02 2.356775267481592717e+00 2.912198998558955992e-06 1.940310340437827019e+00 5.467509769942435039e-06
